# Project Zomboid Mesh
# File Version:
1.00000000
# Model Name:
Vehicles_SmallCar
# Vertex Stride Element Count:
3
# Vertex Stride Size (in bytes):
76
# Vertex Stride Data:
# (Int)    Offset
# (String) Type
0
VertexArray
12
NormalArray
24
TextureCoordArray
# Vertex Count:
623
# Vertex Buffer:
0.39712300, -0.28041500, 0.97870800
0.00213958, -0.99948690, 0.03195972
0.62279430, 0.97671870
0.20254000, -0.28740400, 0.77316700
0.00117859, -0.99331620, 0.11541870
0.56191120, 0.92202780
0.39712300, -0.28740400, 0.77316700
0.00000010, -0.99942240, 0.03398295
0.56191120, 0.97671870
0.00000000, -0.28041500, 1.02931300
0.00000000, -0.99958190, 0.02891410
0.63778390, 0.85985640
0.41359000, -0.01096100, 0.91388200
0.61121980, 0.68796160, 0.39130460
0.61739200, 0.70776140
0.00000000, 0.06193200, 0.70539000
0.00000005, 0.97941500, 0.20185710
0.55429950, 0.58821320
0.00000000, -0.01096100, 0.96448700
0.00000006, 0.84157900, 0.54013410
0.63270560, 0.58821320
0.41722600, 0.06193200, 0.65478600
0.63815920, 0.75552750, 0.14809150
0.53898590, 0.70881250
0.39712300, -0.28041500, 0.97870800
0.72715220, -0.39269880, 0.56306070
0.67950330, 0.81059540
0.00000000, -0.14763300, 1.08581500
0.00000008, 0.25151900, 0.96785240
0.82031250, 0.76562500
0.00000000, -0.28041500, 1.02931300
0.00000000, -0.39154880, 0.92015730
0.82031250, 0.81054690
0.40634600, -0.14763300, 1.03521000
0.50549600, 0.19580370, 0.84031830
0.67622320, 0.76480130
0.20254000, -0.28740400, 0.77316700
0.03980570, -0.28562440, -0.95751460
0.56191120, 0.92202780
0.44197800, -0.14763300, 0.74142800
0.01444163, -0.52507290, -0.85093470
0.55250960, 0.98991850
0.39712300, -0.28740400, 0.77316700
0.00000002, -0.22144410, -0.97517310
0.56191120, 0.97671870
0.20254000, -0.12684500, 0.71912700
0.03654625, -0.67532490, -0.73661430
0.54590390, 0.92202780
0.39712300, -0.28740400, 0.77316700
0.95812340, -0.28500390, 0.02778981
0.59770440, 0.44634310
0.43273800, -0.14763300, 0.97870800
0.96669690, -0.00124867, 0.25592110
0.66416710, 0.39913800
0.39712300, -0.28041500, 0.97870800
0.72715220, -0.39269880, 0.56306070
0.66416710, 0.44398270
0.44197800, -0.14763300, 0.74142800
0.99741200, -0.03618372, 0.06213015
0.58744110, 0.39913800
0.40634600, -0.14763300, 1.03521000
0.50549600, 0.19580370, 0.84031830
0.68243740, 0.39913800
0.44197800, -0.10605600, 0.69682600
0.02670765, -0.85796280, -0.51301700
0.53929810, 0.98991850
0.41625900, -0.10605600, 0.97870800
0.43559300, 0.40408060, 0.80434920
0.66416710, 0.38509630
0.00000000, -0.10605600, 1.02931300
0.00000006, 0.80481660, 0.59352360
0.82075440, 0.75140830
0.41625900, -0.10605600, 0.97870800
0.43559300, 0.40408060, 0.80434920
0.67269700, 0.75140830
0.00000000, -0.07041500, 1.01866500
-0.00000020, 0.48497890, 0.87452580
0.82031250, 0.73828130
0.00000000, -0.10605600, 1.02931300
-0.00000044, 0.28625400, 0.95815380
0.82075440, 0.75140830
0.41750400, -0.07041500, 0.96806000
0.60097390, 0.43454090, 0.67082380
0.67225430, 0.73930950
0.44197800, -0.07041500, 0.60160900
0.01765683, -0.99894700, -0.04234687
0.51109390, 0.98991850
0.20254000, -0.07041500, 0.60160900
0.01760997, -0.99901610, -0.04070269
0.51109390, 0.92202780
0.00000000, -0.01096100, 0.96448700
0.00000006, 0.84157900, 0.54013410
0.82075440, 0.71912780
0.41359000, -0.01096100, 0.91388200
0.61121980, 0.68796160, 0.39130460
0.67364650, 0.71912780
0.44197800, -0.14027300, -0.51853800
0.09088322, -0.54288470, -0.83487510
0.17929560, 0.98991860
0.26842600, -0.33939500, -0.48365000
0.14026660, -0.27252410, -0.95186970
0.18962960, 0.93884670
0.26842600, -0.11261900, -0.55397800
0.14788820, -0.78201200, -0.60546370
0.16879800, 0.93884670
0.42673900, -0.24789800, -0.48506200
0.15091490, -0.27576410, -0.94930440
0.18921150, 0.98543380
0.44197800, -0.10605700, 0.48708500
0.00866619, -0.86023190, 0.50982940
0.47717080, 0.98991850
0.20254000, -0.12684600, 0.46565600
0.06147426, -0.67219950, 0.73781350
0.47082330, 0.92202780
0.44197800, -0.07041500, 0.60160900
0.98791320, 0.15362700, 0.02064657
0.54223010, 0.37305900
0.41722600, 0.08619000, 0.42457000
0.83170280, 0.54780310, 0.09045583
0.50900950, 0.32016890
0.41722600, 0.06193200, 0.65478600
0.63815920, 0.75552750, 0.14809150
0.55942510, 0.32836160
0.44197800, -0.10605700, 0.48708500
0.99553770, 0.08925818, -0.03062078
0.50519790, 0.38509670
0.00000000, 0.08619000, 0.50511900
0.00000002, 0.99330400, 0.11552990
0.50711790, 0.58821320
0.41722600, 0.08619000, 0.42457000
0.83170280, 0.54780310, 0.09045583
0.49180420, 0.70881250
0.44197800, -0.14763500, 0.44422700
0.02954861, -0.53196700, 0.84624930
0.46447590, 0.98991850
0.42673900, 0.06787800, 0.36060600
0.98994800, 0.12772650, 0.06073654
0.46430040, 0.32635350
0.44197800, -0.14763500, 0.44422700
0.99783370, 0.06103292, -0.02455180
0.49133980, 0.39913860
0.39712300, -0.28740100, 0.40224900
0.07240821, -0.28921050, 0.95452310
0.45204140, 0.97671870
0.20254000, -0.35019900, 0.40224900
0.08779615, -0.27204170, 0.95827200
0.45204140, 0.92202780
0.44197800, -0.14763500, 0.36579500
0.99750920, 0.07053638, 0.00000000
0.46597830, 0.39913860
0.42352600, -0.13199000, -1.05535800
0.52478270, 0.50868350, -0.68252780
0.97851560, 0.93164060
0.00000000, -0.25154600, -1.07660100
-0.00000010, -0.61979350, -0.78476490
0.82031250, 0.98046880
0.00000000, -0.13199000, -1.07934900
0.00012896, 0.63594350, -0.77173550
0.82031250, 0.93164060
0.40828600, -0.25154600, -1.05260900
0.46788310, -0.55112400, -0.69090360
0.97265630, 0.98046880
0.39712300, -0.28740100, 0.40224900
0.30713190, -0.95166700, 0.00000000
0.45204140, 0.97671870
0.20254000, -0.35019900, 0.40224900
0.10339150, -0.99449430, 0.01706897
0.45204140, 0.92202780
0.39712300, -0.28740100, 0.34890200
0.30717410, -0.95165330, 0.00016991
0.43623950, 0.97671870
0.44197800, -0.08496600, -0.58941800
0.08875354, -0.94814450, -0.30519640
0.15830040, 0.98991860
0.28730600, 0.32906400, 0.02268300
0.04490665, 0.99854590, 0.02982365
0.34770300, 0.67125890
0.00000000, 0.35276000, -0.33810100
0.00000000, 0.99959400, -0.02849227
0.23852470, 0.58821320
0.00000000, 0.34110300, 0.07328800
0.00000000, 0.99959880, 0.02832350
0.36301670, 0.58821320
0.28730600, 0.34072000, -0.33810100
0.04326621, 0.99865350, -0.02862138
0.23852470, 0.67125890
0.39712300, -0.28760700, -0.32087800
0.38785370, -0.92171070, 0.00435580
0.23784420, 0.97671880
0.39712300, -0.28740100, 0.34890200
0.80008720, -0.59988380, 0.00009211
0.46051570, 0.44634180
0.42673900, -0.24810700, -0.32087500
0.88238770, -0.47052300, -0.00026040
0.24393940, 0.43307130
0.42673900, -0.24790100, 0.34890500
0.87855070, -0.47082810, 0.08043391
0.46051660, 0.43300160
0.39712300, -0.28760700, -0.32087800
0.80008590, -0.59988540, -0.00029147
0.24455080, 0.44578360
0.26842600, -0.33939500, -0.48365000
0.14011240, -0.98849170, -0.05703339
0.18962960, 0.93884670
0.39712300, -0.28739700, -0.48365000
0.37461110, -0.92718120, -0.00119420
0.18962960, 0.97671880
0.42673900, -0.24789800, -0.48506200
0.93331940, -0.35904690, -0.00046120
0.19084890, 0.43300040
0.39712300, -0.28739700, -0.48365000
0.80007330, -0.59990170, -0.00077293
0.19130530, 0.44634060
0.44197800, -0.14027300, -0.51853800
0.99011710, -0.14024270, -0.00017313
0.18002410, 0.39665230
0.44197800, -0.14048200, -0.33900200
0.99011950, -0.14022570, -0.00016371
0.23807800, 0.39672310
0.44197800, -0.14048200, -0.33900200
0.99750920, 0.07053621, 0.00008234
0.23807800, 0.39672310
0.44197800, -0.14027300, -0.51853800
0.99837960, 0.05263801, 0.02162005
0.18002410, 0.39665230
0.42673900, 0.07503000, -0.33900200
0.99731460, 0.07286291, 0.00738657
0.23807810, 0.32393810
0.44197800, -0.08496600, -0.58941800
0.99705450, 0.07556223, 0.01314490
0.15710480, 0.37797350
0.39712300, -0.28739700, -0.48365000
0.02067898, -0.05118225, -0.99847520
0.18962960, 0.97671880
0.44197800, -0.07829100, -0.72094700
0.09198555, -0.97679500, 0.19341740
0.11934000, 0.98991860
0.26842600, -0.10356600, -0.76383300
0.12085960, -0.85162670, 0.51002440
0.10663670, 0.93884670
0.42673900, 0.08579600, -0.72945200
0.99573880, 0.09217071, 0.00297448
0.11132810, 0.32363520
0.44197800, -0.07829100, -0.72094700
0.99684920, 0.07909460, -0.00596604
0.11457400, 0.37571910
0.42673900, 0.09233900, -0.96673700
0.92595520, 0.12766820, -0.35539790
0.03515625, 0.32363520
0.00000000, 0.31393600, -0.77976900
-0.00000017, 0.91022740, -0.41410880
0.10486970, 0.58821320
0.28730600, 0.30189600, -0.75577700
0.43194450, 0.85390390, -0.29029650
0.11212990, 0.67125900
0.44197800, -0.12884000, -0.80671900
-0.00000013, -0.86151740, 0.50772800
0.09393343, 0.98991860
0.44197800, -0.12884000, -0.80671900
0.99835940, 0.05285318, -0.02202518
0.08683898, 0.39279100
0.44197800, -0.12884000, -0.80671900
0.17360170, -0.36199330, 0.91587300
0.09393343, 0.98991860
0.42673900, -0.25432400, -0.85342700
0.10349250, -0.42557890, 0.89898380
0.08009803, 0.98543380
0.26842600, -0.26590300, -0.85342700
0.03532067, -0.48289380, 0.87496630
0.08009803, 0.93884670
0.43963800, -0.12541700, -1.00838200
0.72508450, 0.08703464, -0.68313800
0.02099661, 0.39163510
0.44197800, -0.12884000, -0.80671900
1.00000000, 0.00000000, 0.00000000
0.08683898, 0.39279100
0.26842600, -0.26590300, -0.85342700
0.01178094, -0.99577130, -0.09110750
0.08009803, 0.93884670
0.42439900, -0.26474000, -0.99626000
0.03776572, -0.99873810, 0.03310737
0.03778955, 0.98474530
0.42673900, -0.25432400, -0.85342700
0.07276292, -0.99479340, 0.07135634
0.08009803, 0.98543380
0.00000000, -0.26474000, -1.02025200
0.00000000, -0.99997410, -0.00720187
0.03068294, 0.85985650
0.43963800, -0.12541700, -1.00838200
0.94038870, 0.26842450, -0.20884780
0.02099661, 0.39163510
0.42673900, -0.25432400, -0.85342700
0.99350260, -0.11322790, -0.01149064
0.07173574, 0.43517070
0.42439900, -0.26474000, -0.99626000
0.85643080, -0.47133000, -0.21065220
0.02555002, 0.43868870
0.44197800, -0.12884000, -0.80671900
0.99320430, -0.11559970, -0.01348856
0.08683898, 0.39279100
0.41722600, 0.08619000, 0.42457000
0.46354530, 0.81361650, 0.35093300
0.49180420, 0.70881250
0.00000000, 0.34110300, 0.07328800
0.00000008, 0.86762450, 0.49721990
0.36301670, 0.58821320
0.00000000, 0.08619000, 0.50511900
0.00000009, 0.86115290, 0.50834600
0.50711790, 0.58821320
0.28730600, 0.32906400, 0.02268300
0.17631270, 0.86664020, 0.46674260
0.34770300, 0.67125890
0.00000000, 0.09153800, -1.02351600
-0.00000028, 0.42626290, -0.90459930
0.03110858, 0.58821320
0.39328400, 0.09153800, -0.99952400
0.33553860, 0.45134850, -0.82686060
0.03836890, 0.70189210
0.39328400, 0.09153800, -0.99952400
0.33553860, 0.45134850, -0.82686060
0.02539063, 0.32363520
0.28730600, 0.30189600, -0.75577700
0.43194450, 0.85390390, -0.29029650
0.10331140, 0.24731820
0.42673900, 0.09233900, -0.96673700
0.60804810, 0.72660240, -0.31988500
0.03515625, 0.32363520
0.42673900, 0.08579600, -0.72945200
0.85087440, 0.52532430, -0.00686840
0.11132810, 0.32363520
0.42673900, 0.06787800, 0.36060600
0.88358410, 0.46826490, -0.00265383
0.46430040, 0.32635350
0.28730600, 0.32906400, 0.02268300
0.17631270, 0.86664020, 0.46674260
0.35503110, 0.23814290
0.41722600, 0.08619000, 0.42457000
0.46354530, 0.81361650, 0.35093300
0.50900950, 0.32016890
0.28730600, 0.34072000, -0.33810100
0.87023820, 0.49251360, -0.01076667
0.23836950, 0.23420610
0.42673900, 0.07503000, -0.33900200
0.88541760, 0.46461980, 0.01281143
0.23807810, 0.32393810
0.42352600, -0.13199000, -1.05535800
0.52478270, 0.50868350, -0.68252780
0.00644040, 0.39385480
0.41207000, -0.12541700, -1.00988700
0.00770272, 0.98995820, -0.14115080
0.02099661, 0.39163510
0.00000000, -0.26474000, -1.02025200
0.00000000, -0.97359530, -0.22828080
0.82031250, 0.98437500
0.42439900, -0.26474000, -0.99626000
0.85643080, -0.47133000, -0.21065220
0.97851560, 0.98437500
0.40828600, -0.25154600, -1.05260900
0.46788310, -0.55112400, -0.69090360
0.00732920, 0.43423270
0.44197800, -0.14763500, 0.36579500
0.98864610, -0.15026280, 0.00000000
0.46597830, 0.39913860
0.44197800, -0.14763500, 0.44422700
0.96847000, -0.23243640, 0.08966138
0.49133980, 0.39913860
0.39712300, -0.28740100, 0.40224900
0.87522740, -0.46178950, 0.14397020
0.47776590, 0.44634180
-0.20254000, -0.28740400, 0.77316700
-0.00117859, -0.99331620, 0.11541870
0.56191120, 0.79768500
-0.20254000, -0.34150800, 0.58975900
0.00000000, -0.98615670, 0.16581600
0.50758370, 0.79768500
-0.20254000, -0.35019900, 0.40224900
-0.10339210, -0.99449430, 0.01706458
0.45204140, 0.79768500
0.20254000, -0.34150800, 0.58975900
0.00000000, -0.98615670, 0.16581610
0.50758370, 0.92202780
-0.26842600, -0.32266500, -0.66799500
-0.00000289, -0.98128550, -0.19255870
0.13502490, 0.78086640
-0.26842600, -0.26590300, -0.85342700
-0.01178100, -0.99577130, -0.09110758
0.08009803, 0.78086640
0.26842600, -0.32266500, -0.66799500
-0.00000003, -0.98128390, -0.19256670
0.13502490, 0.93884670
0.20254000, -0.35019900, 0.40224900
1.00000000, 0.00000003, -0.00000010
0.45204140, 0.92202780
0.20254000, -0.12684600, 0.46565600
1.00000000, 0.00000001, -0.00000013
0.47082330, 0.92202780
0.20254000, -0.34150800, 0.58975900
1.00000000, 0.00000003, -0.00000010
0.50758370, 0.92202780
0.20254000, -0.07041500, 0.60160900
1.00000000, 0.00000000, -0.00000007
0.51109390, 0.92202780
0.20254000, -0.12684500, 0.71912700
1.00000000, 0.00000003, -0.00000005
0.54590390, 0.92202780
0.20254000, -0.28740400, 0.77316700
1.00000000, 0.00000008, -0.00000013
0.56191120, 0.92202780
0.26842600, -0.26590300, -0.85342700
1.00000000, 0.00000005, -0.00000009
0.08009803, 0.93884670
0.26842600, -0.10356600, -0.76383300
1.00000000, 0.00000005, -0.00000009
0.10663670, 0.93884670
0.26842600, -0.32266500, -0.66799500
1.00000000, 0.00000007, -0.00000013
0.13502490, 0.93884670
0.26842600, -0.11261900, -0.55397800
1.00000000, 0.00000007, -0.00000013
0.16879800, 0.93884670
0.26842600, -0.33939500, -0.48365000
1.00000000, 0.00000011, -0.00000020
0.18962960, 0.93884670
-0.26842600, -0.33939100, -0.48365000
-0.14012760, -0.98849380, -0.05695885
0.18962960, 0.78086640
0.25418300, -0.35040500, -0.32087800
0.20366230, -0.97889600, -0.01686075
0.23784420, 0.93465550
-0.39712300, -0.28041500, 0.97870800
-0.00213956, -0.99948690, 0.03195973
0.62279430, 0.74299420
-0.39712300, -0.28740400, 0.77316700
-0.00000007, -0.99942240, 0.03398298
0.56191120, 0.74299420
-0.41359000, -0.01096100, 0.91388200
-0.61243190, 0.68821450, 0.38895760
0.61739200, 0.46866510
-0.41722600, 0.06193200, 0.65478600
-0.63969190, 0.75368040, 0.15086460
0.53898590, 0.46761410
-0.39712300, -0.28041500, 0.97870800
-0.72714910, -0.39270300, 0.56306170
0.96200560, 0.81059540
-0.40634500, -0.14763300, 1.03521000
-0.50549450, 0.19580930, 0.84031780
0.96528560, 0.76480130
-0.20254000, -0.28740400, 0.77316700
-0.03980655, -0.28562420, -0.95751460
0.56191120, 0.79768500
-0.44197800, -0.14763300, 0.74142800
-0.01444241, -0.52507280, -0.85093480
0.55250960, 0.72979460
-0.20254000, -0.12684500, 0.71912700
-0.03654691, -0.67532510, -0.73661410
0.54590390, 0.79768500
-0.39712300, -0.28740400, 0.77316700
-0.00000079, -0.22144390, -0.97517310
0.56191120, 0.74299420
-0.39712300, -0.28740400, 0.77316700
-0.95812270, -0.28500670, 0.02778744
0.59770440, 0.22427040
-0.43273900, -0.14763300, 0.97870800
-0.96669240, -0.00122958, 0.25593790
0.66416710, 0.17706540
-0.44197800, -0.14763300, 0.74142800
-0.99813230, -0.00973141, 0.06030815
0.58744110, 0.17706540
-0.39712300, -0.28041500, 0.97870800
-0.72714910, -0.39270300, 0.56306170
0.66416710, 0.22191010
-0.40634500, -0.14763300, 1.03521000
-0.50549450, 0.19580930, 0.84031780
0.68243740, 0.17706540
-0.44197800, -0.10605600, 0.69682600
-0.02670815, -0.85796280, -0.51301690
0.53929810, 0.72979460
-0.41625600, -0.10605600, 0.97870800
-0.43550900, 0.40409240, 0.80438880
0.66416710, 0.16302370
-0.41625600, -0.10605600, 0.97870800
-0.43550900, 0.40409240, 0.80438880
0.96881070, 0.75140830
-0.41750300, -0.07041500, 0.96806000
-0.60094990, 0.43454330, 0.67084380
0.96875000, 0.73828130
-0.44197800, -0.07041500, 0.60160900
-0.01765692, -0.99894690, -0.04234687
0.51109390, 0.72979460
-0.20254000, -0.07041500, 0.60160900
-0.01761008, -0.99901610, -0.04070251
0.51109390, 0.79768500
-0.41359000, -0.01096100, 0.91388200
-0.61243190, 0.68821450, 0.38895760
0.96786240, 0.71912780
-0.44197800, -0.14027300, -0.51853800
-0.09088179, -0.54288620, -0.83487430
0.17929560, 0.72979470
-0.26842600, -0.33939100, -0.48365000
-0.14026370, -0.27252590, -0.95186960
0.18962960, 0.78086640
-0.42673900, -0.24789800, -0.48506100
-0.15090750, -0.27576200, -0.94930620
0.18921150, 0.73427940
-0.26842600, -0.11261900, -0.55397800
-0.14788780, -0.78201330, -0.60546210
0.16879800, 0.78086640
-0.44197800, -0.10605700, 0.48708500
-0.00866611, -0.86023180, 0.50982950
0.47717080, 0.72979460
-0.20254000, -0.12684600, 0.46565600
-0.06147415, -0.67219950, 0.73781350
0.47082330, 0.79768500
-0.44197800, -0.07041500, 0.60160900
-0.98791320, 0.15362690, 0.02064665
0.54223010, 0.15098630
-0.41722600, 0.08619000, 0.42457000
-0.83170260, 0.54780330, 0.09045614
0.50900950, 0.09809625
-0.44197800, -0.10605700, 0.48708500
-0.99553770, 0.08925837, -0.03062048
0.50519790, 0.16302400
-0.41722600, 0.06193200, 0.65478600
-0.63969190, 0.75368040, 0.15086460
0.55942510, 0.10628900
-0.41722600, 0.08619000, 0.42457000
-0.83170260, 0.54780330, 0.09045614
0.49180420, 0.46761410
-0.44197800, -0.14763500, 0.44422800
-0.02954861, -0.53196700, 0.84624930
0.46447590, 0.72979460
-0.42673900, 0.06787800, 0.36060600
-0.98994790, 0.12772670, 0.06073685
0.46430040, 0.10428090
-0.44197800, -0.14763500, 0.44422800
-0.99783370, 0.06103292, -0.02455181
0.49133980, 0.17706590
-0.39712300, -0.28740100, 0.40224900
-0.07240807, -0.28921060, 0.95452310
0.45204140, 0.74299420
-0.20254000, -0.35019900, 0.40224900
-0.08779586, -0.27204200, 0.95827190
0.45204140, 0.79768500
-0.44197800, -0.14763500, 0.36579500
-0.99750920, 0.07053638, 0.00000000
0.46597830, 0.17706590
-0.42352600, -0.13199000, -1.05535800
-0.52494600, 0.50817730, -0.68277930
0.66210940, 0.93164060
-0.40828700, -0.25154600, -1.05260900
-0.46788390, -0.55112370, -0.69090330
0.66796880, 0.98046880
-0.39712300, -0.28740100, 0.40224900
-0.30713190, -0.95166700, 0.00000000
0.45204140, 0.74299420
-0.39712300, -0.28740100, 0.34890200
-0.30717410, -0.95165330, 0.00016996
0.43623950, 0.74299420
-0.44197800, -0.08496600, -0.58941700
-0.08875372, -0.94814450, -0.30519640
0.15830040, 0.72979470
-0.28730600, 0.32906400, 0.02268400
-0.04490664, 0.99854590, 0.02982366
0.34770300, 0.50516770
-0.28730600, 0.34072000, -0.33810100
-0.04326622, 0.99865350, -0.02862138
0.23852470, 0.50516770
-0.39712300, -0.28760700, -0.32087800
-0.38755600, -0.92183560, 0.00440447
0.23784420, 0.74299420
-0.39712300, -0.28740100, 0.34890200
-0.80008720, -0.59988380, 0.00009222
0.46051570, 0.22426920
-0.42673900, -0.24810700, -0.32087500
-0.88238770, -0.47052300, -0.00025996
0.24393940, 0.21099860
-0.39712300, -0.28760700, -0.32087800
-0.80008590, -0.59988540, -0.00029108
0.24455080, 0.22371100
-0.42673900, -0.24790100, 0.34890500
-0.87855080, -0.47082790, 0.08043403
0.46051660, 0.21092900
-0.39712300, -0.28739700, -0.48365000
-0.37458700, -0.92719100, -0.00119395
0.18962960, 0.74299420
-0.42673900, -0.24789800, -0.48506100
-0.93331940, -0.35904680, -0.00046055
0.19084890, 0.21092770
-0.39712300, -0.28739700, -0.48365000
-0.80007330, -0.59990170, -0.00077237
0.19130530, 0.22426790
-0.44197800, -0.14027300, -0.51853800
-0.99011710, -0.14024260, -0.00017255
0.18002410, 0.17457970
-0.44197800, -0.14048200, -0.33900200
-0.99011950, -0.14022600, -0.00016329
0.23807800, 0.17465040
-0.44197800, -0.14048200, -0.33900200
-0.99750920, 0.07053638, 0.00008278
0.23807800, 0.17465040
-0.42673900, 0.07503000, -0.33900200
-0.99731460, 0.07286303, 0.00738699
0.23807810, 0.10186540
-0.44197800, -0.14027300, -0.51853800
-0.99837960, 0.05263828, 0.02162036
0.18002410, 0.17457970
-0.44197800, -0.08496600, -0.58941700
-0.99705450, 0.07556233, 0.01314533
0.15710480, 0.15590080
-0.39712300, -0.28739700, -0.48365000
-0.02067804, -0.05118154, -0.99847530
0.18962960, 0.74299420
-0.44197800, -0.07829100, -0.72094700
-0.09198561, -0.97679490, 0.19341750
0.11934000, 0.72979470
-0.26842600, -0.10356600, -0.76383300
-0.12085970, -0.85162660, 0.51002450
0.10663670, 0.78086640
-0.42673900, 0.08579600, -0.72945200
-0.99573880, 0.09217071, 0.00297489
0.11132810, 0.10156250
-0.42673900, 0.09233900, -0.96673700
-0.92595110, 0.12766960, -0.35540840
0.03515625, 0.10156250
-0.44197800, -0.07829100, -0.72094700
-0.99684920, 0.07909456, -0.00596566
0.11457400, 0.15364640
-0.28730600, 0.30189600, -0.75577700
-0.43194460, 0.85390390, -0.29029630
0.11212990, 0.50516770
-0.44197800, -0.12884000, -0.80671900
-0.00000009, -0.86151740, 0.50772800
0.09393343, 0.72979470
-0.44197800, -0.12884000, -0.80671900
-0.99835940, 0.05285300, -0.02202495
0.08683898, 0.17071840
-0.42673900, -0.25432400, -0.85342700
-0.10349280, -0.42557830, 0.89898410
0.08009803, 0.73427940
-0.26842600, -0.26590300, -0.85342700
-0.03532064, -0.48289340, 0.87496650
0.08009803, 0.78086640
-0.44197800, -0.12884000, -0.80671900
-0.17360230, -0.36199240, 0.91587320
0.09393343, 0.72979470
-0.43963800, -0.12541700, -1.00838200
-0.88454480, 0.19641610, -0.42308540
0.02163020, 0.16956240
-0.44197800, -0.12884000, -0.80671900
1.00000000, 0.00000000, 0.00000000
0.08683898, 0.17071840
-0.39328300, 0.09153800, -0.99952400
-0.33559140, 0.45176290, -0.82661280
0.67382810, 0.84765630
0.00000000, -0.12541700, -1.03237400
0.00017612, 0.04484667, -0.99899390
0.82031250, 0.93164060
-0.41207000, -0.12541700, -1.01034100
-0.06251501, 0.05510157, -0.99652180
0.66601560, 0.93164060
0.00000000, 0.09153800, -1.02351600
-0.00000028, 0.42626290, -0.90459930
0.82031250, 0.84765630
-0.42439900, -0.26474000, -0.99626000
-0.03776570, -0.99873810, 0.03310735
0.03778955, 0.73496820
-0.42673900, -0.25432400, -0.85342700
-0.07276291, -0.99479340, 0.07135633
0.08009803, 0.73427940
-0.42673900, -0.25432400, -0.85342700
-0.99350260, -0.11322810, -0.01149030
0.07173574, 0.21309800
-0.44197800, -0.12884000, -0.80671900
-0.99320430, -0.11559980, -0.01348820
0.08683898, 0.17071840
-0.42439900, -0.26474000, -0.99626000
-0.85643080, -0.47133040, -0.21065140
0.02555002, 0.21661600
-0.41722600, 0.08619000, 0.42457000
-0.46354500, 0.81361650, 0.35093330
0.49180420, 0.46761410
-0.28730600, 0.32906400, 0.02268400
-0.17631260, 0.86664020, 0.46674260
0.34770300, 0.50516770
-0.39328300, 0.09153800, -0.99952400
-0.33559140, 0.45176290, -0.82661280
0.03836890, 0.47453480
-0.39328300, 0.09153800, -0.99952400
-0.33559140, 0.45176290, -0.82661280
0.02539063, 0.10156250
-0.42673900, 0.09233900, -0.96673700
-0.60804210, 0.72660490, -0.31989080
0.03515625, 0.10156250
-0.28730600, 0.30189600, -0.75577700
-0.43194460, 0.85390390, -0.29029630
0.10331140, 0.02524555
-0.42673900, 0.08579600, -0.72945200
-0.85087440, 0.52532430, -0.00686812
0.11132810, 0.10156250
-0.42673900, 0.06787800, 0.36060600
-0.88358400, 0.46826510, -0.00265330
0.46430040, 0.10428090
-0.41722600, 0.08619000, 0.42457000
-0.46354500, 0.81361650, 0.35093330
0.50900950, 0.09809625
-0.28730600, 0.32906400, 0.02268400
-0.17631260, 0.86664020, 0.46674260
0.35503110, 0.01607025
-0.28730600, 0.34072000, -0.33810100
-0.87023820, 0.49251340, -0.01076631
0.23836950, 0.01213348
-0.42673900, 0.07503000, -0.33900200
-0.88541770, 0.46461960, 0.01281185
0.23807810, 0.10186540
-0.41207000, -0.12541700, -1.01034100
-0.00893757, 0.98981300, -0.14209300
0.66601560, 0.93164060
0.00000000, -0.12541700, -1.03237400
0.00021792, 0.99034120, -0.13865160
0.82031250, 0.93164060
-0.42439900, -0.26474000, -0.99626000
-0.85643080, -0.47133040, -0.21065140
0.66210940, 0.98437500
-0.42352600, -0.13199000, -1.05535800
-0.52494600, 0.50817730, -0.68277930
0.00644040, 0.17178210
-0.40828700, -0.25154600, -1.05260900
-0.46788390, -0.55112370, -0.69090330
0.00732920, 0.21216000
-0.44197800, -0.14763500, 0.36579500
-0.98864610, -0.15026270, 0.00000000
0.46597830, 0.17706590
-0.44197800, -0.14763500, 0.44422800
-0.96847000, -0.23243640, 0.08966142
0.49133980, 0.17706590
-0.39712300, -0.28740100, 0.40224900
-0.87522750, -0.46178950, 0.14397030
0.47776590, 0.22426920
-0.20254000, -0.35019900, 0.40224900
-1.00000000, -0.00000017, 0.00000001
0.45204140, 0.79768500
-0.20254000, -0.34150800, 0.58975900
-1.00000000, -0.00000009, 0.00000009
0.50758370, 0.79768500
-0.20254000, -0.12684600, 0.46565600
-1.00000000, -0.00000007, 0.00000019
0.47082330, 0.79768500
-0.20254000, -0.07041500, 0.60160900
-1.00000000, -0.00000001, 0.00000014
0.51109390, 0.79768500
-0.20254000, -0.12684500, 0.71912700
-1.00000000, -0.00000003, 0.00000005
0.54590390, 0.79768500
-0.20254000, -0.28740400, 0.77316700
-1.00000000, -0.00000008, 0.00000013
0.56191120, 0.79768500
-0.26842600, -0.26590300, -0.85342700
-1.00000000, 0.00000000, 0.00000000
0.08009803, 0.78086640
-0.26842600, -0.32266500, -0.66799500
-1.00000000, -0.00000004, 0.00000019
0.13502490, 0.78086640
-0.26842600, -0.10356600, -0.76383300
-1.00000000, 0.00000002, 0.00000005
0.10663670, 0.78086640
-0.26842600, -0.11261900, -0.55397800
-1.00000000, -0.00000003, 0.00000022
0.16879800, 0.78086640
-0.26842600, -0.33939100, -0.48365000
-1.00000000, -0.00000013, 0.00000040
0.18962960, 0.78086640
0.44197800, -0.10605600, 0.69682600
0.98796420, 0.13849620, 0.06888868
0.57301900, 0.38509630
0.41359000, -0.01096100, 0.91388200
0.61121980, 0.68796160, 0.39130460
0.64320520, 0.35297980
0.41750400, -0.07041500, 0.96806000
0.60097390, 0.43454090, 0.67082380
0.66072390, 0.37305900
-0.44197800, -0.10605600, 0.69682600
-0.97352380, 0.17901570, 0.14214360
0.57301900, 0.16302370
-0.41359000, -0.01096100, 0.91388200
-0.61243190, 0.68821450, 0.38895760
0.64320520, 0.13090720
-0.41750300, -0.07041500, 0.96806000
-0.60094990, 0.43454330, 0.67084380
0.66072390, 0.15098630
-0.41207000, -0.12541700, -1.01034100
-0.00893757, 0.98981300, -0.14209300
0.02099661, 0.16956240
0.39328400, 0.09153800, -0.99952400
0.33553860, 0.45134850, -0.82686060
0.96679690, 0.84765630
0.41207000, -0.12541700, -1.00988700
0.05441493, 0.05233960, -0.99714570
0.97460940, 0.93164060
0.41207000, -0.12541700, -1.00988700
0.00770272, 0.98995820, -0.14115080
0.97460940, 0.93164060
0.41207000, -0.12541700, -1.00988700
0.05441493, 0.05233960, -0.99714570
0.02099661, 0.39163510
-0.41207000, -0.12541700, -1.01034100
-0.06251501, 0.05510157, -0.99652180
0.02099661, 0.16956240
-0.25400400, -0.35040500, -0.32087800
-0.20335810, -0.97896000, -0.01681927
0.23784420, 0.78511020
-0.40115300, -0.23793100, 0.33135700
0.98693870, 0.16109000, 0.00145780
0.96536520, 0.45299530
-0.41639300, -0.13866300, -0.32063800
0.98829780, 0.15253700, 0.00012383
0.81204940, 0.42798910
-0.41639300, -0.14527300, 0.34736600
0.98678620, 0.16201940, 0.00160288
0.96912970, 0.42965400
-0.40115300, -0.23812100, -0.30345700
0.98846500, 0.15144980, -0.00004561
0.81608950, 0.45304320
-0.41639300, -0.14527300, 0.34736600
0.99708370, -0.07631146, -0.00075980
0.96912970, 0.42965400
-0.40115300, 0.06049400, -0.32063700
0.99708460, -0.07629965, -0.00075614
0.81204940, 0.37781970
-0.40115300, 0.05388500, 0.34244800
0.99708350, -0.07631502, -0.00076090
0.96797320, 0.37948460
-0.41639300, -0.13866300, -0.32063800
0.99708490, -0.07629615, -0.00075506
0.81204940, 0.42798910
-0.44197800, -0.14763500, 0.36579500
0.57111150, -0.02062705, 0.82061330
0.97346320, 0.43024900
-0.40115300, 0.05388500, 0.34244800
0.57111150, -0.02062705, 0.82061330
0.96797320, 0.37948460
-0.42673900, 0.06787800, 0.36060600
0.57111150, -0.02062705, 0.82061330
0.97224320, 0.37595970
-0.40115300, 0.05388500, 0.34244800
0.58578770, -0.02482010, 0.81008440
0.96797320, 0.37948460
-0.44197800, -0.14763500, 0.36579500
0.58578770, -0.02482010, 0.81008440
0.97346320, 0.43024900
-0.41639300, -0.14527300, 0.34736600
0.58578770, -0.02482010, 0.81008440
0.96912970, 0.42965400
-0.42673900, 0.06787800, 0.36060600
0.48910100, 0.87218160, 0.00891627
0.97224320, 0.37595970
-0.40115300, 0.06049400, -0.32063700
0.48910100, 0.87218160, 0.00891627
0.81204940, 0.37781970
-0.42673900, 0.07503000, -0.33900200
0.48910100, 0.87218160, 0.00891627
0.80773100, 0.37415800
-0.40115300, 0.06049400, -0.32063700
0.48456650, 0.87471100, 0.00871855
0.81204940, 0.37781970
-0.42673900, 0.06787800, 0.36060600
0.48456650, 0.87471100, 0.00871855
0.97224320, 0.37595970
-0.40115300, 0.05388500, 0.34244800
0.48456650, 0.87471100, 0.00871855
0.96797320, 0.37948460
-0.42673900, 0.07503000, -0.33900200
0.58455180, -0.04133355, -0.81030290
0.80773100, 0.37415800
-0.41639300, -0.13866300, -0.32063800
0.58455180, -0.04133355, -0.81030290
0.81204940, 0.42798910
-0.44197800, -0.14048200, -0.33900200
0.58455180, -0.04133355, -0.81030290
0.80773090, 0.42844730
-0.41639300, -0.13866300, -0.32063800
0.56620540, -0.04332371, -0.82312480
0.81204940, 0.42798910
-0.42673900, 0.07503000, -0.33900200
0.56620540, -0.04332371, -0.82312480
0.80773100, 0.37415800
-0.40115300, 0.06049400, -0.32063700
0.56620540, -0.04332371, -0.82312480
0.81204940, 0.37781970
-0.44197800, -0.14048200, -0.33900200
0.57663170, -0.05563693, -0.81510760
0.80773090, 0.42844730
-0.40115300, -0.23812100, -0.30345700
0.57663170, -0.05563693, -0.81510760
0.81608950, 0.45304320
-0.42673900, -0.24810700, -0.32087500
0.57663170, -0.05563693, -0.81510760
0.81199340, 0.45555880
-0.40115300, -0.23812100, -0.30345700
0.58473150, -0.05026989, -0.80966780
0.81608950, 0.45304320
-0.44197800, -0.14048200, -0.33900200
0.58473150, -0.05026989, -0.80966780
0.80773090, 0.42844730
-0.41639300, -0.13866300, -0.32063800
0.58473150, -0.05026989, -0.80966780
0.81204940, 0.42798910
-0.42673900, -0.24810700, -0.32087500
0.36327830, -0.93168060, 0.00028624
0.81199340, 0.45555880
-0.40115300, -0.23793100, 0.33135700
0.36327830, -0.93168060, 0.00028624
0.96536520, 0.45299530
-0.42673900, -0.24790100, 0.34890500
0.36327830, -0.93168060, 0.00028624
0.96949150, 0.45550700
-0.40115300, -0.23793100, 0.33135700
0.36343770, -0.93161850, 0.00027901
0.96536520, 0.45299530
-0.42673900, -0.24810700, -0.32087500
0.36343770, -0.93161850, 0.00027901
0.81199340, 0.45555880
-0.40115300, -0.23812100, -0.30345700
0.36343770, -0.93161850, 0.00027901
0.81608950, 0.45304320
-0.42673900, -0.24790100, 0.34890500
0.58666810, -0.04702033, 0.80846130
0.96949150, 0.45550700
-0.41639300, -0.14527300, 0.34736600
0.58666810, -0.04702033, 0.80846130
0.96912970, 0.42965400
-0.44197800, -0.14763500, 0.36579500
0.58666810, -0.04702033, 0.80846130
0.97346320, 0.43024900
-0.41639300, -0.14527300, 0.34736600
0.57711230, -0.04595337, 0.81537090
0.96912970, 0.42965400
-0.42673900, -0.24790100, 0.34890500
0.57711230, -0.04595337, 0.81537090
0.96949150, 0.45550700
-0.40115300, -0.23793100, 0.33135700
0.57711230, -0.04595337, 0.81537090
0.96536520, 0.45299530
-0.42673900, -0.24790100, 0.34890500
-0.98881720, -0.14912610, -0.00138086
0.46051660, 0.21092900
-0.44197800, -0.14048200, -0.33900200
-0.98997780, -0.14122270, -0.00012102
0.23807800, 0.17465040
-0.42673900, -0.24810700, -0.32087500
-0.99012430, -0.14019190, 0.00004319
0.24393940, 0.21099860
-0.44197800, -0.14763500, 0.36579500
-0.98868300, -0.15001200, -0.00152218
0.46597830, 0.17706590
-0.44197800, -0.14763500, 0.36579500
-0.99750800, 0.07055031, 0.00072032
0.46597830, 0.17706590
-0.42673900, 0.07503000, -0.33900200
-0.99750870, 0.07053964, 0.00071693
0.23807810, 0.10186540
-0.44197800, -0.14048200, -0.33900200
-0.99750890, 0.07053636, 0.00071589
0.23807800, 0.17465040
-0.42673900, 0.06787800, 0.36060600
-0.99750780, 0.07055365, 0.00072138
0.46430040, 0.10428090
-0.42673900, 0.07503000, -0.33900200
-0.88287550, 0.46948730, 0.01060729
0.23807810, 0.10186540
-0.28730600, 0.32906400, 0.02268400
-0.88123550, 0.47261350, 0.00777928
0.35503110, 0.01607025
-0.28730600, 0.34072000, -0.33810100
-0.88539360, 0.46459960, 0.01501103
0.23836950, 0.01213348
-0.42673900, 0.06787800, 0.36060600
-0.87952630, 0.47582540, 0.00486446
0.46430040, 0.10428090
-0.53248700, 0.07806700, 0.22728300
0.33356140, -0.05152677, -0.94131920
0.46605580, 0.03576815
-0.41419900, 0.14673700, 0.26544000
0.31920020, -0.02341131, -0.94739810
0.51056060, 0.00803673
-0.41419900, 0.07806700, 0.26544000
0.30699980, 0.00000026, -0.95170960
0.51056060, 0.03576815
-0.51846300, 0.13763700, 0.22728300
0.34882580, -0.08211930, -0.93358280
0.46605580, 0.01171160
-0.53248700, 0.07806700, 0.22728300
-0.53047470, -0.12218330, 0.83884910
0.52082030, 0.03461963
-0.45249200, 0.11240200, 0.27172400
-0.22178900, 0.03593224, 0.97443240
0.57265470, 0.02075392
-0.49871500, 0.11240200, 0.25229000
-0.46416610, 0.13339890, 0.87564520
0.54998710, 0.02075392
-0.41419900, 0.07806700, 0.26544000
-0.05793523, -0.24188290, 0.96857430
0.56532510, 0.03461951
-0.41419900, 0.14673700, 0.26544000
-0.08265762, 0.26859320, 0.95970070
0.56532520, 0.00688821
-0.51846300, 0.13763700, 0.22728300
-0.54186270, 0.33834990, 0.76935310
0.52082030, 0.01056308
0.40115300, -0.23793100, 0.33135700
-0.98693870, 0.16109000, 0.00145815
0.96536520, 0.45299530
0.41639300, -0.13866300, -0.32063800
-0.98829770, 0.15253730, 0.00012423
0.81204940, 0.42798910
0.40115300, -0.23812100, -0.30345700
-0.98846490, 0.15145020, -0.00004519
0.81608950, 0.45304320
0.41639300, -0.14527300, 0.34736600
-0.98678620, 0.16201940, 0.00160321
0.96912970, 0.42965400
0.41639300, -0.14527300, 0.34736600
-0.99708370, -0.07631148, -0.00075941
0.96912970, 0.42965400
0.40115300, 0.06049400, -0.32063700
-0.99708460, -0.07629981, -0.00075579
0.81204940, 0.37781970
0.41639300, -0.13866300, -0.32063800
-0.99708490, -0.07629634, -0.00075472
0.81204940, 0.42798910
0.40115300, 0.05388500, 0.34244800
-0.99708350, -0.07631500, -0.00076050
0.96797320, 0.37948460
0.44197800, -0.14763500, 0.36579500
-0.58578850, -0.02482033, 0.81008380
0.97346320, 0.43024900
0.40115300, 0.05388500, 0.34244800
-0.58578850, -0.02482033, 0.81008380
0.96797320, 0.37948460
0.41639300, -0.14527300, 0.34736600
-0.58578850, -0.02482033, 0.81008380
0.96912970, 0.42965400
0.40115300, 0.05388500, 0.34244800
-0.57111080, -0.02062684, 0.82061380
0.96797320, 0.37948460
0.44197800, -0.14763500, 0.36579500
-0.57111080, -0.02062684, 0.82061380
0.97346320, 0.43024900
0.42673900, 0.06787800, 0.36060600
-0.57111080, -0.02062684, 0.82061380
0.97224320, 0.37595970
0.42673900, 0.06787800, 0.36060600
-0.48456660, 0.87471090, 0.00871874
0.97224320, 0.37595970
0.40115300, 0.06049400, -0.32063700
-0.48456660, 0.87471090, 0.00871874
0.81204940, 0.37781970
0.40115300, 0.05388500, 0.34244800
-0.48456660, 0.87471090, 0.00871874
0.96797320, 0.37948460
0.40115300, 0.06049400, -0.32063700
-0.48909990, 0.87218230, 0.00891641
0.81204940, 0.37781970
0.42673900, 0.06787800, 0.36060600
-0.48909990, 0.87218230, 0.00891641
0.97224320, 0.37595970
0.42673900, 0.07503000, -0.33900200
-0.48909990, 0.87218230, 0.00891641
0.80773100, 0.37415800
0.42673900, 0.07503000, -0.33900200
-0.56620510, -0.04332379, -0.82312510
0.80773100, 0.37415800
0.41639300, -0.13866300, -0.32063800
-0.56620510, -0.04332379, -0.82312510
0.81204940, 0.42798910
0.40115300, 0.06049400, -0.32063700
-0.56620510, -0.04332379, -0.82312510
0.81204940, 0.37781970
0.41639300, -0.13866300, -0.32063800
-0.58455270, -0.04133351, -0.81030220
0.81204940, 0.42798910
0.42673900, 0.07503000, -0.33900200
-0.58455270, -0.04133351, -0.81030220
0.80773100, 0.37415800
0.44197800, -0.14048200, -0.33900200
-0.58455270, -0.04133351, -0.81030220
0.80773090, 0.42844730
0.44197800, -0.14048200, -0.33900200
-0.58473230, -0.05026975, -0.80966730
0.80773090, 0.42844730
0.40115300, -0.23812100, -0.30345700
-0.58473230, -0.05026975, -0.80966730
0.81608950, 0.45304320
0.41639300, -0.13866300, -0.32063800
-0.58473230, -0.05026975, -0.80966730
0.81204940, 0.42798910
0.40115300, -0.23812100, -0.30345700
-0.57663220, -0.05563700, -0.81510720
0.81608950, 0.45304320
0.44197800, -0.14048200, -0.33900200
-0.57663220, -0.05563700, -0.81510720
0.80773090, 0.42844730
0.42673900, -0.24810700, -0.32087500
-0.57663220, -0.05563700, -0.81510720
0.81199340, 0.45555880
0.42673900, -0.24810700, -0.32087500
-0.36343670, -0.93161890, 0.00027917
0.81199340, 0.45555880
0.40115300, -0.23793100, 0.33135700
-0.36343670, -0.93161890, 0.00027917
0.96536520, 0.45299530
0.40115300, -0.23812100, -0.30345700
-0.36343670, -0.93161890, 0.00027917
0.81608950, 0.45304320
0.40115300, -0.23793100, 0.33135700
-0.36327840, -0.93168060, 0.00028634
0.96536520, 0.45299530
0.42673900, -0.24810700, -0.32087500
-0.36327840, -0.93168060, 0.00028634
0.81199340, 0.45555880
0.42673900, -0.24790100, 0.34890500
-0.36327840, -0.93168060, 0.00028634
0.96949150, 0.45550700
0.42673900, -0.24790100, 0.34890500
-0.57711320, -0.04595346, 0.81537030
0.96949150, 0.45550700
0.41639300, -0.14527300, 0.34736600
-0.57711320, -0.04595346, 0.81537030
0.96912970, 0.42965400
0.40115300, -0.23793100, 0.33135700
-0.57711320, -0.04595346, 0.81537030
0.96536520, 0.45299530
0.41639300, -0.14527300, 0.34736600
-0.58666890, -0.04702041, 0.80846070
0.96912970, 0.42965400
0.42673900, -0.24790100, 0.34890500
-0.58666890, -0.04702041, 0.80846070
0.96949150, 0.45550700
0.44197800, -0.14763500, 0.36579500
-0.58666890, -0.04702041, 0.80846070
0.97346320, 0.43024900
0.42673900, -0.24790100, 0.34890500
0.98881720, -0.14912600, -0.00138118
0.46051660, 0.43300160
0.44197800, -0.14048200, -0.33900200
0.98997790, -0.14122240, -0.00012130
0.23807800, 0.39672310
0.44197800, -0.14763500, 0.36579500
0.98868300, -0.15001190, -0.00152250
0.46597830, 0.39913860
0.42673900, -0.24810700, -0.32087500
0.99012440, -0.14019160, 0.00004291
0.24393940, 0.43307130
0.44197800, -0.14763500, 0.36579500
0.99750800, 0.07055026, 0.00072004
0.46597830, 0.39913860
0.42673900, 0.07503000, -0.33900200
0.99750870, 0.07053950, 0.00071662
0.23807810, 0.32393810
0.42673900, 0.06787800, 0.36060600
0.99750780, 0.07055363, 0.00072111
0.46430040, 0.32635350
0.44197800, -0.14048200, -0.33900200
0.99750890, 0.07053618, 0.00071557
0.23807800, 0.39672310
0.42673900, 0.07503000, -0.33900200
0.88287540, 0.46948740, 0.01060698
0.23807810, 0.32393810
0.28730600, 0.32906400, 0.02268300
0.88123550, 0.47261350, 0.00777900
0.35503110, 0.23814290
0.42673900, 0.06787800, 0.36060600
0.87952630, 0.47582540, 0.00486422
0.46430040, 0.32635350
0.28730600, 0.34072000, -0.33810100
0.88539360, 0.46459970, 0.01501066
0.23836950, 0.23420610
0.53248700, 0.07806700, 0.22728300
-0.33356130, -0.05152691, -0.94131920
0.46605580, 0.03576815
0.41419900, 0.14673700, 0.26544000
-0.31920010, -0.02341138, -0.94739810
0.51056060, 0.00803673
0.51846300, 0.13763700, 0.22728300
-0.34882590, -0.08211952, -0.93358280
0.46605580, 0.01171160
0.41419900, 0.07806700, 0.26544000
-0.30699970, 0.00000026, -0.95170960
0.51056060, 0.03576815
0.53248700, 0.07806700, 0.22728300
0.53047430, -0.12218270, 0.83884940
0.52082030, 0.03461963
0.45249200, 0.11240200, 0.27172400
0.22178890, 0.03593229, 0.97443240
0.57265470, 0.02075392
0.41419900, 0.07806700, 0.26544000
0.05793527, -0.24188290, 0.96857430
0.56532510, 0.03461951
0.49871500, 0.11240200, 0.25229000
0.46416580, 0.13339910, 0.87564530
0.54998710, 0.02075392
0.41419900, 0.14673700, 0.26544000
0.08265786, 0.26859330, 0.95970060
0.56532520, 0.00688821
0.51846300, 0.13763700, 0.22728300
0.54186240, 0.33834970, 0.76935340
0.52082030, 0.01056308
0.41046600, -0.13516800, -0.49086500
0.15544480, 0.72452950, 0.67148630
0.80730160, 0.12438280
0.26867900, -0.31254400, -0.33040700
-0.32880460, 0.81639830, 0.47474360
0.83626720, 0.15773670
0.38688200, -0.28629200, -0.45763200
-0.26837770, 0.60347650, 0.75085920
0.81211970, 0.13129080
0.26060100, -0.13516800, -0.49086500
-0.00000008, 0.78916950, 0.61417550
0.83791730, 0.12438280
0.00000000, 0.05819700, 0.28632800
-0.00000001, -0.59275500, -0.80538280
0.89115530, 0.28593570
0.43058000, -0.14220800, 0.42624000
-0.65440520, -0.04412946, -0.75485520
0.80319270, 0.31501890
0.00000000, -0.14220800, 0.42624000
-0.00719576, -0.08606219, -0.99626380
0.89115530, 0.31501890
0.40646600, 0.05819700, 0.26460700
0.53027120, -0.49268420, -0.68998170
0.80811880, 0.28142070
0.40646600, 0.08139500, 0.40399000
0.62735590, -0.00982572, -0.77867070
0.80811880, 0.32583890
0.40646600, 0.05819700, 0.26460700
-0.02205340, 0.98809240, -0.15227270
0.80811880, 0.28142070
0.00000000, 0.08619000, 0.50511900
-0.00000003, 0.99042990, -0.13801680
0.89115530, 0.34063580
0.40646600, 0.08139500, 0.40399000
-0.03455984, 0.98204220, -0.18546900
0.80811880, 0.32583890
0.00000000, 0.05819700, 0.28632800
-0.00000003, 0.99191450, -0.12690830
0.89115530, 0.28593570
0.41573400, 0.06388300, 0.34658400
-0.98886690, -0.10997740, -0.10023600
0.80622560, 0.29846100
0.28034300, -0.31234700, 0.38625200
-0.11616860, 0.04181686, -0.99234880
0.83388440, 0.30670670
0.00000000, -0.14220800, 0.42624000
1.00000000, 0.00000000, 0.00000000
0.89115530, 0.31501890
0.38688200, -0.28629600, 0.37081800
-0.25480030, 0.31134850, -0.91549930
0.81211970, 0.30349850
0.43058000, -0.14220800, 0.35152700
-0.99479800, 0.10186720, -0.00000092
0.80319260, 0.29948850
0.27989600, 0.31365200, 0.02468800
0.08320872, -0.65458730, 0.75139320
0.83397560, 0.23154940
0.00000000, 0.33631300, -0.31898500
0.00000000, -0.99938910, 0.03495109
0.89115530, 0.16011090
0.27989600, 0.32479900, -0.31898500
-0.04235293, -0.99876230, 0.02607873
0.83397560, 0.16011090
0.00000000, 0.34110300, 0.07328800
0.00000001, -0.99868860, 0.05119524
0.89115530, 0.24165180
0.38688200, -0.28649200, -0.30258000
-0.72033270, 0.69259270, 0.03789512
0.81211970, 0.16352110
0.41046600, -0.13516800, -0.49086500
-0.99636100, 0.06910375, 0.04989396
0.80730160, 0.12438280
0.43058000, -0.13536900, -0.31984400
-0.98655210, 0.11498380, 0.11616230
0.80319270, 0.15993230
0.41573300, 0.07072300, -0.31984400
-0.94776840, -0.29466540, 0.12209600
0.80622560, 0.15993240
0.41046600, -0.03623700, -0.67219100
-0.00000002, 0.99336080, 0.11504040
0.80730170, 0.08669108
0.24382800, -0.03623700, -0.67219100
0.00345729, 0.99979270, -0.02006648
0.84134390, 0.08669108
0.00000000, 0.29918600, -0.76542100
0.00000011, -0.91091220, 0.41260020
0.89115530, 0.06731164
0.27989600, 0.28767200, -0.74256700
-0.05673364, -0.91049090, 0.40961890
0.83397560, 0.07206225
0.38314200, 0.08650900, -0.97475300
-0.96299560, -0.26861710, -0.02200761
0.81288370, 0.02379823
0.41487100, -0.12096200, -0.98390800
-0.98795300, -0.15230300, 0.02743380
0.80640170, 0.02189529
0.41046600, -0.03623700, -0.67219100
-0.96036600, -0.27814510, 0.01823086
0.80730170, 0.08669108
0.00000000, 0.08650900, -0.99760700
0.00000028, -0.42535780, 0.90502530
0.79126930, 0.26473590
0.27989600, 0.28767200, -0.74256700
-0.05673364, -0.91049090, 0.40961890
0.70950470, 0.33558790
0.00000000, 0.29918600, -0.76542100
0.00000011, -0.91091220, 0.41260020
0.71184490, 0.26473590
0.38314200, 0.08650900, -0.97475300
-0.05214191, -0.38685480, 0.92066530
0.78706240, 0.36147280
0.38314200, 0.08650900, -0.97475300
-0.96299560, -0.26861710, -0.02200761
0.78706240, 0.36147280
0.41046600, -0.03623700, -0.67219100
-0.96036600, -0.27814510, 0.01823086
0.73154750, 0.42272960
0.27989600, 0.28767200, -0.74256700
-0.92658910, -0.37591310, -0.01104304
0.70950470, 0.33558790
0.41573400, 0.06388300, 0.34658400
-0.88000520, -0.47495570, 0.00282211
0.80622560, 0.29846100
0.40646600, 0.08139500, 0.40399000
-0.94685670, 0.00909485, 0.32152710
0.80811880, 0.32583890
0.27989600, 0.31365200, 0.02468800
-0.78364100, 0.38575360, 0.48693010
0.83397560, 0.23154940
0.27989600, 0.32479900, -0.31898500
-0.90328130, -0.41862690, 0.09399145
0.83397560, 0.16011090
0.27989600, 0.28767200, -0.74256700
-0.92658910, -0.37591310, -0.01104304
0.83397560, 0.07206225
0.26867900, -0.31254400, -0.33040700
-0.06526595, 0.99725100, 0.03508339
0.83626720, 0.15773670
-0.26060200, -0.28125700, -0.63914700
-0.00000042, 0.99490460, 0.10082050
0.94439330, 0.09355968
-0.26589700, -0.31254400, -0.33041000
0.06387479, 0.99735700, 0.03462648
0.94547520, 0.15773600
0.26060200, -0.28125700, -0.63914800
0.00000001, 0.99490470, 0.10081980
0.83791730, 0.09355968
-0.41046600, -0.13516800, -0.49086500
-0.15487370, 0.72364740, 0.67256860
0.97500900, 0.12438270
-0.26589700, -0.31254400, -0.33041000
0.32992010, 0.81612490, 0.47443970
0.94547520, 0.15773600
-0.26060500, -0.13516800, -0.49086500
0.00000017, 0.78877360, 0.61468380
0.94439390, 0.12438280
-0.38688200, -0.28629200, -0.45763200
0.27357830, 0.60431050, 0.74830720
0.97019090, 0.13129090
-0.43058000, -0.14220800, 0.42624000
0.66608660, -0.06380709, -0.74314020
0.97911790, 0.31501880
-0.40646600, 0.05819700, 0.26460700
-0.53027190, -0.49268350, -0.68998160
0.97419180, 0.28142070
0.00000000, -0.14220800, 0.42624000
0.00000025, -0.36415700, -0.93133760
0.89115530, 0.31501890
-0.40646600, 0.08139500, 0.40399000
-0.62736030, -0.00982411, -0.77866720
0.97419180, 0.32583890
-0.40646600, 0.05819700, 0.26460700
0.02205336, 0.98809240, -0.15227270
0.97419180, 0.28142070
-0.40646600, 0.08139500, 0.40399000
0.03455976, 0.98204220, -0.18546890
0.97419180, 0.32583890
-0.41573300, 0.06388300, 0.34658400
0.98886710, -0.10997730, -0.10023410
0.97608500, 0.29846100
-0.23033000, -0.31234700, 0.38625200
0.03057546, 0.26264970, -0.96440670
0.93820910, 0.30670670
-0.43058000, -0.14220800, 0.35152700
0.99479810, 0.10186670, 0.00000110
0.97911790, 0.29948850
-0.27989600, 0.31365200, 0.02468800
-0.08320919, -0.65458320, 0.75139670
0.94833500, 0.23154940
-0.27989600, 0.32479900, -0.31898500
0.04235294, -0.99876230, 0.02607873
0.94833500, 0.16011090
-0.38688200, -0.28649200, -0.30258000
0.71797220, 0.69503960, 0.03789335
0.97019090, 0.16352110
-0.41046600, -0.13516800, -0.49086500
0.99636100, 0.06910428, 0.04989420
0.97500900, 0.12438270
-0.43058000, -0.13536900, -0.31984400
0.98655190, 0.11498380, 0.11616370
0.97911790, 0.15993230
-0.41573300, 0.07072300, -0.31984400
0.94776840, -0.29466500, 0.12209630
0.97608500, 0.15993240
-0.41046600, -0.03623700, -0.67219000
0.00000001, 0.99335040, 0.11513020
0.97500900, 0.08669114
-0.24383100, -0.03623700, -0.67219100
-0.00342103, 0.99979410, -0.02000073
0.94096730, 0.08669108
-0.27989600, 0.28767200, -0.74256700
0.05673388, -0.91049100, 0.40961850
0.94833500, 0.07206225
-0.41046600, -0.03623700, -0.67219000
0.96036310, -0.27815540, 0.01822958
0.97500900, 0.08669114
-0.41487200, -0.12096200, -0.98412400
0.98794810, -0.15233710, 0.02742345
0.97590900, 0.02185023
-0.38314100, 0.08650900, -0.97475300
0.96300530, -0.26858390, -0.02198934
0.96942670, 0.02379823
-0.38314100, 0.08650900, -0.97475300
0.05190397, -0.38723120, 0.92052050
0.96942670, 0.02379823
0.00000000, -0.12096200, -1.00604600
0.00001314, -0.67295680, 0.73968180
0.89115530, 0.01729357
0.00000000, 0.08650900, -0.99760700
0.00000028, -0.42535780, 0.90502530
0.89115530, 0.01904750
-0.41487200, -0.12096200, -0.98412400
0.16184150, -0.91881610, 0.35997810
0.97590900, 0.02185023
-0.27989600, 0.28767200, -0.74256700
0.05673388, -0.91049100, 0.40961850
0.70950430, 0.19388370
-0.38314100, 0.08650900, -0.97475300
0.05190397, -0.38723120, 0.92052050
0.78706200, 0.16799910
-0.38314100, 0.08650900, -0.97475300
0.96300530, -0.26858390, -0.02198934
0.78706200, 0.16799910
-0.27989600, 0.28767200, -0.74256700
0.92658940, -0.37591250, -0.01104157
0.70950430, 0.19388370
-0.41046600, -0.03623700, -0.67219000
0.96036310, -0.27815540, 0.01822958
0.73154750, 0.10674170
-0.41573300, 0.06388300, 0.34658400
0.88000610, -0.47495390, 0.00282313
0.97608500, 0.29846100
-0.27989600, 0.31365200, 0.02468800
0.77634250, 0.38806900, 0.49668390
0.94833500, 0.23154940
-0.40646600, 0.08139500, 0.40399000
0.94694740, 0.02121130, 0.32068780
0.97419180, 0.32583890
-0.27989600, 0.32479900, -0.31898500
0.90328150, -0.41862660, 0.09399129
0.94833500, 0.16011090
-0.27989600, 0.28767200, -0.74256700
0.92658940, -0.37591250, -0.01104157
0.94833500, 0.07206225
-0.38688200, -0.28629600, 0.37081800
0.35705350, 0.42769410, -0.83041590
0.97019090, 0.30349850
0.38314200, 0.08650900, -0.97475300
-0.05214191, -0.38685480, 0.92066530
0.81288370, 0.02379823
0.41487100, -0.12096200, -0.98390800
0.02065032, -0.88475010, 0.46560810
0.80640170, 0.02189529
0.41722600, 0.08619000, 0.42457000
-0.03994024, 0.97755040, -0.20688150
0.80592070, 0.33011670
0.41722600, 0.08619000, 0.42457000
-0.88235640, 0.20873160, 0.42175620
0.80592070, 0.33011670
0.28730600, 0.32906400, 0.02268300
-0.75254360, 0.42701140, 0.50133770
0.83246200, 0.23113270
0.28730600, 0.32906400, 0.02268300
0.85945740, -0.44406000, -0.25326610
0.83246200, 0.23113270
0.41573400, 0.06388300, 0.34658400
0.79718700, -0.14340680, -0.58645320
0.80622560, 0.29846100
0.27989600, 0.31365200, 0.02468800
0.68407770, -0.40756690, -0.60491890
0.83397560, 0.23154940
0.42673900, 0.06787800, 0.36060600
0.79554250, -0.08268829, -0.60022900
0.80397730, 0.30137570
0.43058000, -0.14220800, 0.35152700
0.75780210, -0.10169800, -0.64451030
0.80319260, 0.29948850
0.44197800, -0.14763500, 0.36579500
0.67210350, -0.13115240, -0.72874960
0.80086400, 0.30245440
0.38688200, -0.28629600, 0.37081800
-0.71321360, 0.62273470, -0.32175760
0.81211970, 0.30349850
0.42673900, -0.24790100, 0.34890500
-0.73486270, 0.50359020, -0.45428360
0.80397730, 0.29894340
0.38688200, -0.28649200, -0.30258000
-0.59777130, 0.75247650, 0.27649350
0.81211970, 0.16352110
0.42673900, -0.24810700, -0.32087500
0.13292650, 0.35532510, 0.92524300
0.80397730, 0.15971800
0.43058000, -0.13536900, -0.31984400
0.83833100, 0.01815254, 0.54485920
0.80319270, 0.15993230
0.44197800, -0.14048200, -0.33900200
0.86028830, 0.00964527, 0.50971660
0.80086400, 0.15595000
0.41573300, 0.07072300, -0.31984400
0.82088620, 0.22978740, 0.52282270
0.80622560, 0.15993240
0.42673900, 0.07503000, -0.33900200
0.81641750, 0.23943550, 0.52548370
0.80397730, 0.15595010
0.27989600, 0.32479900, -0.31898500
0.95103290, -0.08241718, 0.29789900
0.83397560, 0.16011090
0.28730600, 0.34072000, -0.33810100
0.90766000, 0.07369572, 0.41318550
0.83246200, 0.15613750
0.27989600, 0.31365200, 0.02468800
0.90042970, -0.43477470, -0.01404921
0.83397560, 0.23154940
0.28730600, 0.32906400, 0.02268300
0.17507740, 0.04375610, 0.98358190
0.83246200, 0.23113270
-0.28730600, 0.32906400, 0.02268400
-0.17507740, 0.04376553, 0.98358150
0.94984860, 0.23113270
-0.28730600, 0.32906400, 0.02268400
-0.85903480, -0.44576500, -0.25169980
0.94984860, 0.23113270
-0.27989600, 0.32479900, -0.31898500
-0.95016930, -0.08065262, 0.30112030
0.94833500, 0.16011090
-0.27989600, 0.31365200, 0.02468800
-0.90044330, -0.43474480, -0.01410088
0.94833500, 0.23154940
-0.28730600, 0.34072000, -0.33810100
-0.90775590, 0.07794904, 0.41219320
0.94984860, 0.15613750
-0.41573300, 0.07072300, -0.31984400
-0.82049970, 0.22690170, 0.52468640
0.97608500, 0.15993240
-0.42673900, 0.07503000, -0.33900200
-0.81850730, 0.23744120, 0.52313240
0.97833340, 0.15595010
-0.43058000, -0.13536900, -0.31984400
-0.85227250, -0.04966405, 0.52073520
0.97911790, 0.15993230
-0.44197800, -0.14048200, -0.33900200
-0.82391360, -0.05022047, 0.56448590
0.98144660, 0.15595000
-0.38688200, -0.28649200, -0.30258000
0.58268010, 0.76683680, 0.26915640
0.97019090, 0.16352110
-0.42673900, -0.24810700, -0.32087500
0.02570632, 0.45173490, 0.89178170
0.97833340, 0.15971800
-0.38688200, -0.28629600, 0.37081800
0.74259140, 0.58997400, -0.31699940
0.97019090, 0.30349850
-0.42673900, -0.24790100, 0.34890500
0.68085250, 0.42662060, -0.59534420
0.97833340, 0.29894340
-0.43058000, -0.14220800, 0.35152700
-0.72589080, 0.02302375, -0.68742450
0.97911790, 0.29948850
-0.44197800, -0.14763500, 0.36579500
-0.78298150, 0.01060355, -0.62195460
0.98144660, 0.30245440
-0.41573300, 0.06388300, 0.34658400
-0.79799960, -0.13821020, -0.58659580
0.97608500, 0.29846100
-0.42673900, 0.06787800, 0.36060600
-0.79397100, -0.08254260, -0.60232610
0.97833340, 0.30137570
-0.27989600, 0.31365200, 0.02468800
-0.68970250, -0.40672090, -0.59907310
0.94833500, 0.23154940
-0.28730600, 0.32906400, 0.02268400
0.75240890, 0.41965690, 0.50770950
0.94984860, 0.23113270
-0.41722600, 0.08619000, 0.42457000
0.88554470, 0.21107290, 0.41383440
0.97638990, 0.33011670
-0.41722600, 0.08619000, 0.42457000
0.03994012, 0.97755050, -0.20688120
0.97638990, 0.33011670
-0.44197800, -0.12884000, -0.80671900
0.85741420, -0.50302210, 0.10867190
0.98144660, 0.05872703
-0.41046600, -0.03623700, -0.67219000
0.87850560, -0.46402260, 0.11362640
0.97500900, 0.08669114
-0.43963800, -0.12541700, -1.00838200
0.09971157, -0.99178200, 0.08016262
0.98096840, 0.01680803
0.00000000, -0.12541700, -1.03237400
0.00009338, -0.98597280, 0.16690640
0.89115530, 0.01182079
0.43963800, -0.12541700, -1.00838200
-0.13504170, -0.97054410, 0.19951910
0.80134220, 0.01680803
0.41046600, -0.03623700, -0.67219100
-0.87149430, -0.48745830, 0.05368485
0.80730170, 0.08669108
0.44197800, -0.12884000, -0.80671900
-0.94426820, -0.32913320, 0.00537196
0.80086400, 0.05872703
-0.11966400, 0.11382600, 0.26092500
0.49999940, 0.81196060, 0.30119860
0.72903830, 0.04162425
-0.23434500, 0.09100200, 0.26735700
0.10150510, -0.50538800, 0.85690120
0.76120630, 0.04346019
-0.13072700, 0.09100200, 0.26735700
-0.10150440, -0.50538810, 0.85690120
0.73214150, 0.04346019
-0.24540800, 0.11382600, 0.26092500
-0.50000040, 0.81195940, 0.30120000
0.76430950, 0.04162425
-0.23434500, 0.10071900, 0.24116300
0.10150530, 0.17571800, -0.97919350
0.76120630, 0.03598422
-0.13072700, 0.10071900, 0.24116300
-0.10150530, 0.17571590, -0.97919390
0.73214150, 0.03598422
-0.28615300, 0.00686900, 0.23614700
0.20300970, -0.34055280, 0.91804730
0.77573870, 0.03455257
-0.30828000, 0.01172700, 0.22305100
-1.00000000, -0.00000008, 0.00000033
0.78194510, 0.03081453
-0.28615300, 0.01658500, 0.20995400
0.20300930, 0.34055230, -0.91804750
0.77573870, 0.02707654
-0.23434400, -0.07726500, 0.20493800
0.10150440, -0.17571710, 0.97919370
0.76120630, 0.02564490
-0.24540800, -0.09037200, 0.18517700
-0.49999970, -0.81195990, -0.30119990
0.76430950, 0.02000481
-0.23434400, -0.06754800, 0.17874400
0.10150520, 0.50538890, -0.85690060
0.76120630, 0.01816893
-0.13072700, -0.07726500, 0.20493800
-0.10150380, -0.17571780, 0.97919370
0.73214140, 0.02564490
-0.11966400, -0.09037200, 0.18517700
0.50000040, -0.81195960, -0.30119970
0.72903830, 0.02000481
-0.13072700, -0.06754800, 0.17874400
-0.10150500, 0.50538920, -0.85690050
0.73214140, 0.01816893
-0.07891800, 0.00686900, 0.23614700
-0.20301010, -0.34055270, 0.91804720
0.71760900, 0.03455257
-0.05679200, 0.01172700, 0.22305100
1.00000000, -0.00000005, 0.00000033
0.71140260, 0.03081453
-0.07891800, 0.01658500, 0.20995400
-0.20300970, 0.34055240, -0.91804740
0.71760900, 0.02707660
-0.16764400, 0.01287800, 0.21976200
0.81649630, 0.19803570, -0.54232440
0.74249680, 0.02987593
-0.19719200, 0.01287800, 0.21976200
-0.81649670, 0.19803530, -0.54232390
0.75078510, 0.02987593
-0.18241800, 0.02675500, 0.22483100
-0.00000092, 0.96500320, -0.26223810
0.74664100, 0.03132260
-0.18241800, -0.00100000, 0.21469300
-0.00000026, -0.56890930, -0.82240030
0.74664100, 0.02842927
-0.16764400, -0.06613200, 0.43616300
1.00000000, 0.00005710, 0.00002002
0.74249680, 0.09163976
-0.18241800, -0.05225400, 0.44123200
-0.00000003, 0.93934970, 0.34296090
0.74664100, 0.09308648
-0.19719200, -0.06613200, 0.43616300
-1.00000000, 0.00005646, 0.00002163
0.75078510, 0.09163976
-0.18241800, -0.08000900, 0.43109500
0.00000016, -0.93934980, -0.34296070
0.74664100, 0.09019303
0.30656800, 0.10661600, -0.13847800
0.56605880, 0.57048780, 0.59508080
0.75626420, 0.48439830
-0.30656800, 0.11840700, -0.20519000
-0.61340500, 0.77943270, 0.12735410
0.94847550, 0.46985440
-0.30656800, 0.10661600, -0.13847800
-0.55756190, 0.57644020, 0.59736210
0.94044320, 0.48439880
0.30656800, 0.11840700, -0.20519000
0.61902750, 0.77338280, 0.13668920
0.74823350, 0.46985390
0.33718700, -0.29476000, 0.18555900
0.65916500, 0.14491050, 0.73790410
0.74409780, 0.69239760
-0.33718700, -0.20472900, 0.16787900
-0.58823840, 0.62449850, 0.51378720
0.95260230, 0.66403030
-0.33718700, -0.29476000, 0.18555900
-0.65916500, 0.14491000, 0.73790410
0.95260230, 0.69239810
0.33718700, -0.20472900, 0.16787800
0.58823850, 0.62449860, 0.51378690
0.74409930, 0.66403000
0.33718700, -0.20472900, -0.10725200
0.89677560, 0.37642950, 0.23258190
0.74407030, 0.57896360
-0.33718700, -0.20472900, -0.10725200
-0.89630410, 0.36770340, 0.24785690
0.95263220, 0.57896450
-0.33718700, -0.29476000, -0.17396400
-0.99880760, 0.02906553, -0.03922477
0.98031360, 0.59874300
-0.33718700, -0.29476000, -0.17396400
-0.00000011, -0.07536126, -0.99715630
0.58283070, 0.08831573
0.30656800, 0.11840700, -0.20519000
-0.00000012, -0.07536124, -0.99715630
0.69623670, 0.00896919
0.33718700, -0.29476000, -0.17396400
-0.00000014, -0.07536121, -0.99715630
0.70163070, 0.08831573
-0.30656800, 0.11840700, -0.20519000
-0.00000009, -0.07536129, -0.99715630
0.58822460, 0.00896919
0.33718700, -0.29476000, -0.17396400
0.99863330, 0.03627544, -0.03762634
0.71638750, 0.59874060
-0.33718700, -0.29476000, -0.17396400
-0.99880760, 0.02906553, -0.03922477
0.98047600, 0.55834850
-0.33718700, -0.29476000, 0.18555900
-0.65916500, 0.14491000, 0.73790410
0.98043590, 0.66950670
0.33718700, -0.29476000, 0.18555900
0.65916500, 0.14491050, 0.73790410
0.71626590, 0.66950600
0.33718700, -0.29476000, -0.17396400
0.99863330, 0.03627544, -0.03762634
0.71622630, 0.55834780
0.38688200, -0.28629600, 0.37081800
-0.23485870, 0.97202430, 0.00320390
0.81211970, 0.30349850
0.38688200, -0.28649200, -0.30258000
-0.21517040, 0.97657640, -0.00028527
0.81211970, 0.16352110
0.28034300, -0.31234700, 0.38625200
-0.11509020, 0.99335380, 0.00160045
0.83388440, 0.30670670
-0.38688200, -0.28629600, 0.37081800
0.16973980, 0.98545960, -0.00760248
0.97019090, 0.30349850
-0.23033000, -0.31234700, 0.38625200
0.07745235, 0.99698760, -0.00411760
0.93820910, 0.30670670
-0.38688200, -0.28649200, -0.30258000
0.21044460, 0.97760580, -0.00028563
0.97019090, 0.16352110
0.26060200, -0.28125700, -0.63914800
-0.75425640, 0.05176415, 0.65453640
0.83791730, 0.09355968
0.26060100, -0.13516800, -0.49086500
-0.99837910, -0.04054336, 0.03994350
0.83791730, 0.12438280
0.24382800, -0.03623700, -0.67219100
-0.48323450, 0.08443619, 0.87140980
0.84134390, 0.08669108
-0.26060200, -0.28125700, -0.63914700
0.75563410, 0.05491826, 0.65268760
0.94439330, 0.09355968
-0.26060500, -0.13516800, -0.49086500
0.99871990, -0.03602235, 0.03550915
0.94439390, 0.12438280
-0.24383100, -0.03623700, -0.67219100
0.48323580, 0.08444142, 0.87140850
0.94096730, 0.08669108
-0.41487200, -0.12096200, -0.98412400
-0.00951804, 0.96630080, -0.25723960
0.97590900, 0.02185023
0.00000000, -0.12096200, -1.00604600
0.00003884, 0.96785580, -0.25150600
0.89115530, 0.01729345
0.41487100, -0.12096200, -0.98390800
0.00961430, 0.96626870, -0.25735660
0.80640170, 0.02189529
0.23248500, 0.10661600, -0.58660600
0.57171540, 0.56581490, 0.59413390
0.75626420, 0.48439830
-0.23248500, 0.11840700, -0.65331800
-0.61943950, 0.77419690, 0.13005340
0.94847550, 0.46985440
-0.23248500, 0.10661600, -0.58660600
-0.56627880, 0.56971790, 0.59560880
0.94044320, 0.48439880
0.23248500, 0.11840700, -0.65331800
0.62301080, 0.77027490, 0.13614010
0.74823350, 0.46985390
0.27376900, -0.30686000, -0.32701100
0.67825320, 0.01796483, 0.73460860
0.74409780, 0.69239760
-0.27965300, -0.20472900, -0.33441200
-0.63456820, 0.56392850, 0.52849580
0.95260230, 0.66403030
-0.26870800, -0.30686000, -0.32626900
-0.65369000, -0.00971863, 0.75670000
0.95260230, 0.69239810
0.28243000, -0.20472900, -0.33441200
0.64590150, 0.56321080, 0.51536860
0.74409930, 0.66403000
0.25570400, -0.20472900, -0.55538100
0.88886660, 0.39802080, 0.22692640
0.74407030, 0.57896360
-0.25570500, -0.20472900, -0.55538100
-0.88041790, 0.42201980, 0.21624880
0.95263220, 0.57896450
-0.25570500, -0.27519900, -0.62209300
-0.99659730, 0.03727615, -0.07351438
0.98031360, 0.59874300
-0.25570500, -0.27519900, -0.62209300
-0.00000007, -0.07908358, -0.99686800
0.58283070, 0.08831573
0.23248500, 0.11840700, -0.65331800
-0.00000009, -0.07908356, -0.99686800
0.69623670, 0.00896919
0.25570400, -0.27519900, -0.62209300
-0.00000015, -0.07908349, -0.99686800
0.70163070, 0.08831573
-0.23248500, 0.11840700, -0.65331800
0.00000000, -0.07908368, -0.99686800
0.58822460, 0.00896919
0.25570400, -0.27519900, -0.62209300
0.99676410, 0.05874057, -0.05487090
0.71638750, 0.59874060
-0.25570500, -0.27519900, -0.62209300
-0.99659730, 0.03727615, -0.07351438
0.98047600, 0.55834850
-0.26870800, -0.30686000, -0.32626900
-0.65369000, -0.00971863, 0.75670000
0.98043590, 0.66950670
0.27376900, -0.30686000, -0.32701100
0.67825320, 0.01796483, 0.73460860
0.71626590, 0.66950600
0.25570400, -0.27519900, -0.62209300
0.99676410, 0.05874057, -0.05487090
0.71622630, 0.55834780
# Number of Faces:
508
# Face Data:
0, 1, 2
1, 0, 3
4, 5, 6
5, 4, 7
8, 9, 10
9, 8, 11
12, 13, 14
13, 12, 15
16, 17, 18
17, 16, 19
17, 20, 18
13, 15, 21
17, 22, 20
11, 23, 9
23, 11, 24
24, 25, 26
25, 24, 27
15, 28, 21
28, 15, 29
27, 30, 25
30, 27, 31
32, 33, 34
33, 32, 35
29, 36, 28
36, 29, 37
38, 39, 40
39, 38, 41
7, 42, 5
42, 7, 43
36, 37, 44
41, 45, 39
45, 41, 46
37, 47, 44
47, 37, 48
45, 46, 49
50, 51, 52
51, 50, 53
54, 55, 56
57, 32, 34
58, 59, 60
59, 58, 61
62, 56, 55
63, 64, 65
64, 63, 66
62, 67, 68
66, 69, 64
69, 66, 70
64, 71, 72
71, 64, 69
73, 74, 75
74, 76, 75
33, 35, 77
34, 78, 57
78, 34, 79
80, 81, 82
61, 83, 59
83, 61, 84
78, 79, 85
81, 86, 82
79, 87, 85
79, 88, 87
79, 89, 88
86, 90, 82
90, 86, 91
92, 93, 94
93, 92, 95
96, 97, 98
97, 96, 99
100, 101, 102
101, 100, 103
104, 84, 105
84, 104, 83
106, 107, 108
108, 107, 109
110, 111, 112
76, 80, 75
80, 76, 81
109, 113, 114
113, 109, 107
96, 115, 116
117, 53, 118
53, 117, 51
98, 115, 96
115, 98, 119
120, 121, 65
65, 122, 63
122, 65, 121
123, 1, 3
55, 124, 125
124, 55, 126
92, 127, 128
127, 92, 129
130, 131, 132
131, 133, 132
133, 134, 132
134, 135, 132
136, 137, 138
137, 139, 138
139, 140, 138
67, 127, 129
127, 67, 141
55, 142, 62
143, 123, 3
123, 143, 144
145, 5, 146
5, 145, 6
147, 9, 148
9, 147, 10
149, 150, 151
150, 149, 152
153, 154, 155
154, 153, 156
154, 156, 157
151, 150, 158
154, 157, 159
148, 23, 160
23, 148, 9
160, 25, 161
25, 160, 26
151, 162, 163
162, 151, 158
161, 30, 164
30, 161, 25
165, 166, 167
166, 165, 168
163, 169, 170
169, 163, 162
171, 172, 173
172, 171, 174
146, 42, 175
42, 146, 5
170, 169, 176
173, 177, 178
177, 173, 172
170, 179, 180
179, 170, 176
177, 181, 178
182, 51, 183
51, 182, 52
125, 184, 185
186, 168, 165
187, 59, 188
59, 187, 60
189, 125, 185
190, 191, 192
191, 190, 193
141, 189, 194
192, 195, 196
195, 192, 191
191, 197, 195
197, 191, 198
199, 200, 201
201, 200, 202
167, 166, 203
168, 204, 205
204, 168, 186
206, 207, 208
188, 83, 209
83, 188, 59
205, 204, 210
208, 207, 211
205, 212, 213
205, 214, 212
205, 210, 214
211, 215, 216
215, 211, 207
217, 218, 219
218, 217, 220
128, 221, 95
221, 128, 222
215, 223, 224
223, 215, 225
226, 101, 227
101, 226, 102
104, 209, 83
209, 104, 228
229, 230, 231
230, 232, 231
233, 234, 235
202, 206, 208
206, 202, 200
232, 236, 231
236, 232, 237
52, 238, 239
238, 52, 182
117, 183, 51
183, 117, 240
225, 241, 242
241, 225, 215
243, 193, 244
193, 245, 244
245, 193, 190
246, 247, 248
248, 247, 249
249, 247, 250
250, 247, 251
252, 253, 254
254, 253, 255
255, 253, 256
40, 257, 38
40, 258, 257
19, 258, 17
258, 19, 257
17, 259, 22
259, 17, 258
174, 171, 260
174, 155, 261
155, 174, 260
261, 155, 154
262, 154, 159
154, 262, 261
263, 241, 215
264, 218, 220
218, 264, 265
239, 50, 52
50, 239, 266
124, 1, 123
1, 124, 126
92, 128, 95
142, 67, 62
106, 90, 267
90, 106, 82
215, 229, 268
229, 215, 207
141, 142, 269
142, 141, 67
269, 55, 125
55, 269, 142
141, 269, 189
269, 125, 189
270, 271, 272
271, 270, 273
274, 275, 276
275, 274, 277
278, 279, 280
281, 282, 283
284, 285, 286
287, 288, 289
290, 291, 292
293, 294, 295
296, 297, 298
299, 300, 301
302, 303, 304
305, 306, 307
308, 309, 310
311, 312, 313
314, 315, 316
315, 314, 317
318, 319, 320
319, 318, 321
322, 323, 324
323, 322, 325
326, 327, 328
327, 326, 329
330, 331, 332
331, 330, 333
333, 334, 331
334, 332, 331
332, 334, 335
335, 330, 332
336, 337, 338
337, 336, 339
340, 341, 342
341, 340, 343
344, 345, 346
347, 348, 349
350, 351, 352
353, 354, 355
356, 357, 358
359, 360, 361
362, 363, 364
365, 366, 367
368, 369, 370
371, 372, 373
374, 375, 376
377, 378, 379
380, 381, 382
381, 380, 383
384, 385, 386
385, 384, 387
388, 389, 390
389, 388, 391
392, 393, 394
393, 392, 395
396, 397, 398
397, 396, 399
398, 397, 400
400, 399, 401
399, 400, 397
401, 399, 396
402, 403, 404
403, 402, 405
406, 407, 408
407, 406, 409
409, 410, 407
411, 412, 413
412, 411, 414
407, 410, 415
408, 416, 417
408, 418, 416
408, 407, 418
415, 419, 407
420, 421, 422
421, 420, 423
424, 404, 403
424, 425, 404
425, 424, 426
426, 427, 425
405, 428, 429
428, 405, 402
422, 430, 431
430, 422, 421
432, 433, 434
435, 436, 437
436, 435, 438
439, 440, 441
442, 443, 444
434, 425, 427
434, 445, 446
445, 434, 427
419, 418, 407
447, 448, 449
448, 447, 450
451, 452, 453
452, 451, 454
406, 455, 456
406, 457, 455
406, 408, 457
455, 458, 456
459, 412, 414
412, 459, 460
455, 461, 458
408, 462, 457
408, 416, 462
408, 417, 416
461, 455, 463
464, 421, 423
421, 464, 465
452, 454, 466
466, 467, 468
467, 466, 454
468, 467, 469
453, 470, 451
470, 453, 471
465, 430, 421
430, 465, 472
473, 474, 475
476, 477, 478
477, 476, 479
435, 480, 481
480, 435, 437
482, 483, 484
485, 486, 487
473, 469, 467
473, 488, 469
488, 473, 489
463, 455, 490
491, 477, 492
477, 491, 478
412, 493, 413
494, 444, 443
444, 494, 495
496, 497, 498
497, 496, 499
499, 500, 497
500, 499, 501
501, 502, 500
502, 501, 503
503, 504, 502
504, 503, 505
505, 506, 504
506, 505, 507
507, 508, 506
508, 507, 509
509, 510, 508
510, 509, 511
511, 512, 510
512, 511, 496
513, 423, 420
423, 514, 464
515, 516, 517
516, 515, 518
518, 519, 516
519, 518, 520
520, 521, 519
521, 520, 522
522, 523, 521
523, 522, 524
524, 525, 523
525, 524, 526
526, 527, 525
527, 526, 528
528, 529, 527
529, 528, 530
530, 531, 529
531, 530, 515
532, 487, 486
487, 532, 533
534, 412, 460
535, 479, 536
479, 535, 537
537, 477, 479
477, 537, 538
538, 492, 477
492, 538, 539
539, 540, 492
540, 539, 541
542, 543, 544
543, 542, 545
544, 546, 547
546, 544, 543
547, 545, 542
545, 547, 546
545, 548, 543
548, 545, 549
543, 550, 546
550, 543, 548
546, 549, 545
549, 546, 550
549, 551, 548
551, 549, 552
548, 553, 550
553, 548, 551
550, 552, 549
552, 550, 553
552, 554, 551
554, 552, 555
551, 556, 553
556, 551, 554
553, 555, 552
555, 553, 556
555, 557, 554
557, 555, 558
554, 559, 556
559, 554, 557
556, 558, 555
558, 556, 559
558, 544, 557
544, 558, 542
557, 547, 559
547, 557, 544
559, 542, 558
542, 559, 547
560, 561, 562
561, 560, 563
564, 562, 565
562, 564, 560
565, 561, 566
561, 565, 562
566, 563, 567
563, 566, 561
567, 560, 564
560, 567, 563
568, 569, 570
569, 568, 571
572, 573, 574
573, 572, 575
576, 570, 577
570, 576, 568
577, 569, 578
569, 577, 570
579, 580, 581
580, 579, 582
583, 568, 576
568, 583, 571
584, 573, 577
573, 584, 585
577, 575, 576
575, 577, 573
576, 586, 587
586, 576, 575
462, 455, 457
455, 462, 490
447, 588, 589
588, 447, 590
449, 591, 592
591, 449, 593
447, 592, 590
592, 447, 449
594, 403, 595
594, 595, 596
452, 597, 598
597, 599, 598
594, 599, 597
599, 594, 596
600, 471, 601
471, 600, 470
429, 602, 601
602, 429, 428
471, 429, 601
603, 604, 605
604, 603, 606
607, 608, 609
608, 607, 610
611, 605, 612
605, 611, 603
612, 604, 613
604, 612, 605
614, 615, 616
615, 614, 617
618, 603, 611
603, 618, 606
619, 608, 612
608, 619, 620
612, 610, 611
610, 612, 608
611, 621, 622
621, 611, 610