# Project Zomboid Mesh
# File Version:
1.00000000
# Model Name:
Vehicle_Wheel_SUV
# Vertex Stride Element Count:
3
# Vertex Stride Size (in bytes):
76
# Vertex Stride Data:
# (Int)    Offset
# (String) Type
0
VertexArray
12
NormalArray
24
TextureCoordArray
# Vertex Count:
50
# Vertex Buffer:
0.09980000, 0.22137900, 0.00000000
-0.00000016, 1.00000000, 0.00000007
0.17953550, 0.41553270
-0.09980000, 0.19171900, 0.11068900
-0.00000034, 0.86602550, 0.49999990
0.03509200, 0.49540770
0.09980000, 0.19172000, 0.11068900
-0.00000036, 0.86602550, 0.49999980
0.17953550, 0.49540770
-0.09980000, 0.22137900, 0.00000000
-0.00000003, 1.00000000, 0.00000014
0.03509203, 0.41553270
-0.09980000, 0.11068900, 0.19171900
-0.00000014, 0.50000080, 0.86602490
0.03509200, 0.57528260
0.09980000, 0.11068900, 0.19171900
-0.00000001, 0.50000070, 0.86602500
0.17953550, 0.57528260
-0.09980000, 0.00000000, 0.22137900
0.00000001, 0.00000012, 1.00000000
0.03509200, 0.65515760
0.09980000, 0.00000000, 0.22137900
0.00000000, 0.00000013, 1.00000000
0.17953540, 0.65515760
-0.09980000, -0.11068900, 0.19171900
0.00000005, -0.50000060, 0.86602500
0.03509200, 0.73503260
0.09980000, -0.11068900, 0.19171900
0.00000002, -0.50000060, 0.86602510
0.17953540, 0.73503260
-0.09980000, -0.19171900, 0.11068900
0.00000002, -0.86602530, 0.50000030
0.03509200, 0.81490740
0.09980000, -0.19171900, 0.11068900
0.00000003, -0.86602530, 0.50000020
0.17953540, 0.81490740
-0.09980000, -0.22137900, 0.00000000
0.00000006, -1.00000000, -0.00000029
0.03509203, 0.89478240
0.09980000, -0.22137800, 0.00000000
0.00000006, -1.00000000, -0.00000030
0.17953550, 0.89478240
-0.09980000, -0.19171900, -0.11068900
0.00000003, -0.86602530, -0.50000010
0.03509200, 0.97465740
0.09980000, -0.19171900, -0.11068900
0.00000000, -0.86602540, -0.50000000
0.17953550, 0.97465740
0.09980000, -0.19171900, -0.11068900
0.00000000, -0.86602540, -0.50000000
0.17953550, 0.01615787
-0.09980000, -0.11068900, -0.19171900
0.00000000, -0.50000080, -0.86602500
0.03509206, 0.09603286
0.09980000, -0.11068900, -0.19171900
0.00000001, -0.50000070, -0.86602500
0.17953550, 0.09603286
-0.09980000, -0.19171900, -0.11068900
0.00000003, -0.86602530, -0.50000010
0.03509206, 0.01615787
-0.09980000, 0.00000000, -0.22137900
-0.00000001, -0.00000070, -1.00000000
0.03509209, 0.17590770
0.09980000, 0.00000000, -0.22137900
0.00000001, -0.00000064, -1.00000000
0.17953550, 0.17590790
-0.09980000, 0.11068900, -0.19171900
-0.00000001, 0.49999930, -0.86602580
0.03509206, 0.25578270
0.09980000, 0.11068900, -0.19171900
0.00000000, 0.49999930, -0.86602580
0.17953550, 0.25578270
-0.09980000, 0.19171900, -0.11068900
0.00000000, 0.86602510, -0.50000050
0.03509203, 0.33565760
0.09980000, 0.19171900, -0.11068900
0.00000003, 0.86602510, -0.50000060
0.17953550, 0.33565760
0.09980000, 0.19172000, 0.11068900
1.00000000, 0.00000000, 0.00000000
0.51408920, 0.53225510
0.09980000, -0.22137800, 0.00000000
1.00000000, 0.00000000, 0.00000000
0.24141160, 0.60511460
0.09980000, 0.22137900, 0.00000000
1.00000000, 0.00000000, 0.00000000
0.53367070, 0.60511460
0.09980000, 0.11068900, 0.19171900
1.00000000, 0.00000000, 0.00000000
0.46059190, 0.47891910
0.09980000, 0.00000000, 0.22137900
1.00000000, 0.00000000, 0.00000000
0.38751360, 0.45939710
0.09980000, -0.11068900, 0.19171900
1.00000000, 0.00000000, 0.00000000
0.31443520, 0.47891900
0.09980000, -0.19171900, 0.11068900
1.00000000, 0.00000000, 0.00000000
0.26093810, 0.53225510
0.09980000, -0.11068900, -0.19171900
1.00000000, 0.00000000, 0.00000000
0.31443520, 0.73130870
0.09980000, -0.19171900, -0.11068900
1.00000000, 0.00000000, 0.00000000
0.26093810, 0.67797260
0.09980000, 0.00000000, -0.22137900
1.00000000, 0.00000000, 0.00000000
0.38751350, 0.75083210
0.09980000, 0.11068900, -0.19171900
1.00000000, 0.00000000, 0.00000000
0.46059180, 0.73131010
0.09980000, 0.19171900, -0.11068900
1.00000000, 0.00000000, 0.00000000
0.51408920, 0.67797260
-0.09980000, 0.22137900, 0.00000000
-1.00000000, -0.00000017, 0.00000000
0.53367070, 0.60511460
-0.09980000, -0.22137900, 0.00000000
-1.00000000, 0.00000014, 0.00000000
0.24141160, 0.60511460
-0.09980000, 0.19171900, 0.11068900
-1.00000000, -0.00000016, -0.00000009
0.51408920, 0.53225510
-0.09980000, 0.11068900, 0.19171900
-1.00000000, -0.00000012, -0.00000018
0.46059190, 0.47891910
-0.09980000, 0.00000000, 0.22137900
-1.00000000, -0.00000003, -0.00000031
0.38751360, 0.45939710
-0.09980000, -0.11068900, 0.19171900
-1.00000000, 0.00000021, -0.00000052
0.31443520, 0.47891900
-0.09980000, -0.19171900, 0.11068900
-1.00000000, 0.00000094, -0.00000094
0.26093810, 0.53225510
-0.09980000, -0.19171900, -0.11068900
-1.00000000, 0.00000094, 0.00000094
0.26093810, 0.67797260
-0.09980000, -0.11068900, -0.19171900
-1.00000000, 0.00000021, 0.00000052
0.31443520, 0.73130870
-0.09980000, 0.00000000, -0.22137900
-1.00000000, -0.00000003, 0.00000031
0.38751350, 0.75083210
-0.09980000, 0.11068900, -0.19171900
-1.00000000, -0.00000012, 0.00000018
0.46059180, 0.73131010
-0.09980000, 0.19171900, -0.11068900
-1.00000000, -0.00000016, 0.00000009
0.51408920, 0.67797260
# Number of Faces:
44
# Face Data:
0, 1, 2
1, 0, 3
2, 4, 5
4, 2, 1
5, 6, 7
6, 5, 4
7, 8, 9
8, 7, 6
9, 10, 11
10, 9, 8
11, 12, 13
12, 11, 10
13, 14, 15
14, 13, 12
16, 17, 18
17, 16, 19
18, 20, 21
20, 18, 17
21, 22, 23
22, 21, 20
23, 24, 25
24, 23, 22
25, 3, 0
3, 25, 24
26, 27, 28
29, 27, 26
30, 27, 29
31, 27, 30
32, 27, 31
33, 27, 34
35, 27, 33
36, 27, 35
37, 27, 36
28, 27, 37
38, 39, 40
40, 39, 41
41, 39, 42
42, 39, 43
43, 39, 44
45, 39, 46
46, 39, 47
47, 39, 48
48, 39, 49
49, 39, 38
