# Project Zomboid Mesh
# File Version:
1.00000000
# Model Name:
Vehicles_PickUpVanLights
# Vertex Stride Element Count:
3
# Vertex Stride Size (in bytes):
76
# Vertex Stride Data:
# (Int)    Offset
# (String) Type
0
VertexArray
12
NormalArray
24
TextureCoordArray
# Vertex Count:
789
# Vertex Buffer:
-0.11241200, 0.31551100, 0.32223100
-0.18608080, 0.46879970, 0.86348180
0.65278760, 0.52473410
0.00000000, 0.31876000, 0.32842100
-0.00139068, 0.51093310, 0.85961930
0.69396080, 0.52700010
0.00000000, 0.31876000, -0.07924700
0.64463190, 0.75820550, -0.09784744
0.69394430, 0.37774710
-0.25097800, 0.30359400, -0.07924700
-0.30615890, 0.95197220, -0.00396810
0.60186850, 0.37774800
-0.25097800, 0.30359400, 0.27580300
-0.47819070, 0.63759870, 0.60398810
0.60186850, 0.50773640
-0.39879400, -0.32171200, -0.11255800
-0.00000003, -0.99968480, -0.02510509
0.30149610, 0.70838360
-0.39879400, -0.32171200, 0.37086400
0.79395740, 0.60797340, 0.00000017
0.30116730, 0.81631800
-0.39879400, -0.32171200, -0.07329000
-0.44721360, 0.89442720, 0.00000000
0.30116730, 0.71791240
-0.39879400, -0.32171200, 0.41180800
-0.00004982, -0.99865960, 0.05176006
0.30162000, 0.82592270
-0.27490600, 0.28861300, -0.07797700
-0.75461200, 0.65600280, -0.01486980
0.59153230, 0.37821340
-0.27490700, 0.28861300, 0.24183300
-0.74453300, 0.66058670, 0.09641450
0.59153230, 0.49530040
-0.40530500, -0.07770800, 1.04711700
-0.11238520, -0.02336722, 0.99338990
0.55713960, 0.91368740
0.00000000, 0.02323500, 1.08720400
-0.00226681, 0.06499375, 0.99788310
0.69020620, 0.88031140
-0.30234300, 0.00724000, 1.05497900
-0.10793730, 0.03888403, 0.99339700
0.59100480, 0.88554890
0.00000000, -0.07770800, 1.09395400
-0.03990707, 0.01794017, 0.99904230
0.69020620, 0.91375670
-0.36880200, 0.06379700, -1.07940700
-0.68626910, 0.28146560, -0.67068010
0.52607100, 0.37286400
0.00000000, -0.07771200, -1.09844700
0.00000000, 0.00801328, -0.99996790
0.41532540, 0.41667220
-0.39351100, -0.07771200, -1.08852000
-0.02115816, 0.04072654, -0.99894630
0.53352280, 0.41658820
0.00000000, 0.07466000, -1.09844700
0.00000001, 0.13716800, -0.99054780
0.41532540, 0.36957360
0.00000000, 0.09027400, 0.49839500
-0.00000006, 0.98507120, 0.17214750
0.69108360, 0.66986310
-0.11241200, 0.09027400, 0.49220400
-0.05286419, 0.96992510, 0.23759340
0.65316270, 0.66772260
0.00000000, 0.08411200, 0.53365000
-0.00000006, 0.98048390, 0.19659900
0.69108340, 0.68205170
-0.30158100, 0.06864800, 0.53362000
-0.15755280, 0.98457240, 0.07612087
0.58934960, 0.68204120
-0.30043900, 0.07399400, 0.44577600
-0.25997800, 0.87552300, 0.40727260
0.58973480, 0.65167120
-0.37000400, 0.05286400, 0.56987600
-0.67336770, 0.73745450, 0.05231494
0.56626800, 0.69457580
-0.36880200, 0.06379700, 0.41180600
-0.83159310, 0.52692220, 0.17551640
0.56667360, 0.63992640
-0.36880200, 0.06379700, 0.41180600
-0.83159310, 0.52692220, 0.17551640
0.34964360, 0.10270600
-0.40537100, -0.07771100, 0.56987600
-0.98255170, 0.18180620, -0.03922574
0.38607310, 0.13546590
-0.37000400, 0.05286400, 0.56987600
-0.67336770, 0.73745450, 0.05231494
0.38607310, 0.10523730
-0.39879400, -0.07771100, 0.41180600
-0.99305140, 0.11338510, -0.03150933
0.34964360, 0.13546590
-0.20799600, -0.30590100, 0.57024500
-0.00002694, -0.99505490, 0.09932622
0.35672210, 0.86049270
-0.41965700, -0.30590100, 0.56987700
-0.00017297, -0.99503680, 0.09950694
0.29509250, 0.86041120
-0.37535000, 0.01348600, 0.98150600
-0.64452420, 0.76002910, 0.08333284
0.56446490, 0.83688930
-0.30119500, 0.02613500, 0.98100000
-0.14354760, 0.97881510, 0.14599660
0.58947970, 0.83671440
-0.40534200, -0.07771400, 0.98150600
-0.97794990, 0.20714180, 0.02657415
0.48094040, 0.13546640
-0.37535000, 0.01348600, 0.98150600
-0.64452420, 0.76002910, 0.08333284
0.48094040, 0.11435340
-0.37620000, 0.00333300, 1.04710700
-0.63234070, 0.76229260, 0.13804050
0.56414320, 0.85987230
-0.40530500, -0.07770800, 1.04711700
-0.98106250, 0.19163480, 0.02815056
0.49606130, 0.13546510
-0.37620000, 0.00333300, 1.04710700
-0.63234070, 0.76229260, 0.13804050
0.49605890, 0.11670380
-0.41962800, -0.30695500, 0.98150800
0.00151315, -0.77417140, 0.63297420
0.29510090, 0.95161130
-0.20796700, -0.30695500, 0.98100200
-0.04215210, -0.87030940, 0.49069820
0.35673060, 0.95149920
-0.40530500, -0.26502400, 1.03275800
-0.01152804, -0.79799620, 0.60255220
0.30090010, 0.96213080
0.00000000, -0.26502400, 1.07959500
-0.00763403, -0.91442580, 0.40468150
0.41728460, 0.97334330
-0.40530500, -0.26502400, 1.03275800
-0.11446430, -0.07592866, 0.99052140
0.55714820, 0.97577210
0.00000000, -0.26502400, 1.07959500
-0.11446430, -0.07592864, 0.99052140
0.69020620, 0.97582020
-0.41962800, -0.30695500, 0.98150800
-0.98170730, 0.02104235, 0.18922970
0.48094080, 0.18853690
-0.40530500, -0.26502400, 1.03275800
-0.95808080, -0.02189755, 0.28566030
0.49275200, 0.17882970
-0.41965700, -0.30590100, 0.56987700
-0.99268210, 0.02804118, -0.11745610
0.38607350, 0.18829300
-0.39879400, -0.32171200, 0.41180800
-0.99785950, 0.00153247, -0.06537617
0.34964390, 0.19195350
0.00000000, -0.26082400, -1.09844500
0.00000000, -0.64500240, -0.76418050
0.41532540, 0.47327260
-0.39879400, -0.26082400, -1.09254000
-0.01051547, -0.66020860, -0.75100860
0.53514430, 0.47311790
-0.41989800, -0.13021800, 0.89360700
-0.97617670, 0.21437140, 0.03352348
0.46068250, 0.14762130
-0.41990300, -0.13054500, 0.64053200
-0.97602490, 0.21378520, -0.04088253
0.40235750, 0.14769720
-0.41990900, -0.16007000, 0.60889800
-0.97795100, 0.08152504, -0.19226400
0.39506650, 0.15453250
-0.41989600, -0.15986200, 0.92524200
-0.98704360, 0.07936650, 0.13944860
0.46797340, 0.15448420
-0.20799600, -0.30590100, 0.57024500
-0.99556620, -0.09368894, 0.00838518
0.35672210, 0.86049270
-0.20798200, -0.28784200, 0.77374100
-0.99835000, -0.05742171, -0.00005499
0.35672630, 0.90557900
-0.22390600, -0.13054800, 0.64051900
-0.99529500, -0.09677650, 0.00470734
0.35208880, 0.87255810
-0.22390100, -0.13022000, 0.89359400
-0.99527320, -0.09700498, -0.00461987
0.35209140, 0.93563770
-0.20796700, -0.30695500, 0.98100200
-0.99852090, -0.05414824, -0.00490251
0.35673060, 0.95149920
-0.41962800, -0.30695500, 0.98150800
-0.04929853, -0.40053290, -0.91495530
0.29510090, 0.95161130
-0.22390100, -0.13022000, 0.89359400
-0.02134988, -0.84513790, -0.53412180
0.35209140, 0.93563770
-0.20796700, -0.30695500, 0.98100200
-0.00214260, -0.44347000, -0.89628670
0.35673060, 0.95149920
-0.41989600, -0.15986200, 0.92524200
-0.05598937, -0.53191700, -0.84494350
0.29502280, 0.93914520
-0.41989800, -0.13021800, 0.89360700
-0.00003800, -0.93020400, -0.36704300
0.29502240, 0.93213630
-0.22390600, -0.13054800, 0.64051900
-0.04903631, -0.83547370, 0.54733820
0.35208880, 0.87255810
-0.41990300, -0.13054500, 0.64053200
0.00001274, -0.93009880, 0.36730950
0.29502080, 0.87606540
-0.41990900, -0.16007000, 0.60889800
-0.02518143, -0.51145240, 0.85894260
0.29501920, 0.86905660
-0.20799600, -0.30590100, 0.57024500
-0.49033510, -0.28726460, 0.82283080
0.35672210, 0.86049270
-0.41965700, -0.30590100, 0.56987700
-0.00167836, -0.25848510, 0.96601380
0.29509250, 0.86041120
-0.41293000, -0.30855700, -0.37865800
-0.00000008, -0.99878030, -0.04937557
0.29705120, 0.65025540
-0.20126900, -0.30855700, -0.37865800
-0.00000002, -0.99878030, -0.04937552
0.35868080, 0.65025540
-0.41293000, -0.30855700, -0.37865800
-0.99801470, 0.03768563, 0.05046134
0.16746830, 0.18890790
-0.39879400, -0.07771100, -0.11256000
-0.99374530, 0.11123000, 0.00991073
0.22879440, 0.13546590
-0.39879400, -0.07771100, -0.37864300
-0.98766310, 0.15505680, 0.02188383
0.16747150, 0.13546590
-0.39879400, -0.32171200, -0.11255800
-0.99960430, 0.00156902, 0.02808423
0.22879490, 0.19195350
-0.36883000, 0.06353100, -0.37864000
-0.95445810, 0.29834480, 0.00026004
0.16747150, 0.10270610
-0.36880200, 0.06379700, -0.11004900
-0.95464340, 0.29774500, -0.00195490
0.22937350, 0.10270600
-0.36880200, 0.06379700, -0.79433300
-0.95433830, 0.29872420, -0.00155179
0.07166876, 0.10270610
-0.39879400, -0.07771200, -0.79433300
-0.98721520, 0.15652960, -0.03007700
0.07166876, 0.13546600
-0.20129800, -0.30795200, -0.79433300
-0.02151494, -0.96944250, 0.24437330
0.35867230, 0.55815920
-0.39879400, -0.26082400, -1.09254000
-0.01051547, -0.66020860, -0.75100860
0.30160990, 0.49311510
0.00000000, -0.26082400, -1.09844500
0.00000000, -0.64500240, -0.76418050
0.41728460, 0.49078110
-0.41295900, -0.30795200, -0.79433300
-0.00000027, -0.83517400, 0.54998580
0.29704260, 0.55815920
-0.41295900, -0.30795200, -0.79433300
-0.99692420, 0.05184016, -0.05877648
0.07166882, 0.18876770
-0.39351100, -0.07771200, -1.08852000
-0.99398670, 0.10654210, -0.02528391
0.00386874, 0.13546620
-0.39879400, -0.26082400, -1.09254000
-0.99864350, 0.02974666, -0.04273666
0.00294204, 0.17785750
-0.36880200, 0.06379700, -1.07940700
-0.68626910, 0.28146560, -0.67068010
0.00596900, 0.10270610
-0.41320000, -0.13152900, -0.46792900
-0.97768860, 0.20751370, 0.03260643
0.14689410, 0.14792500
-0.41320500, -0.13185600, -0.72100400
-0.97751870, 0.20718500, -0.03913546
0.08856874, 0.14800080
-0.41321100, -0.16138200, -0.75263800
-0.98060720, 0.07975718, -0.17902070
0.08127805, 0.15483600
-0.41319800, -0.16117300, -0.43629500
-0.98787500, 0.07762574, 0.13445180
0.15418480, 0.15478780
-0.20129800, -0.30795200, -0.79433300
-0.99836210, -0.05721100, 0.00005752
0.35867230, 0.55815920
-0.20128400, -0.30799500, -0.58779500
-0.99898580, -0.04502752, 0.00006192
0.35867650, 0.60391940
-0.21720800, -0.13185900, -0.72101800
-0.99594410, -0.08997332, 0.00009135
0.35403900, 0.57089840
-0.21720300, -0.13153200, -0.46794200
-0.99595710, -0.08983071, -0.00002348
0.35404160, 0.63397810
-0.20126900, -0.30855700, -0.37865800
-0.99845000, -0.05565599, -0.00007937
0.35868080, 0.65025540
-0.41293000, -0.30855700, -0.37865800
-0.04732302, -0.40761710, -0.91192590
0.29705120, 0.65025540
-0.21720300, -0.13153200, -0.46794200
-0.02038353, -0.84699230, -0.53121430
0.35404160, 0.63397810
-0.20126900, -0.30855700, -0.37865800
0.00000012, -0.45032560, -0.89286440
0.35868080, 0.65025540
-0.41319800, -0.16117300, -0.43629500
-0.05510204, -0.53545560, -0.84276400
0.29697290, 0.63748570
-0.41320000, -0.13152900, -0.46792900
-0.00003787, -0.93020420, -0.36704250
0.29697260, 0.63047670
-0.21720800, -0.13185900, -0.72101800
-0.04742660, -0.83885090, 0.54229130
0.35403900, 0.57089840
-0.41320500, -0.13185600, -0.72100400
0.00001181, -0.93009880, 0.36730950
0.29697090, 0.57440600
-0.41321100, -0.16138200, -0.75263800
-0.02408384, -0.51860510, 0.85467460
0.29696940, 0.56739710
-0.28656200, 0.26803900, 0.22377800
-0.88422200, 0.46572360, 0.03539690
0.30630910, 0.05542308
-0.36906800, 0.06347800, 0.37164400
-0.95223230, 0.30535870, 0.00311685
0.34038770, 0.10277990
-0.27490700, 0.28861300, 0.24183300
-0.74453300, 0.66058670, 0.09641450
0.31047010, 0.05065995
-0.28656200, 0.26803800, -0.04495500
-0.89489540, 0.44458000, -0.03887049
0.24437530, 0.05542308
-0.27490600, 0.28861300, -0.07797700
-0.75461200, 0.65600280, -0.01486980
0.23676490, 0.05065995
-0.36906800, 0.06347800, -0.07292200
-0.95409280, 0.29940380, -0.00801684
0.23792970, 0.10277990
-0.39859300, -0.07782200, -0.07312800
-0.99458120, 0.10386580, 0.00448077
0.23788240, 0.13549170
-0.39859300, -0.30642400, -0.07312600
-0.99996810, 0.00771207, 0.00209355
0.23788280, 0.18841420
-0.39879400, -0.32171200, 0.37086400
-0.99991410, 0.01311140, -0.00000056
0.34020750, 0.19195350
-0.39859300, -0.30642500, 0.37056500
-0.99996800, 0.00775341, -0.00198704
0.34013880, 0.18841420
-0.39859300, -0.07782200, 0.37056400
-0.99472560, 0.10244440, -0.00511188
0.34013860, 0.13549170
-0.39879400, -0.32171200, -0.07329000
-0.99991410, 0.01311143, -0.00000008
0.23784520, 0.19195350
-0.28656200, 0.26803900, 0.22377800
0.61145130, -0.79128210, 0.00000009
0.97427790, 0.53547720
-0.25066600, 0.29577700, -0.04495500
0.34751610, -0.93767400, 0.00000017
0.96390970, 0.47404130
-0.25066600, 0.29577700, 0.27129300
0.08297018, -0.93419460, 0.34698180
0.96390370, 0.54634090
-0.28656200, 0.26803800, -0.04495500
0.61145250, -0.79128110, 0.00000035
0.97427790, 0.47404300
-0.28656200, 0.26803800, -0.04495500
0.13488590, -0.17792240, 0.97475610
0.55862390, 0.21438180
-0.35075400, 0.06615700, -0.07292200
0.01731461, -0.13683250, 0.99044290
0.54400940, 0.26098120
-0.25066600, 0.29577700, -0.04495500
0.02978882, -0.13081670, 0.99095890
0.56687530, 0.20810890
-0.36906800, 0.06347800, -0.07292200
0.02103093, -0.14374740, 0.98939090
0.53982950, 0.26159570
-0.39859300, -0.30642400, -0.07312600
-0.05247251, 0.99861040, 0.00489465
0.97485170, 0.97077870
-0.30096800, -0.30374500, 0.42679700
-0.01011228, 0.99994890, 0.00018274
0.95655850, 0.89088880
-0.35080000, -0.30374500, -0.07312600
-0.02969794, 0.99955450, 0.00296039
0.96671390, 0.97213710
-0.39859300, -0.30642500, 0.37056500
-0.02743584, 0.99962350, 0.00000004
0.97343470, 0.89592920
-0.39859300, -0.30642500, 0.37056500
0.49911820, -0.00000515, -0.86653390
0.97343470, 0.89592920
-0.30096800, -0.07514300, 0.42679500
0.32316450, -0.17352780, -0.93029710
0.95855620, 0.85386340
-0.30096800, -0.30374500, 0.42679700
0.34988190, -0.00000554, -0.93679380
0.95655850, 0.89088880
-0.39859300, -0.07782200, 0.37056400
0.44898500, -0.10133130, -0.88777500
0.97663380, 0.85506680
-0.30092800, 0.06615700, 0.37737000
0.17385500, -0.23239920, -0.95695610
0.95991600, 0.82969560
-0.36906800, 0.06347800, 0.37164400
0.08411898, -0.00995819, -0.99640600
0.97107190, 0.83086940
-0.36906800, 0.06347800, 0.37164400
-0.02951289, 0.99309270, -0.11355980
0.97107190, 0.83086940
-0.30043900, 0.07399400, 0.44577600
-0.04977427, 0.99231040, -0.11332530
0.95939390, 0.81847440
-0.30092800, 0.06615700, 0.37737000
-0.03117314, 0.99072740, -0.13223980
0.95991600, 0.82969560
0.00000000, 0.30881000, -0.04495500
0.00000000, -0.99996980, 0.00777384
0.90648550, 0.47403380
-0.11166600, 0.30882900, 0.31827100
-0.05296152, -0.84697930, 0.52898130
0.93199930, 0.55707000
0.00000000, 0.06610500, -0.07292200
-0.00000013, -0.11751910, 0.99307060
0.62417200, 0.26098260
0.00000000, 0.30881000, -0.04495500
-0.00000013, -0.11447090, 0.99342660
0.62417170, 0.20514330
0.00000000, -0.30379800, -0.07312600
0.00000430, 1.00000000, -0.00000475
0.90772510, 0.97433240
0.00000000, -0.30379800, 0.48461800
0.00000405, 1.00000000, -0.00000512
0.90894540, 0.88521360
0.00000000, -0.07519500, 0.48461700
0.00000008, -0.25206260, -0.96771100
0.90920390, 0.85086500
0.00000000, -0.30379800, 0.48461800
0.00000013, -0.00000584, -1.00000000
0.90894540, 0.88521360
0.00000000, 0.06610500, 0.40273900
0.00000007, -0.45351810, -0.89124700
0.90934690, 0.82546370
-0.11241200, 0.09027400, 0.49220400
0.01040327, 0.97396250, -0.22647030
0.92813580, 0.81043680
0.00000000, 0.06610500, 0.40273900
0.00000006, 0.97044920, -0.24130560
0.90934690, 0.82546370
0.00000000, 0.31185300, 0.32470400
-0.00091855, -0.84588060, 0.53337140
0.90648530, 0.55854270
0.00000000, 0.09027400, 0.49839500
0.00000008, 0.96953120, -0.24496790
0.90934560, 0.80933540
0.39879400, -0.32171200, 0.41167800
0.00005445, -0.99866590, 0.05163660
0.53297960, 0.82591270
0.39879400, -0.32171200, -0.11255800
0.00000002, -0.99968550, -0.02508027
0.53304370, 0.70841560
0.11241200, 0.31551100, 0.32223100
0.18766440, 0.46980070, 0.86259450
0.73513440, 0.52473410
0.00000000, 0.31551100, -0.07924700
0.74339930, 0.66108660, -0.10159790
0.69406250, 0.37774720
0.25097800, 0.30359400, -0.07924700
0.30066100, 0.95371850, -0.00488458
0.78605300, 0.37774800
0.25097800, 0.30359400, 0.27580300
0.47819060, 0.63759860, 0.60398820
0.78605300, 0.50773640
0.39879400, -0.32171200, 0.37086400
-0.44721360, 0.89442720, 0.00000000
0.53340210, 0.81631800
0.39879400, -0.32171200, -0.07329000
0.44721360, -0.89442720, 0.00000000
0.53340210, 0.71791240
0.27490700, 0.28861300, -0.07797700
0.75449700, 0.65614000, -0.01464968
0.79638880, 0.37821340
0.27490600, 0.28861300, 0.24183300
0.74453310, 0.66058660, 0.09641489
0.79638880, 0.49530040
0.30221800, 0.00724700, 1.05499300
0.11274500, 0.04746309, 0.99248970
0.78946520, 0.88569120
0.40530500, -0.07770800, 1.04711700
0.10793660, 0.03888067, 0.99339720
0.82319060, 0.91381700
0.37620000, 0.00333300, 1.04710800
0.10793660, 0.03888067, 0.99339720
0.81376330, 0.88700820
0.40530500, -0.07770800, 1.04711700
0.11466800, 0.04715196, 0.99228420
0.82319060, 0.91381700
0.36880200, 0.06379700, -1.07940700
0.68598160, 0.27953630, -0.67178030
0.30457850, 0.37290570
0.39351200, -0.07771200, -1.08852000
0.02115816, 0.04072655, -0.99894630
0.29711580, 0.41656380
0.11241200, 0.09027400, 0.49220500
0.05286413, 0.96992500, 0.23759370
0.72900380, 0.66772260
0.30158100, 0.06864800, 0.53362000
0.15755280, 0.98457240, 0.07612088
0.79281720, 0.68204120
0.30043900, 0.07399400, 0.44577600
0.15030360, 0.98668200, 0.06218925
0.79243200, 0.65167120
0.37000400, 0.05286400, 0.56987600
0.67336770, 0.73745450, 0.05231504
0.81589910, 0.69457580
0.36880200, 0.06379700, 0.41180600
0.88457550, 0.46616920, 0.01457346
0.81549320, 0.63992640
0.36880200, 0.06379700, 0.41180600
0.88457550, 0.46616920, 0.01457346
0.65080620, 0.10277610
0.40537100, -0.07771100, 0.56987600
0.98274920, 0.18060980, -0.03980175
0.61437810, 0.13553460
0.39879400, -0.07771100, 0.41180600
0.99313330, 0.11281120, -0.03098133
0.65080620, 0.13553460
0.37000400, 0.05286400, 0.56987600
0.67336770, 0.73745450, 0.05231504
0.61437810, 0.10530720
0.41878500, -0.30590100, 0.56987700
0.00017351, -0.99504490, 0.09942684
0.53922280, 0.86041120
0.20799600, -0.30590100, 0.57024500
0.00003835, -0.99506100, 0.09926581
0.47784710, 0.86049270
0.37535000, 0.01348600, 0.98150600
0.64452420, 0.76002900, 0.08333331
0.81770240, 0.83688930
0.30119500, 0.02613500, 0.98100000
0.14351300, 0.97881220, 0.14605010
0.79268690, 0.83671440
0.40534200, -0.07771400, 0.98150600
0.96650640, 0.25412540, 0.03585704
0.51951510, 0.13553510
0.37535000, 0.01348600, 0.98150600
0.64452420, 0.76002900, 0.08333331
0.51951510, 0.11442300
0.20799600, -0.38710400, 0.67349400
0.00000002, -0.94413910, -0.32954710
0.47784700, 0.88709080
-0.20796700, -0.38815700, 0.87698800
-0.00000012, -0.94642380, 0.32292720
0.35673060, 0.92845410
-0.20799600, -0.38710400, 0.67349400
0.00000000, -0.94413920, -0.32954690
0.35672210, 0.88709080
0.20796700, -0.38815700, 0.87698800
-0.00000012, -0.94642380, 0.32292730
0.47783860, 0.92845410
0.37620000, 0.00333300, 1.04710800
0.63234000, 0.76229300, 0.13804140
0.81802950, 0.85974360
0.30221800, 0.00724700, 1.05499300
0.07729639, 0.96628410, 0.24560200
0.79306500, 0.86243560
0.40530500, -0.07770800, 1.04711700
0.94655560, 0.32216210, 0.01562249
0.50439480, 0.13553380
0.37620000, 0.00333300, 1.04710800
0.63234000, 0.76229300, 0.13804140
0.50439660, 0.11677320
0.41875500, -0.30695500, 0.98150800
0.43231600, -0.89522170, -0.10807900
0.53921430, 0.95161130
0.41875500, -0.30695500, 0.98150800
0.96499870, -0.17816460, -0.19244470
0.53921430, 0.95161130
0.20796700, -0.30695500, 0.98100200
-0.00079387, -0.92085190, 0.38991150
0.47783860, 0.95149920
0.40530500, -0.26502400, 1.03275800
1.00000000, 0.00000000, 0.00000000
0.53529800, 0.96296620
0.41878500, -0.30590100, 0.56987700
0.99295530, 0.02636476, -0.11551950
0.61437770, 0.18835950
0.39879400, -0.32171200, 0.41167800
0.99803160, 0.00156927, -0.06269269
0.65080590, 0.19201970
0.39879400, -0.26082400, -1.09254000
0.01052531, -0.65962920, -0.75151750
0.29549750, 0.47309960
0.41989800, -0.13021800, 0.89360800
0.97617690, 0.21437090, 0.03352380
0.53977190, 0.14768950
0.41990300, -0.13054500, 0.64053300
0.97602500, 0.21378430, -0.04088219
0.59809480, 0.14776530
0.41990800, -0.16007000, 0.60889800
0.97717260, 0.07905214, -0.19719140
0.60538520, 0.15460030
0.41989600, -0.15986200, 0.92524200
0.98675990, 0.07709277, 0.14269430
0.53248160, 0.15455210
0.41875500, -0.30695500, 0.98150800
0.98368910, 0.05755993, 0.17041880
0.51951490, 0.18860340
0.20799600, -0.30590100, 0.57024500
0.78390710, -0.24042140, 0.57243980
0.47784710, 0.86049270
0.22390600, -0.13054800, 0.64051900
0.58343820, -0.69373490, 0.42229340
0.48248030, 0.87255810
0.20798100, -0.28784200, 0.77374100
0.99869240, -0.05112295, -0.00002639
0.47784280, 0.90557900
0.22390000, -0.13022000, 0.89359400
0.57961730, -0.70296900, -0.41216300
0.48247780, 0.93563770
0.20796700, -0.30695500, 0.98100200
0.75452420, -0.32196270, -0.57186820
0.47783860, 0.95149920
0.41875500, -0.30695500, 0.98150800
0.04928168, -0.40074820, -0.91486190
0.53921430, 0.95161130
0.41989600, -0.15986200, 0.92524200
0.05584961, -0.53247550, -0.84460090
0.53954650, 0.93914520
0.41989800, -0.13021800, 0.89360800
0.00003809, -0.93020400, -0.36704290
0.53954680, 0.93213630
0.41990300, -0.13054500, 0.64053300
-0.00001238, -0.93009890, 0.36730920
0.53954850, 0.87606540
0.41990800, -0.16007000, 0.60889800
0.02522696, -0.51190380, 0.85867230
0.53955020, 0.86905660
0.41878500, -0.30590100, 0.56987700
0.00168495, -0.25849450, 0.96601120
0.53922280, 0.86041120
0.20126900, -0.30855700, -0.37865700
0.00000003, -0.99878030, -0.04937552
0.47588840, 0.65025540
0.41205800, -0.30855700, -0.37865700
0.00000009, -0.99878030, -0.04937556
0.53726420, 0.65025540
0.39879400, -0.07771100, -0.11256000
0.99379890, 0.11078770, 0.00948072
0.77164990, 0.13553460
0.41205800, -0.30855700, -0.37865700
0.99811120, 0.03536432, 0.05023277
0.83297370, 0.18897450
0.39879400, -0.07771100, -0.37864300
0.98786530, 0.15368950, 0.02240016
0.83297030, 0.13553460
0.39879400, -0.32171200, -0.11255800
0.99964820, 0.00156896, 0.02647657
0.77164950, 0.19201970
0.36880200, 0.06379700, -0.37864300
0.95441890, 0.29847020, -0.00024958
0.83297030, 0.10277620
0.36880200, 0.06379700, -0.11004900
0.95472740, 0.29747760, -0.00162742
0.77107130, 0.10277610
-0.20126900, -0.38734400, -0.47706100
-0.00000005, -0.94402460, 0.32987490
0.35868080, 0.62845340
0.20129800, -0.38673800, -0.69612400
0.00000000, -0.94293800, -0.33296830
0.47589690, 0.57991840
0.20126900, -0.38734400, -0.47706100
0.00000000, -0.94402470, 0.32987480
0.47588840, 0.62845340
-0.20129800, -0.38673800, -0.69612400
0.00000000, -0.94293800, -0.33296820
0.35867230, 0.57991840
0.20126900, -0.38733600, -0.48010800
0.45112950, -0.89245530, -0.00240715
0.47588850, 0.62777840
0.36880200, 0.06379700, -0.79433300
0.95474110, 0.29743810, 0.00030914
0.92876890, 0.10277620
0.39879400, -0.07771200, -0.79433300
0.98738800, 0.15532620, -0.03064010
0.92876890, 0.13553460
0.20129800, -0.30795200, -0.79433300
0.02151466, -0.96944250, 0.24437330
0.47589690, 0.55815920
0.39879400, -0.26082400, -1.09254000
0.01052531, -0.65962920, -0.75151750
0.53295650, 0.49312160
0.41208700, -0.30795200, -0.79433300
0.00000003, -0.83474900, 0.55063060
0.53727260, 0.55815920
0.41208700, -0.30795200, -0.79433300
0.99703660, 0.04918431, -0.05915130
0.92876880, 0.18883420
0.39351200, -0.07771200, -1.08852000
0.99409620, 0.10572000, -0.02441398
0.99656620, 0.13553480
0.39879400, -0.26082400, -1.09254000
0.99876530, 0.02968659, -0.03983050
0.99749270, 0.17792430
0.36880200, 0.06379700, -1.07940700
0.68598160, 0.27953630, -0.67178030
0.99446590, 0.10277620
0.41320000, -0.13152900, -0.46792900
0.97768840, 0.20751420, 0.03260654
0.85354680, 0.14799320
0.41320600, -0.13185600, -0.72100400
0.97751860, 0.20718560, -0.03913544
0.91186970, 0.14806890
0.41321100, -0.16138200, -0.75263800
0.97994240, 0.07732718, -0.18366670
0.91916010, 0.15490380
0.41319900, -0.16117300, -0.43629400
0.98760930, 0.07537363, 0.13764700
0.84625660, 0.15485560
0.20129800, -0.30795200, -0.79433300
0.99836210, -0.05721103, 0.00005789
0.47589690, 0.55815920
0.21720800, -0.13185900, -0.72101800
0.99607310, -0.08851083, 0.00204076
0.48053020, 0.57089840
0.20128400, -0.30799500, -0.58779500
0.99905300, -0.04350091, 0.00087709
0.47589270, 0.60391940
0.21627000, -0.13020800, -0.46785800
0.99635270, -0.08530768, 0.00196372
0.48052760, 0.63397810
0.20126900, -0.30855700, -0.37865700
0.99864270, -0.05208419, -0.00006892
0.47588840, 0.65025540
0.41205800, -0.30855700, -0.37865700
0.04563470, -0.40633070, -0.91258580
0.53726420, 0.65025540
0.21627000, -0.13020800, -0.46785800
0.01547079, -0.84857680, -0.52884600
0.48052760, 0.63397810
0.41319900, -0.16117300, -0.43629400
0.05088940, -0.53559770, -0.84293850
0.53759630, 0.63748570
0.20126900, -0.30855700, -0.37865700
0.00000004, -0.44731920, -0.89437440
0.47588840, 0.65025540
0.41320000, -0.13152900, -0.46792900
-0.00485643, -0.93056890, -0.36608450
0.53759660, 0.63047670
0.21720800, -0.13185900, -0.72101800
0.04572144, -0.83873880, 0.54261110
0.48053020, 0.57089840
0.41320600, -0.13185600, -0.72100400
-0.00001242, -0.93009890, 0.36730920
0.53759840, 0.57440600
0.41321100, -0.16138200, -0.75263800
0.02412701, -0.51903460, 0.85441260
0.53759990, 0.56739710
0.28656200, 0.26803900, 0.22377800
0.88422190, 0.46572390, 0.03539738
0.69413880, 0.05549514
0.27490600, 0.28861300, 0.24183300
0.74453310, 0.66058660, 0.09641489
0.68997790, 0.05073249
0.36906800, 0.06347800, 0.37164400
0.95223220, 0.30535900, 0.00311775
0.66006190, 0.10285000
0.28656200, 0.26803800, -0.04495500
0.89489540, 0.44458000, -0.03887000
0.75607010, 0.05549538
0.27490700, 0.28861300, -0.07797700
0.75449700, 0.65614000, -0.01464968
0.76367990, 0.05073249
0.36906800, 0.06347800, -0.07292200
0.95409290, 0.29940370, -0.00801870
0.76251510, 0.10285000
0.39859300, -0.07782200, -0.07312800
0.99458120, 0.10386590, 0.00448060
0.76256250, 0.13556030
0.39859300, -0.30642400, -0.07312600
0.99996810, 0.00771207, 0.00209366
0.76256200, 0.18848060
0.39879400, -0.32171200, 0.37086400
0.99991410, 0.01311141, 0.00000009
0.66024150, 0.19201970
0.39859300, -0.30642500, 0.37056500
0.99996800, 0.00775054, -0.00199368
0.66031060, 0.18848060
0.39859300, -0.07782200, 0.37056400
0.99472550, 0.10244560, -0.00511179
0.66031090, 0.13556030
0.39879400, -0.32171200, -0.07329000
0.99991410, 0.01311143, 0.00000009
0.76259960, 0.19201970
0.28656200, 0.26803900, 0.22377800
-0.61145140, -0.79128200, -0.00000010
0.83869440, 0.53547140
0.25066600, 0.29577700, -0.04495500
-0.34751600, -0.93767400, 0.00000003
0.84906240, 0.47403620
0.28656200, 0.26803800, -0.04495500
-0.61145230, -0.79128130, 0.00000009
0.83869440, 0.47403740
0.25066500, 0.29577700, 0.27129300
-0.08297031, -0.93419460, 0.34698170
0.84906830, 0.54633550
0.28656200, 0.26803800, -0.04495500
-0.13488640, -0.17792250, 0.97475600
0.68972030, 0.21438170
0.35075400, 0.06615700, -0.07292200
-0.01216589, -0.09606475, 0.99530070
0.70433590, 0.26098060
0.36906800, 0.06347800, -0.07292200
-0.00755756, -0.05175095, 0.99863140
0.70851590, 0.26159480
0.25066600, 0.29577700, -0.04495500
-0.02978915, -0.13081680, 0.99095890
0.68146870, 0.20810870
0.35080000, -0.07514300, -0.07312800
-0.00004808, -0.00075874, 0.99999970
0.70433780, 0.29327860
0.39859300, -0.07782200, -0.07312800
-0.00003663, -0.00065285, 0.99999980
0.71526130, 0.29389080
0.35080000, -0.30374500, -0.07312600
0.00000004, 0.00000700, 1.00000000
0.70434920, 0.34552970
0.39859300, -0.30642400, -0.07312600
-0.00000001, 0.00000701, 1.00000000
0.71527240, 0.34613870
0.39859300, -0.30642400, -0.07312600
0.05247247, 0.99861040, 0.00489466
0.84074030, 0.96936920
0.30096800, -0.30374500, 0.42679700
0.01010430, 0.99994890, 0.00017435
0.86120020, 0.88999080
0.39859300, -0.30642500, 0.37056500
0.02743584, 0.99962350, 0.00000005
0.84419550, 0.89472780
0.35080000, -0.30374500, -0.07312600
0.02969373, 0.99955460, 0.00296480
0.84882720, 0.97082130
0.39859300, -0.30642500, 0.37056500
-0.49911770, -0.00000524, -0.86653420
0.84419550, 0.89472780
0.30096800, -0.07514300, 0.42679600
-0.32316400, -0.17352780, -0.93029740
0.85979850, 0.85315820
0.39859300, -0.07782200, 0.37056400
-0.44898410, -0.10133110, -0.88777550
0.84168990, 0.85408590
0.30096800, -0.30374500, 0.42679700
-0.34988160, -0.00000569, -0.93679390
0.86120020, 0.88999080
0.30092800, 0.06615700, 0.37737000
-0.17385440, -0.23239900, -0.95695630
0.85876000, 0.82919470
0.36906800, 0.06347800, 0.37164400
-0.08411845, -0.00995835, -0.99640600
0.84760000, 0.83022890
0.30092800, 0.06615700, 0.37737000
0.03117318, 0.99072740, -0.13223970
0.85876000, 0.82919470
0.30043900, 0.07399400, 0.44577600
0.04977431, 0.99231040, -0.11332520
0.85928690, 0.81808910
0.36906800, 0.06347800, 0.37164400
0.02951297, 0.99309270, -0.11355980
0.84760000, 0.83022890
0.11166600, 0.30882900, 0.31827100
0.05379752, -0.84725890, 0.52844890
0.88097130, 0.55706670
0.33143600, 0.05061000, -0.01618600
0.47239280, 0.49786860, 0.72730460
0.47573780, 0.22987540
-0.33148000, -0.15212200, -0.01639200
-0.76245980, 0.36386670, 0.53502900
0.33938830, 0.27113710
0.33148000, -0.15212200, -0.01639200
0.81755650, 0.32978970, 0.47205940
0.47245780, 0.27066110
-0.33143600, 0.05061000, -0.01618700
-0.47238130, 0.49787540, 0.72730740
0.33601170, 0.22998070
0.33148000, -0.16719600, 0.21263000
0.53626360, 0.59163710, 0.60198580
0.47212780, 0.31826620
-0.35080000, -0.30375000, 0.21263200
-0.73054190, 0.09951267, 0.67557810
0.33534970, 0.34762320
0.35080000, -0.30375000, 0.21263200
0.73211880, 0.10359040, 0.67325410
0.47791310, 0.34581480
-0.33148000, -0.16719600, 0.21263000
-0.53403740, 0.59236370, 0.60324900
0.34052610, 0.31891720
0.11241200, 0.09027400, 0.49220500
-0.01040317, 0.97396250, -0.22647020
0.89055240, 0.81028000
-0.25097800, 0.30359400, 0.27580300
-0.47819070, 0.63759870, 0.60398810
0.96413840, 0.54839650
-0.11241200, 0.31551100, 0.32223100
-0.18608080, 0.46879970, 0.86348180
0.93224340, 0.55883190
0.00000000, 0.31876000, 0.32842100
-0.00139068, 0.51093310, 0.85961930
0.90648510, 0.56033640
0.11241200, 0.31551100, 0.32223100
0.18766440, 0.46980070, 0.86259450
0.88072740, 0.55882820
0.25097800, 0.30359400, 0.27580300
0.47819060, 0.63759860, 0.60398820
0.84883350, 0.54839060
-0.35075400, 0.06615700, -0.07292200
-0.65862670, 0.63793900, 0.39905470
0.32023220, 0.23249700
-0.35080000, -0.07514300, -0.07312800
-0.94810220, 0.01556353, 0.31758480
0.33733570, 0.25642310
-0.35080000, -0.30375000, -0.01639100
-0.99654010, 0.07308435, 0.03957959
0.30626510, 0.28129720
-0.35080000, -0.30374500, -0.07312600
-1.00000000, -0.00000017, 0.00000000
0.30111290, 0.27352880
-0.35080000, -0.30374500, -0.07312600
-0.00015016, -1.00000000, -0.00008613
0.54399560, 0.34553030
0.00000000, -0.30380300, -0.01639100
0.00000002, -1.00000000, 0.00002994
0.62417200, 0.33256360
-0.35080000, -0.30375000, -0.01639100
-0.00015017, -1.00000000, -0.00004241
0.54399480, 0.33256390
0.00000000, -0.30379800, -0.07312600
0.00000005, -1.00000000, -0.00008670
0.62417200, 0.34553070
0.35080000, -0.30375000, -0.01639100
0.00015013, -1.00000000, -0.00004244
0.70434930, 0.33256360
0.35080000, -0.30374500, -0.07312600
0.00015007, -1.00000000, -0.00008606
0.70434920, 0.34552970
0.35080000, -0.30374500, -0.07312600
0.99223690, 0.09758767, 0.07708854
0.51101650, 0.27217900
0.35080000, -0.30375000, -0.01639100
0.99167210, 0.12875930, 0.00272994
0.50599660, 0.28001070
0.35080000, -0.07514300, -0.07312800
0.94665620, -0.00010272, 0.32224520
0.47453000, 0.25578140
0.35075400, 0.06615700, -0.07292200
0.65863030, 0.63792490, 0.39907140
0.49156170, 0.23178430
0.35075400, 0.06615700, -0.07292200
0.65863030, 0.63792490, 0.39907140
0.47804740, 0.21772660
0.00000000, 0.06610500, -0.07292200
-0.00000005, 0.96464590, 0.26354930
0.40587200, 0.21780510
-0.35075400, 0.06615700, -0.07292200
-0.65862670, 0.63793900, 0.39905470
0.33369630, 0.21788380
-0.35080000, -0.30375000, 0.21263200
-0.73054190, 0.09951267, 0.67557810
0.31487370, 0.32465110
-0.35080000, -0.30375000, 0.21263200
-0.00009488, -1.00000000, 0.00008595
0.54400390, 0.27996840
0.35080000, -0.30375000, 0.21263200
0.00009488, -1.00000000, 0.00008595
0.70434950, 0.28021920
0.35080000, -0.30375000, 0.21263200
0.73211880, 0.10359040, 0.67325410
0.49802570, 0.32346510
-0.20799600, -0.30590100, 0.57024500
0.00000001, -0.78602870, -0.61819010
0.35672210, 0.86049270
0.20799600, -0.30590100, 0.57024500
0.00000006, -0.78602860, -0.61819020
0.47784710, 0.86049270
0.20799600, -0.38710400, 0.67349400
1.00000000, 0.00005576, 0.00008920
0.47784700, 0.88709080
0.20796700, -0.38815700, 0.87698800
1.00000000, -0.00005591, 0.00008830
0.47783860, 0.92845410
0.20796700, -0.30695500, 0.98100200
-0.00000023, -0.78824080, 0.61536690
0.47783860, 0.95149920
-0.20796700, -0.30695500, 0.98100200
-0.00000023, -0.78824080, 0.61536690
0.35673060, 0.95149920
-0.20799600, -0.38710400, 0.67349400
-1.00000000, -0.00001509, 0.00009865
0.35672210, 0.88709080
-0.20796700, -0.38815700, 0.87698800
-1.00000000, -0.00018213, 0.00014218
0.35673060, 0.92845410
-0.20798200, -0.28784200, 0.77374100
-1.00000000, 0.00008117, 0.00006366
0.35672630, 0.90557900
-0.20799600, -0.38710400, 0.67349400
-1.00000000, 0.00008117, 0.00006366
0.35672210, 0.88709080
-0.20129800, -0.38673800, -0.69612400
-1.00000000, 0.00006539, 0.00008593
0.35867230, 0.57991840
-0.20129800, -0.30795200, -0.79433300
0.00000000, -0.78001590, -0.62575970
0.35867230, 0.55815920
0.20129800, -0.30795200, -0.79433300
0.00000000, -0.78001590, -0.62575970
0.47589690, 0.55815920
0.20126900, -0.38733600, -0.48010800
1.00000000, -0.00008631, 0.00009725
0.47588850, 0.62777840
0.20126900, -0.38734400, -0.47706100
1.00000000, -0.00017141, 0.00013724
0.47588840, 0.62845340
0.20126900, -0.30855700, -0.37865700
-0.00000002, -0.78062150, 0.62500400
0.47588840, 0.65025540
-0.20126900, -0.30855700, -0.37865800
-0.00000012, -0.78062130, 0.62500420
0.35868080, 0.65025540
0.00000000, -0.29952800, 1.10567000
0.00000002, -0.18693060, 0.98237310
0.12751400, 0.04165924
-0.40807700, -0.20699000, 1.09177000
-0.51086030, -0.10962280, 0.85264560
0.02115563, 0.01723802
-0.40807700, -0.29952800, 1.08060300
-0.50532230, -0.07910226, 0.85929750
0.02115563, 0.04165924
0.00000000, -0.20699000, 1.12435700
0.00000000, -0.19794840, 0.98021250
0.12751400, 0.01723802
0.00000000, -0.20699000, 1.12435700
-0.00000010, 0.92305770, 0.38466140
0.12751400, 0.01723802
-0.40361100, -0.19474200, 1.05955700
-0.27704360, 0.93438960, 0.22397080
0.02231977, 0.01400614
-0.40807700, -0.20699000, 1.09177000
-0.17170670, 0.92851320, 0.32921120
0.02115563, 0.01723802
0.00000000, -0.19474200, 1.09514200
-0.00000008, 0.92224220, 0.38661270
0.12751400, 0.01400614
0.00000000, -0.19474200, 1.09514200
0.00000008, 0.13326080, -0.99108100
0.12751400, 0.01400614
-0.40361100, -0.29952800, 1.05426600
0.49357610, 0.05395770, -0.86802720
0.02231977, 0.04165924
-0.40361100, -0.19474200, 1.05955700
0.53024690, 0.02573573, -0.84745260
0.02231977, 0.01400614
0.00000000, -0.29952800, 1.07933300
0.00000007, 0.14917810, -0.98881040
0.12751400, 0.04165924
0.00000000, -0.29952800, 1.07933300
0.00000009, -1.00000000, -0.00000003
0.12751400, 0.04165924
-0.40807700, -0.29952800, 1.08060300
0.00000033, -1.00000000, 0.00000006
0.02115563, 0.04165924
-0.40361100, -0.29952800, 1.05426600
0.01679739, -0.99521330, -0.09627271
0.02231977, 0.04165924
0.00000000, -0.29952800, 1.10567000
0.00000009, -1.00000000, 0.00000000
0.12751400, 0.04165924
-0.43118600, -0.20699000, 1.05127800
-0.99716990, -0.02254456, 0.07172073
0.01535431, 0.01723802
-0.43118600, -0.29952800, 1.04945500
-0.98726520, -0.02013158, 0.15780390
0.01513288, 0.04165924
-0.43118600, -0.20699000, 1.05127800
-0.40967630, 0.91210440, 0.01519358
0.01535431, 0.01723802
-0.43118600, -0.29952800, 1.04945500
0.04714882, -0.96163980, -0.27023290
0.01513288, 0.04165924
-0.41859100, -0.28830200, 1.02779200
0.00409886, -0.02406619, -0.99970200
0.02227810, 0.03869689
-0.41859100, -0.20596700, 1.02197300
0.24119220, -0.03484134, -0.96985170
0.01841537, 0.01696837
-0.41859100, -0.28830200, 1.02779200
0.07406723, -0.90238500, -0.42451780
0.02227810, 0.03869689
-0.41859100, -0.20596700, 1.02197300
-0.37049340, 0.92009280, -0.12713720
0.01841537, 0.01696837
0.40807700, -0.20699000, 1.09177000
0.51085950, -0.10962160, 0.85264630
0.23387200, 0.01723802
0.40807700, -0.29952800, 1.08060300
0.50532230, -0.07910149, 0.85929760
0.23387200, 0.04165924
0.40361100, -0.19474200, 1.05955700
0.27704310, 0.93438950, 0.22397190
0.23270810, 0.01400614
0.40807700, -0.20699000, 1.09177000
0.17170650, 0.92851290, 0.32921210
0.23387200, 0.01723802
0.40361100, -0.29952800, 1.05426600
-0.49357690, 0.05395753, -0.86802670
0.23270810, 0.04165924
0.40361100, -0.19474200, 1.05955700
-0.53024720, 0.02573582, -0.84745240
0.23270810, 0.01400614
0.40807700, -0.29952800, 1.08060300
-0.00000029, -1.00000000, -0.00000136
0.23387200, 0.04165924
0.40361100, -0.29952800, 1.05426600
-0.01679741, -0.99521320, -0.09627386
0.23270810, 0.04165924
0.43118600, -0.20699000, 1.05127800
0.99717000, -0.02254473, 0.07171922
0.23989480, 0.01723802
0.43118600, -0.29952800, 1.04945500
0.98726530, -0.02013170, 0.15780370
0.23967330, 0.04165924
0.43118600, -0.20699000, 1.05127800
0.40967450, 0.91210520, 0.01519361
0.23989480, 0.01723802
0.43118600, -0.29952800, 1.04945500
-0.04714883, -0.96163980, -0.27023290
0.23967330, 0.04165924
0.41859100, -0.28830200, 1.02779200
-0.00410001, -0.02406690, -0.99970190
0.23661240, 0.03869689
0.41859100, -0.20596700, 1.02197300
-0.24119220, -0.03484205, -0.96985170
0.23274980, 0.01696837
0.41859100, -0.28830200, 1.02779200
-0.07406712, -0.90238530, -0.42451720
0.23661240, 0.03869689
0.41859100, -0.20596700, 1.02197300
0.37049110, 0.92009380, -0.12713680
0.23274980, 0.01696837
0.00000000, -0.29891000, -1.12172400
0.00000032, -0.11840060, -0.99296590
0.87449460, 0.04006022
-0.40807700, -0.19839500, -1.12873200
-0.49398380, -0.05074513, -0.86798900
0.76813140, 0.01391214
0.00000000, -0.19839500, -1.13498500
0.00000029, -0.13080430, -0.99140820
0.87449460, 0.01391214
-0.40807700, -0.29891000, -1.12371100
-0.43050380, -0.02127703, -0.90233790
0.76813150, 0.04006022
0.00000000, -0.19839500, -1.13498500
-0.00000008, 0.89803010, -0.43993400
0.87449460, 0.01391214
-0.40361100, -0.18400500, -1.09651800
-0.28382940, 0.93276040, -0.22225870
0.76929560, 0.01016861
0.00000000, -0.18400500, -1.10577000
-0.00000008, 0.89708330, -0.44186150
0.87449460, 0.01016861
-0.40807700, -0.19839500, -1.12873200
-0.18468210, 0.90661680, -0.37939220
0.76813140, 0.01391214
0.00000000, -0.18400500, -1.10577000
-0.00000005, 0.06630304, 0.99779950
0.87449460, 0.01016861
-0.40361100, -0.29891000, -1.09813200
0.48192660, -0.00080876, 0.87621120
0.76929560, 0.04006022
0.00000000, -0.29891000, -1.09614400
-0.00000002, 0.08347724, 0.99650970
0.87449460, 0.04006022
-0.40361100, -0.18400500, -1.09651800
0.46273930, -0.01904926, 0.88628970
0.76929560, 0.01016861
0.00000000, -0.29891000, -1.09614400
0.00000014, -1.00000000, -0.00000072
0.87449460, 0.04006022
-0.40807700, -0.29891000, -1.12371100
-0.10634760, -0.99415560, 0.01856649
0.76813150, 0.04006022
0.00000000, -0.29891000, -1.12172400
0.00000014, -1.00000000, -0.00000075
0.87449460, 0.04006022
-0.40361100, -0.29891000, -1.09813200
-0.15680930, -0.98468570, 0.07618959
0.76929560, 0.04006022
-0.43118600, -0.19839500, -1.08824000
-0.99446140, -0.01825664, -0.10350480
0.76210830, 0.01391214
-0.43118600, -0.29065800, -1.09345900
-0.97796460, 0.00969744, -0.20854550
0.76233000, 0.03791350
-0.43118600, -0.19839500, -1.08824000
-0.41899940, 0.89405380, 0.15845310
0.76210830, 0.01391214
-0.43118600, -0.29065800, -1.09345900
-0.25212500, -0.94919220, 0.18832700
0.76233000, 0.03791350
-0.41859100, -0.28578900, -1.06453000
0.11684010, -0.04617027, 0.99207700
0.76539130, 0.03664654
-0.41859100, -0.20681600, -1.05893500
0.18251970, -0.06404272, 0.98111420
0.76925400, 0.01359957
-0.41859100, -0.28578900, -1.06453000
-0.23603490, -0.93621470, 0.26036420
0.76539130, 0.03664654
-0.41859100, -0.20681600, -1.05893500
-0.33153630, 0.85932550, 0.38941400
0.76925400, 0.01359957
0.40807700, -0.19839500, -1.12873200
0.49398310, -0.05074520, -0.86798940
0.98085740, 0.01391214
0.40807700, -0.29891000, -1.12371100
0.43050500, -0.02127770, -0.90233730
0.98085740, 0.04006022
0.40361100, -0.18400500, -1.09651800
0.28382950, 0.93275980, -0.22226090
0.97969350, 0.01016861
0.40807700, -0.19839500, -1.12873200
0.18468260, 0.90661560, -0.37939480
0.98085740, 0.01391214
0.40361100, -0.29891000, -1.09813200
-0.55123190, -0.00035251, 0.83435200
0.97969350, 0.04006022
0.40361100, -0.18400500, -1.09651800
-0.46855150, -0.00248511, 0.88343270
0.97969350, 0.01016861
0.40807700, -0.29891000, -1.12371100
0.10634810, -0.99415560, 0.01856876
0.98085740, 0.04006022
0.40361100, -0.29891000, -1.09813200
0.16580250, -0.98503960, 0.04697367
0.97969350, 0.04006022
0.43118600, -0.19839500, -1.08823900
0.99446170, -0.01825671, -0.10350150
0.98665870, 0.01391214
0.43118600, -0.29065800, -1.09345900
0.97986490, 0.01700174, -0.19893660
0.98688050, 0.03791350
0.43118600, -0.19839500, -1.08823900
0.41899730, 0.89405470, 0.15845390
0.98665870, 0.01391214
0.43118600, -0.29065800, -1.09345900
0.27044490, -0.95796690, 0.09570245
0.98688050, 0.03791350
0.41718500, -0.28990000, -1.05648900
-0.17544460, -0.00425398, 0.98448010
0.98323110, 0.03771633
0.41859100, -0.20681600, -1.05893400
-0.14389270, 0.01503419, 0.98947910
0.98359760, 0.01610249
0.41718500, -0.28990000, -1.05648900
0.26583300, -0.95648370, 0.12029870
0.98323110, 0.03771633
0.41859100, -0.20681600, -1.05893400
0.33153260, 0.85932660, 0.38941480
0.98359760, 0.01610249
-0.11241200, 0.09027400, 0.49220400
-0.15072800, 0.60208480, 0.78407590
0.65602080, 0.62981120
0.00000000, 0.31876000, 0.32842100
-0.00000018, 0.60104420, 0.79921570
0.69199520, 0.53903330
-0.11241200, 0.31551100, 0.32223100
-0.18922120, 0.59148560, 0.78379850
0.65510430, 0.53846410
0.00000000, 0.09027400, 0.49839500
-0.00000027, 0.59686730, 0.80234000
0.69206990, 0.63116490
-0.25097800, 0.30359400, 0.27580300
-0.47819070, 0.63759870, 0.60398810
0.60726460, 0.53286700
-0.30043900, 0.07399400, 0.44577600
-0.25997800, 0.87552300, 0.40727260
0.59382600, 0.62603810
-0.36880200, 0.06379700, 0.41180600
-0.83159310, 0.52692220, 0.17551640
0.56972740, 0.62288260
-0.27490700, 0.28861300, 0.24183300
-0.74453300, 0.66058670, 0.09641450
0.59271670, 0.52932490
0.11241200, 0.09027400, 0.49220500
0.15072770, 0.60208480, 0.78407600
0.72854940, 0.63030790
0.11241200, 0.31551100, 0.32223100
0.18922110, 0.59148570, 0.78379850
0.72846570, 0.53902910
0.25097800, 0.30359400, 0.27580300
0.47819060, 0.63759860, 0.60398820
0.77523710, 0.53301470
0.30043900, 0.07399400, 0.44577600
0.33758790, 0.60596630, 0.72030500
0.79164270, 0.62556230
0.36880200, 0.06379700, 0.41180600
0.46797220, 0.59864590, 0.65009620
0.81646770, 0.62130810
0.27490600, 0.28861300, 0.24183300
0.74453310, 0.66058660, 0.09641489
0.78872250, 0.52913090
0.12527900, 0.10301300, 0.30688100
-0.49999990, 0.81195980, 0.30119990
0.94224600, 0.41344920
0.22084600, 0.08399300, 0.31224100
-0.10150490, -0.50538830, 0.85690100
0.95314100, 0.41506900
0.23006600, 0.10301300, 0.30688100
0.50000040, 0.81195940, 0.30120000
0.95419210, 0.41344920
0.13449800, 0.08399300, 0.31224100
0.10150470, -0.50538970, 0.85690030
0.94329700, 0.41506900
0.22084600, 0.09209000, 0.29041300
-0.10150450, 0.17571810, -0.97919350
0.95314100, 0.41498830
0.13449800, 0.09209000, 0.29041300
0.10150400, 0.17571740, -0.97919370
0.94329700, 0.41498830
0.26402000, 0.01388200, 0.28623300
-0.20300950, -0.34055330, 0.91804720
0.95806310, 0.42246540
0.28245900, 0.01793000, 0.27531900
1.00000000, -0.00000017, -0.00000039
0.96016520, 0.42242500
0.26402000, 0.02197900, 0.26440500
-0.20300970, 0.34055210, -0.91804750
0.95806310, 0.42238450
0.22084600, -0.05623000, 0.26022500
-0.10150490, -0.17571510, 0.97919400
0.95314100, 0.42986170
0.23006500, -0.06715200, 0.24375700
0.49999960, -0.81196050, -0.30119850
0.95419210, 0.43140070
0.22084600, -0.04813200, 0.23839700
-0.10150400, 0.50538830, -0.85690120
0.95314100, 0.42978080
0.13449800, -0.05623000, 0.26022500
0.10150440, -0.17571690, 0.97919370
0.94329700, 0.42986170
0.12527900, -0.06715200, 0.24375700
-0.50000020, -0.81195990, -0.30119920
0.94224600, 0.43140070
0.13449800, -0.04813200, 0.23839700
0.10150500, 0.50538880, -0.85690080
0.94329700, 0.42978080
0.09132400, 0.01388200, 0.28623300
0.20300980, -0.34055270, 0.91804730
0.93837500, 0.42246540
0.07288500, 0.01793000, 0.27531900
-1.00000000, 0.00000028, 0.00000008
0.93627290, 0.42242500
0.09132400, 0.02197900, 0.26440500
0.20301020, 0.34055270, -0.91804720
0.93837500, 0.42238450
0.16526300, -0.05835500, 0.48405900
0.00000000, -0.34308290, 0.93930510
0.94442470, 0.42370690
0.18988600, -0.05835500, 0.48405900
0.00000000, -0.34308290, 0.93930510
0.95297520, 0.42370690
0.17757400, -0.04679100, 0.48828300
0.00000000, -0.34308340, 0.93930490
0.94869990, 0.41999720
0.17757400, -0.06991900, 0.47983500
0.00000000, -0.34308240, 0.93930530
0.94869990, 0.42741670
0.16526300, 0.01888900, 0.27257900
-0.81649650, 0.19808120, -0.54230740
0.94442470, 0.42166580
0.18988600, 0.01888900, 0.27257900
0.81649680, 0.19808060, -0.54230720
0.95297520, 0.42166580
0.17757400, 0.00732400, 0.26835500
-0.00000031, -0.56885950, -0.82243470
0.94870000, 0.42537550
0.17757400, 0.03045300, 0.27680300
0.00000048, 0.96501860, -0.26218130
0.94870000, 0.41795610
0.16526300, -0.05835500, 0.48405900
-1.00000000, 0.00000038, -0.00000052
0.94442470, 0.42370690
0.17757400, -0.04679100, 0.48828300
-0.00000059, 0.93930460, 0.34308410
0.94869990, 0.41999720
0.18988600, -0.05835500, 0.48405900
1.00000000, -0.00000030, 0.00000066
0.95297520, 0.42370690
0.17757400, -0.06991900, 0.47983500
-0.00000064, -0.93930470, -0.34308400
0.94869990, 0.42741670
-0.20126900, -0.38734400, -0.47706100
-1.00000000, -0.00006575, 0.00008603
0.35868080, 0.62845340
0.20129800, -0.38673800, -0.69612400
1.00000000, 0.00006539, 0.00008628
0.47589690, 0.57991840
-0.25765600, 0.33774600, 0.14540900
-0.60707640, -0.41127270, 0.67993610
0.75945970, 0.34337900
0.25765700, 0.32042500, 0.11236400
0.86096950, -0.45051350, 0.23615460
0.95820250, 0.36328100
0.25765700, 0.33774600, 0.14540900
0.60707650, -0.41127270, 0.67993590
0.95820250, 0.34462880
-0.25765700, 0.32042500, 0.11236400
-0.86096950, -0.45051360, 0.23615460
0.75945970, 0.36328100
-0.15318300, 0.30826800, 0.11236400
0.00000000, -1.00000000, 0.00000000
0.93632620, 0.42972790
0.15318300, 0.30826800, 0.07213900
0.00000000, -1.00000000, 0.00000000
0.96328470, 0.41288760
0.15318300, 0.30826800, 0.11236400
0.00000000, -1.00000000, 0.00000000
0.96328470, 0.42972790
-0.15318300, 0.30826800, 0.07213800
0.00000000, -1.00000000, 0.00000000
0.93632620, 0.41288760
-0.25765700, 0.32042500, 0.07213800
-0.86096950, -0.45051350, -0.23615480
0.75953860, 0.22768480
0.25765700, 0.33774600, 0.03909400
0.60707650, -0.41127270, -0.67993590
0.95820350, 0.24758660
0.25765700, 0.32042500, 0.07213900
0.86096950, -0.45051350, -0.23615470
0.95820350, 0.22768480
-0.25765600, 0.33774600, 0.03909400
-0.60707660, -0.41127270, -0.67993590
0.75953860, 0.24758660
-0.25765600, 0.37594000, 0.14540900
-0.59574830, 0.47181670, 0.64997920
0.75936910, 0.32475890
0.25765700, 0.39326200, 0.09225100
0.64356670, 0.76539000, 0.00000006
0.95820250, 0.29548260
-0.25765700, 0.39326200, 0.09225100
-0.64356670, 0.76539010, -0.00000002
0.75942390, 0.29548280
0.25765700, 0.37594000, 0.14540900
0.59574830, 0.47181670, 0.64997920
0.95822020, 0.32475890
0.25765700, 0.37594000, 0.03909400
0.59574830, 0.47181670, -0.64997920
0.95822640, 0.26620640
-0.25765600, 0.37594000, 0.03909400
-0.59574820, 0.47181650, -0.64997940
0.75969120, 0.26620640
0.25765700, 0.33774600, 0.14540900
0.60707650, -0.41127270, 0.67993590
0.98304300, 0.32637160
0.25765700, 0.32042500, 0.11236400
0.86096950, -0.45051350, 0.23615460
0.99402600, 0.30789800
0.25765700, 0.32042500, 0.07213900
0.86096950, -0.45051350, -0.23615470
0.99402600, 0.28306700
0.25765700, 0.33774600, 0.03909400
0.60707650, -0.41127270, -0.67993590
0.98304300, 0.26459340
-0.25765600, 0.33774600, 0.03909400
-0.60707660, -0.41127270, -0.67993590
0.73677730, 0.26459360
-0.25765700, 0.32042500, 0.07213800
-0.86096950, -0.45051350, -0.23615480
0.72579480, 0.28306700
-0.25765700, 0.32042500, 0.11236400
-0.86096950, -0.45051360, 0.23615460
0.72579480, 0.30789800
-0.25765600, 0.33774600, 0.14540900
-0.60707640, -0.41127270, 0.67993610
0.73677730, 0.32637140
0.25765700, 0.32042500, 0.11236400
-0.00000015, -0.00000030, 1.00000000
0.97205960, 0.42972790
-0.15318300, 0.30826800, 0.11236400
-0.00000015, -0.00000049, 1.00000000
0.93632620, 0.42972790
0.15318300, 0.30826800, 0.11236400
-0.00000016, -0.00000023, 1.00000000
0.96328470, 0.42972790
-0.25765700, 0.32042500, 0.11236400
-0.00000015, -0.00000049, 1.00000000
0.92755130, 0.42972790
-0.25765700, 0.32042500, 0.11236400
-0.11558370, -0.99329780, 0.00000000
0.92755130, 0.42972790
-0.15318300, 0.30826800, 0.07213800
-0.11558370, -0.99329780, 0.00000000
0.93632620, 0.41288760
-0.15318300, 0.30826800, 0.11236400
-0.11558370, -0.99329780, 0.00000000
0.93632620, 0.42972790
-0.25765700, 0.32042500, 0.07213800
-0.11558370, -0.99329780, 0.00000000
0.92755130, 0.41288760
-0.25765700, 0.32042500, 0.07213800
0.00000014, 0.00000010, -1.00000000
0.92755130, 0.41288760
0.15318300, 0.30826800, 0.07213900
0.00000015, 0.00000029, -1.00000000
0.96328470, 0.41288760
-0.15318300, 0.30826800, 0.07213800
0.00000014, 0.00000003, -1.00000000
0.93632620, 0.41288760
0.25765700, 0.32042500, 0.07213900
0.00000015, 0.00000030, -1.00000000
0.97205960, 0.41288760
0.25765700, 0.32042500, 0.07213900
0.11558370, -0.99329780, 0.00000000
0.97205960, 0.41288760
0.15318300, 0.30826800, 0.11236400
0.11558370, -0.99329780, 0.00000000
0.96328470, 0.42972790
0.15318300, 0.30826800, 0.07213900
0.11558370, -0.99329780, 0.00000000
0.96328470, 0.41288760
0.25765700, 0.32042500, 0.11236400
0.11558370, -0.99329780, 0.00000000
0.97205960, 0.42972790
0.00000000, 0.31153100, -1.03253100
0.00004051, 0.78737790, -0.61647060
0.14897760, 0.63663510
-0.36880200, 0.06379700, -1.07940700
-0.68626910, 0.28146560, -0.67068010
0.06570455, 0.69321080
-0.25097800, 0.29636500, -1.03068800
-0.23745520, 0.77450390, -0.58630940
0.09412429, 0.63748050
0.00000000, 0.07466000, -1.09844700
0.00000001, 0.13716800, -0.99054780
0.14969970, 0.69140630
-0.27490600, 0.28138400, -1.03072000
-0.62591560, 0.58522830, -0.51549730
0.08799875, 0.63872110
0.36880200, 0.06379700, -1.07940700
0.68598160, 0.27953630, -0.67178030
0.23144260, 0.69420640
0.25097900, 0.29636500, -1.03068700
0.23737990, 0.77452290, -0.58631480
0.20378260, 0.63701700
0.27490700, 0.28138400, -1.03072000
0.62307490, 0.58678040, -0.51717160
0.20991870, 0.63820540
0.00000000, 0.31876000, -0.07924700
0.64463190, 0.75820550, -0.09784744
0.14801280, 0.42705020
0.00000000, 0.31551100, -0.07924700
0.74339930, 0.66108660, -0.10159790
0.14819610, 0.42697760
0.00000000, 0.31739900, -0.38058700
0.00171426, 0.99999450, 0.00283585
0.14834590, 0.49344310
0.25097800, 0.30223300, -0.38058700
0.30378100, 0.95274030, 0.00173935
0.20397690, 0.49374920
0.25097800, 0.30359400, -0.07924700
0.30066100, 0.95371850, -0.00488458
0.20414080, 0.42728510
0.27490700, 0.28725200, -0.37931700
0.76248370, 0.64700740, -0.00029174
0.21026110, 0.49370810
0.27490700, 0.28861300, -0.07797700
0.75449700, 0.65614000, -0.01464968
0.21052440, 0.42719060
0.36880200, 0.06379700, -0.37864300
0.95441890, 0.29847020, -0.00024958
0.26375060, 0.49413200
0.36880200, 0.06379700, -0.11004900
0.95472740, 0.29747760, -0.00162742
0.26426830, 0.43486520
-0.36880200, 0.06379700, -0.11004900
-0.95464340, 0.29774500, -0.00195490
0.03191581, 0.43585760
-0.27490700, 0.28725200, -0.37931700
-0.76253330, 0.64694890, 0.00023827
0.08642939, 0.49423160
-0.36883000, 0.06353100, -0.37864000
-0.95445810, 0.29834480, 0.00026004
0.03283405, 0.49511350
-0.27490600, 0.28861300, -0.07797700
-0.75461200, 0.65600280, -0.01486980
0.08559439, 0.42771850
-0.25097800, 0.30223300, -0.38058700
-0.30514000, 0.95230750, 0.00019223
0.09271285, 0.49421990
-0.25097800, 0.30359400, -0.07924700
-0.30615890, 0.95197220, -0.00396810
0.09198086, 0.42775930
0.25097900, 0.30423100, -0.79712500
0.30427670, 0.95248200, -0.01391463
0.20365550, 0.58562440
0.00000000, 0.31939700, -0.79712500
0.00003195, 0.99989740, -0.01432395
0.14873840, 0.58505160
0.27490700, 0.28925000, -0.79585500
0.76014180, 0.64971660, -0.00726157
0.20947590, 0.58571760
0.36880200, 0.06379700, -0.79433300
0.95474110, 0.29743810, 0.00030914
0.26312310, 0.58596310
-0.27490700, 0.28925000, -0.79585500
-0.76105960, 0.64861380, -0.00940183
0.08799762, 0.58623150
-0.36880200, 0.06379700, -0.79433300
-0.95433830, 0.29872420, -0.00155179
0.03435495, 0.58693140
-0.25097800, 0.30423100, -0.79712500
-0.30433130, 0.95246450, -0.01392009
0.09381662, 0.58608900
0.36880200, 0.06379700, -1.07940700
0.68598160, 0.27953630, -0.67178030
0.26239280, 0.64895370
-0.36880200, 0.06379700, -1.07940700
-0.68626910, 0.28146560, -0.67068010
0.03561726, 0.64991470
0.40530500, -0.07770800, 1.04711700
0.11446390, -0.07592783, 0.99052160
0.82319060, 0.91381700
0.00000000, -0.26502400, 1.07959500
0.11446390, -0.07592783, 0.99052160
0.69020620, 0.97582020
0.40530500, -0.26502400, 1.03275800
0.11446390, -0.07592783, 0.99052160
0.82289430, 0.97580910
0.40530500, -0.07770800, 1.04711700
0.11446430, -0.07592864, 0.99052140
0.82319060, 0.91381700
0.00000000, -0.07770800, 1.09395400
0.11446430, -0.07592864, 0.99052140
0.69020620, 0.91375670
0.40530500, -0.07770800, 1.04711700
1.00000000, 0.00000000, 0.00000000
0.82319060, 0.91381700
0.40530500, -0.07770800, 1.04711700
1.00000000, 0.00000000, 0.00000000
0.82319060, 0.91381700
0.00000000, -0.26502400, 1.07959500
1.00000000, 0.00000000, 0.00000000
0.69020620, 0.97582020
0.40530500, -0.26502400, 1.03275800
0.07431507, -0.76217650, 0.64308960
0.53529800, 0.96296620
0.00000000, -0.26502400, 1.07959500
0.07431507, -0.76217650, 0.64308960
0.41728460, 0.97334330
0.41875500, -0.30695500, 0.98150800
0.07431507, -0.76217650, 0.64308960
0.53921430, 0.95161130
0.40530500, -0.26502400, 1.03275800
0.99999980, -0.00004267, 0.00055932
0.50658170, 0.17856910
0.40534200, -0.07771400, 0.98150600
0.99999980, -0.00004267, 0.00055932
0.51951510, 0.13553510
0.40530500, -0.07770800, 1.04711700
0.99999980, -0.00004267, 0.00055932
0.50439480, 0.13553380
0.40534200, -0.07771400, 0.98150600
0.97614960, 0.05711905, 0.20945050
0.51951510, 0.13553510
0.40530500, -0.26502400, 1.03275800
0.97614960, 0.05711905, 0.20945050
0.50658170, 0.17856910
0.41875500, -0.30695500, 0.98150800
0.97614960, 0.05711905, 0.20945050
0.51951490, 0.18860340
-0.35080000, -0.07514300, -0.07312800
0.00008217, -0.00147272, 0.99999890
0.54400120, 0.29569580
-0.36906800, 0.06347800, -0.07292200
0.00008217, -0.00147272, 0.99999890
0.53982950, 0.26159570
-0.39859300, -0.07782200, -0.07312800
0.00008217, -0.00147272, 0.99999890
0.53297430, 0.29675760
-0.36906800, 0.06347800, -0.07292200
0.00021193, -0.00145562, 0.99999890
0.53982950, 0.26159570
-0.35080000, -0.07514300, -0.07312800
0.00021193, -0.00145562, 0.99999890
0.54400120, 0.29569580
-0.35075400, 0.06615700, -0.07292200
0.00021193, -0.00145562, 0.99999890
0.54400940, 0.26098120
-0.35080000, -0.30374500, -0.07312600
-0.00000079, 0.00000701, 1.00000000
0.54399560, 0.34553030
-0.39859300, -0.07782200, -0.07312800
-0.00000079, 0.00000701, 1.00000000
0.53297430, 0.29675760
-0.39859300, -0.30642400, -0.07312600
-0.00000079, 0.00000701, 1.00000000
0.53305180, 0.34709240
-0.35080000, -0.07514300, -0.07312800
-0.00000079, 0.00000701, 1.00000000
0.54400120, 0.29569580
-0.39859300, -0.07782200, 0.37056400
-0.99467530, 0.10305790, -0.00000010
0.34013860, 0.13549170
-0.36906800, 0.06347800, -0.07292200
-0.97885860, 0.20453800, -0.00000009
0.23792970, 0.10277990
-0.39859300, -0.07782200, -0.07312800
-0.99470540, 0.10276760, -0.00000008
0.23788240, 0.13549170
-0.36906800, 0.06347800, 0.37164400
-0.97885870, 0.20453770, -0.00000020
0.34038770, 0.10277990
-0.39859300, -0.30642400, -0.07312600
-1.00000000, 0.00000012, -0.00000006
0.23788280, 0.18841420
-0.39859300, -0.30642500, 0.37056500
-1.00000000, 0.00000000, 0.00000000
0.34013880, 0.18841420
-0.37021900, -0.08100400, 0.35371900
0.99379720, -0.11120780, 0.00000020
0.96163100, 0.73328750
-0.34069400, 0.04959000, -0.05606800
0.97538210, -0.22052140, 0.00000014
0.86389330, 0.69973770
-0.34069400, 0.04959000, 0.35471700
0.97538230, -0.22052050, 0.00000043
0.96186910, 0.69973770
-0.37021900, -0.08100400, -0.05625800
0.99383210, -0.11089590, 0.00000008
0.86384800, 0.73328750
-0.37021900, -0.29228400, -0.05625700
1.00000000, -0.00000013, 0.00000006
0.86384840, 0.78756590
-0.37021900, -0.29228400, 0.35372000
1.00000000, 0.00000000, 0.00000000
0.96163120, 0.78756590
-0.36906800, 0.06347800, 0.37164400
0.43962850, 0.89817970, 0.00000034
0.96590630, 0.69616980
-0.34069400, 0.04959000, -0.05606800
0.43962850, 0.89817970, 0.00000034
0.86389330, 0.69973770
-0.36906800, 0.06347800, -0.07292200
0.43962850, 0.89817970, 0.00000034
0.85987360, 0.69616980
-0.34069400, 0.04959000, 0.35471700
0.43962790, 0.89818000, 0.00000029
0.96186910, 0.69973770
-0.36906800, 0.06347800, -0.07292200
0.47461460, -0.10458070, -0.87395870
0.85987360, 0.69616980
-0.37021900, -0.08100400, -0.05625800
0.50388700, -0.05178567, -0.86221580
0.86384800, 0.73328750
-0.39859300, -0.07782200, -0.07312800
0.50604590, -0.05190553, -0.86094330
0.85982450, 0.73247020
-0.34069400, 0.04959000, -0.05606800
0.46943690, -0.10485770, -0.87671770
0.86389330, 0.69973770
-0.37021900, -0.29228400, -0.05625700
0.51103990, -0.00000624, -0.85955700
0.86384840, 0.78756590
-0.39859300, -0.30642400, -0.07312600
0.51103990, -0.00000625, -0.85955700
0.85982500, 0.79119870
-0.39859300, -0.30642400, -0.07312600
0.44604450, -0.89501080, -0.00000012
0.85982500, 0.79119870
-0.37021900, -0.29228400, 0.35372000
0.44604450, -0.89501080, -0.00000012
0.96163120, 0.78756590
-0.39859300, -0.30642500, 0.37056500
0.44604450, -0.89501080, -0.00000012
0.96564890, 0.79119870
-0.37021900, -0.29228400, -0.05625700
0.44604410, -0.89501100, -0.00000008
0.86384840, 0.78756590
-0.39859300, -0.30642500, 0.37056500
0.51049290, 0.00000513, 0.85988200
0.96564890, 0.79119870
-0.37021900, -0.08100400, 0.35371900
0.50464830, -0.05948663, 0.86127320
0.96163100, 0.73328750
-0.39859300, -0.07782200, 0.37056400
0.50239490, -0.05877824, 0.86263810
0.96564870, 0.73247020
-0.37021900, -0.29228400, 0.35372000
0.51049290, 0.00000512, 0.85988190
0.96163120, 0.78756590
-0.34069400, 0.04959000, 0.35471700
0.47451810, -0.10696570, 0.87372240
0.96186910, 0.69973770
-0.36906800, 0.06347800, 0.37164400
0.47103850, -0.10512290, 0.87582640
0.96590630, 0.69616980
-0.48846000, 0.05388100, 0.23422500
0.11139920, 0.03461964, -0.99317250
0.10279670, 0.21074160
-0.38298700, 0.10137700, 0.24771100
0.11139910, 0.03461983, -0.99317250
0.13054550, 0.19835350
-0.39046600, 0.04118900, 0.24477400
0.11139900, 0.03462005, -0.99317250
0.12857770, 0.21405220
-0.48098000, 0.11407000, 0.23716200
0.11139930, 0.03461942, -0.99317250
0.10476450, 0.19504280
-0.48846000, 0.05388100, 0.23422500
-0.52458970, -0.43829380, 0.72986580
0.10279670, 0.21074160
-0.40176500, 0.07206900, 0.26842400
0.26035240, -0.07931002, 0.96225080
0.12560520, 0.20599770
-0.47495700, 0.08155000, 0.26054500
-0.46742630, 0.01495588, 0.88390550
0.10634910, 0.20352500
-0.39046600, 0.04118900, 0.24477400
0.23243680, -0.53634800, 0.81135930
0.12857770, 0.21405220
-0.38298700, 0.10137700, 0.24771100
0.34668600, 0.38300570, 0.85622160
0.13054550, 0.19835350
-0.48098000, 0.11407000, 0.23716200
-0.41033940, 0.48105950, 0.77472790
0.10476450, 0.19504280
-0.36411500, 0.05254800, 0.25922500
0.95130350, -0.30825560, 0.00000000
0.33910170, -0.19495870
-0.36198500, 0.05912100, 0.25067300
0.95130350, -0.30825560, 0.00000000
0.33717090, -0.19655750
-0.36198500, 0.05912100, 0.25922500
0.95130350, -0.30825560, 0.00000000
0.33910170, -0.19655750
-0.36411500, 0.05254800, 0.25067300
0.95130350, -0.30825560, 0.00000000
0.33717090, -0.19495870
-0.43529500, 0.07561200, 0.25922500
-0.95130460, 0.30825240, 0.00000000
0.12754450, 0.22248790
-0.43316500, 0.08218600, 0.25067300
-0.95130460, 0.30825240, 0.00000000
0.12680400, 0.22022170
-0.43529500, 0.07561200, 0.25067300
-0.95130460, 0.30825240, 0.00000000
0.12754450, 0.22248790
-0.43316500, 0.08218600, 0.25922500
-0.95130460, 0.30825240, 0.00000000
0.12680400, 0.22022170
-0.36411500, 0.05254800, 0.25922500
-0.21797010, -0.67267290, 0.70710690
0.10279430, 0.23043900
-0.43316500, 0.08218600, 0.25922500
0.21797110, 0.67267420, 0.70710540
0.12680400, 0.22022170
-0.43529500, 0.07561200, 0.25922500
-0.21796980, -0.67267220, 0.70710770
0.12754450, 0.22248790
-0.36198500, 0.05912100, 0.25922500
0.21797060, 0.67267260, 0.70710710
0.10205360, 0.22817280
-0.43316500, 0.08218600, 0.25067300
0.21797110, 0.67267400, -0.70710560
0.12680400, 0.22022170
-0.36198500, 0.05912100, 0.25067300
0.21797070, 0.67267270, -0.70710690
0.10205360, 0.22817280
-0.43529500, 0.07561200, 0.25067300
-0.21796970, -0.67267190, -0.70710800
0.12754450, 0.22248790
-0.36411500, 0.05254800, 0.25067300
-0.21797010, -0.67267320, -0.70710660
0.10279430, 0.23043900
0.39859300, -0.07782200, 0.37056400
0.99467530, 0.10305790, 0.00000021
0.66031060, 0.13556030
0.36906800, 0.06347800, -0.07292200
0.97885860, 0.20453800, 0.00000024
0.76251510, 0.10285000
0.36906800, 0.06347800, 0.37164400
0.97885870, 0.20453770, 0.00000014
0.66006190, 0.10285000
0.39859300, -0.07782200, -0.07312800
0.99470540, 0.10276750, 0.00000027
0.76256210, 0.13556030
0.39859300, -0.30642400, -0.07312600
1.00000000, 0.00000000, 0.00000026
0.76256250, 0.18848060
0.39859300, -0.30642500, 0.37056500
1.00000000, 0.00000000, 0.00000026
0.66031100, 0.18848060
0.37021900, -0.08100400, 0.35371900
-0.99379720, -0.11120780, -0.00000012
0.86446650, 0.61975690
0.34069400, 0.04959000, -0.05606800
-0.97538220, -0.22052120, -0.00000015
0.96189660, 0.58610120
0.37021900, -0.08100400, -0.05625800
-0.99383210, -0.11089580, -0.00000020
0.96194180, 0.61975690
0.34069400, 0.04959000, 0.35471700
-0.97538230, -0.22052050, 0.00000007
0.86422920, 0.58610120
0.37021900, -0.29228400, -0.05625700
-1.00000000, -0.00000013, -0.00000021
0.96194140, 0.67420670
0.37021900, -0.29228400, 0.35372000
-1.00000000, 0.00000000, -0.00000028
0.86446630, 0.67420670
0.36906800, 0.06347800, 0.37164400
-0.43962780, 0.89818010, 0.00000012
0.86020460, 0.58252200
0.34069400, 0.04959000, -0.05606800
-0.43962780, 0.89818010, 0.00000012
0.96189660, 0.58610120
0.34069400, 0.04959000, 0.35471700
-0.43962780, 0.89818010, 0.00000012
0.86422920, 0.58610120
0.36906800, 0.06347800, -0.07292200
-0.43962860, 0.89817970, 0.00000019
0.96590370, 0.58252200
0.36906800, 0.06347800, -0.07292200
-0.47461380, -0.10458060, -0.87395920
0.96590370, 0.58252200
0.37021900, -0.08100400, -0.05625800
-0.50388620, -0.05178559, -0.86221630
0.96194180, 0.61975690
0.34069400, 0.04959000, -0.05606800
-0.46943600, -0.10485750, -0.87671820
0.96189660, 0.58610120
0.39859300, -0.07782200, -0.07312800
-0.50604520, -0.05190545, -0.86094370
0.96595260, 0.61893700
0.37021900, -0.29228400, -0.05625700
-0.51104000, -0.00000610, -0.85955700
0.96194140, 0.67420670
0.39859300, -0.30642400, -0.07312600
-0.51103990, -0.00000610, -0.85955700
0.96595220, 0.67785100
0.39859300, -0.30642400, -0.07312600
-0.44604420, -0.89501090, -0.00000021
0.96595220, 0.67785100
0.37021900, -0.29228400, 0.35372000
-0.44604420, -0.89501090, -0.00000021
0.86446630, 0.67420670
0.37021900, -0.29228400, -0.05625700
-0.44604420, -0.89501090, -0.00000021
0.96194140, 0.67420670
0.39859300, -0.30642500, 0.37056500
-0.44604440, -0.89501080, -0.00000023
0.86046120, 0.67785100
0.39859300, -0.30642500, 0.37056500
-0.51049300, 0.00000511, 0.85988190
0.86046120, 0.67785100
0.37021900, -0.08100400, 0.35371900
-0.50464910, -0.05948676, 0.86127270
0.86446650, 0.61975690
0.37021900, -0.29228400, 0.35372000
-0.51049290, 0.00000512, 0.85988190
0.86446630, 0.67420670
0.39859300, -0.07782200, 0.37056400
-0.50239570, -0.05877836, 0.86263760
0.86046150, 0.61893700
0.34069400, 0.04959000, 0.35471700
-0.47451830, -0.10696560, 0.87372230
0.86422920, 0.58610120
0.36906800, 0.06347800, 0.37164400
-0.47103860, -0.10512270, 0.87582640
0.86020460, 0.58252200
0.48832700, 0.05388100, 0.23422500
-0.11139880, 0.03461952, -0.99317260
0.89412490, 0.19411790
0.38285400, 0.10137700, 0.24771100
-0.11139880, 0.03461962, -0.99317260
0.86597150, 0.18190780
0.48084700, 0.11407000, 0.23716200
-0.11139890, 0.03461940, -0.99317260
0.89212830, 0.17864480
0.39033400, 0.04118900, 0.24477400
-0.11139870, 0.03461974, -0.99317260
0.86796800, 0.19738090
0.48832700, 0.05388100, 0.23422500
0.52458940, -0.43829330, 0.72986640
0.89412490, 0.19411790
0.40163200, 0.07206900, 0.26842400
-0.26035250, -0.07930952, 0.96225080
0.87098380, 0.18944220
0.39033400, 0.04118900, 0.24477400
-0.23243610, -0.53634700, 0.81136020
0.86796800, 0.19738090
0.47482500, 0.08155000, 0.26054500
0.46742570, 0.01495599, 0.88390580
0.89052080, 0.18700500
0.38285400, 0.10137700, 0.24771100
-0.34668600, 0.38300570, 0.85622160
0.86597150, 0.18190780
0.48084700, 0.11407000, 0.23716200
0.41033900, 0.48105960, 0.77472810
0.89212830, 0.17864480
0.36398300, 0.05254800, 0.25922500
-0.95130350, -0.30825560, 0.00000000
0.34054410, -0.21151050
0.36185300, 0.05912100, 0.25067300
-0.95130350, -0.30825560, 0.00000000
0.33861930, -0.21311430
0.36398300, 0.05254800, 0.25067300
-0.95130350, -0.30825560, 0.00000000
0.33861930, -0.21151050
0.36185300, 0.05912100, 0.25922500
-0.95130350, -0.30825560, 0.00000000
0.34054410, -0.21311430
0.43516200, 0.07561200, 0.25922500
0.95130460, 0.30825240, 0.00000000
0.86750670, 0.20916750
0.43303200, 0.08218600, 0.25067300
0.95130460, 0.30825240, 0.00000000
0.86825820, 0.20693400
0.43303200, 0.08218600, 0.25922500
0.95130460, 0.30825240, 0.00000000
0.86825820, 0.20693400
0.43516200, 0.07561200, 0.25067300
0.95130460, 0.30825240, 0.00000000
0.86750670, 0.20916750
0.36398300, 0.05254800, 0.25922500
0.21797010, -0.67267320, 0.70710670
0.89261750, 0.21700430
0.43303200, 0.08218600, 0.25922500
-0.21797110, 0.67267390, 0.70710570
0.86825820, 0.20693400
0.36185300, 0.05912100, 0.25922500
-0.21797060, 0.67267260, 0.70710710
0.89336900, 0.21477070
0.43516200, 0.07561200, 0.25922500
0.21796980, -0.67267220, 0.70710770
0.86750670, 0.20916750
0.43303200, 0.08218600, 0.25067300
-0.21797110, 0.67267400, -0.70710560
0.86825820, 0.20693400
0.36185300, 0.05912100, 0.25067300
-0.21797060, 0.67267250, -0.70710720
0.89336900, 0.21477070
0.43516200, 0.07561200, 0.25067300
0.21796980, -0.67267220, -0.70710770
0.86750670, 0.20916750
0.36398300, 0.05254800, 0.25067300
0.21797010, -0.67267320, -0.70710660
0.89261750, 0.21700430
-0.36906800, 0.06347800, -0.07292200
-0.92740770, 0.37405210, -0.00000025
0.37229740, 0.07687140
-0.28656200, 0.26803900, 0.22377800
-0.92740770, 0.37405200, -0.00000020
0.44014480, 0.02648610
-0.28656200, 0.26803900, -0.04495500
-0.92740770, 0.37405220, -0.00000033
0.37869270, 0.02648610
-0.36906800, 0.06347800, 0.37164400
-0.92740780, 0.37405190, -0.00000014
0.47395790, 0.07687140
0.36906800, 0.06347800, -0.07292200
0.92740770, 0.37405210, 0.00000015
0.62178780, 0.07526183
0.28656200, 0.26803900, 0.22377800
0.92740770, 0.37405210, 0.00000016
0.55415400, 0.02471751
0.36906800, 0.06347800, 0.37164400
0.92740770, 0.37405200, 0.00000018
0.52044730, 0.07526183
0.28656200, 0.26803900, -0.04495500
0.92740770, 0.37405210, 0.00000013
0.61541270, 0.02471751
-0.30234300, 0.00724000, 1.05497900
-0.07729659, 0.96628420, 0.24560170
0.58906450, 0.86253450
-0.37620000, 0.00333300, 1.04710700
-0.10793590, 0.03888229, 0.99339720
0.56677170, 0.88682840
-0.27615200, -0.01195100, 1.04924100
-0.04704729, 0.99445970, 0.09400226
0.81832300, 0.45972560
0.00000000, 0.04842900, 0.54868600
0.00057264, 0.99556820, 0.09404023
0.86061870, 0.37976770
-0.27615200, 0.03467100, 0.54868600
-0.04954480, 0.99446760, 0.09262534
0.81832300, 0.37976770
0.00000000, -0.00107700, 1.06904900
0.00053782, 0.99556790, 0.09404412
0.86061870, 0.46288960
0.27615200, 0.03467100, 0.54868600
0.04838317, 0.99439680, 0.09398986
0.90291450, 0.37976770
0.27615200, -0.01195100, 1.04924200
0.04581099, 0.99464510, 0.09264188
0.90291450, 0.45972560
-0.27615200, -0.01195100, 1.04924100
0.07610977, 0.39188410, -0.91686110
0.81832300, 0.45972560
0.00000000, 0.02323500, 1.08720400
-0.00867986, 0.59300240, -0.80515390
0.86061870, 0.46578970
0.00000000, -0.00107700, 1.06904900
-0.00993256, 0.59348600, -0.80478300
0.86061870, 0.46288960
-0.30234300, 0.00724000, 1.05497900
0.07796300, 0.38176660, -0.92096470
0.81431140, 0.46064220
0.30221800, 0.00724700, 1.05499300
-0.05347091, 0.38681360, -0.92060640
0.90690680, 0.46064420
0.27615200, -0.01195100, 1.04924200
-0.05315903, 0.35212390, -0.93444250
0.90291450, 0.45972560
0.27615200, -0.01195100, 1.04924200
-0.66693670, 0.72742830, 0.16138010
0.90291450, 0.45972560
0.30221800, 0.00724700, 1.05499300
-0.60932720, 0.76622060, 0.20402560
0.90690680, 0.46064420
0.30119500, 0.02613500, 0.98100000
-0.76286150, 0.64180970, 0.07824715
0.90675020, 0.44882490
0.30158100, 0.06864800, 0.53362000
-0.78669840, 0.61467400, 0.05728373
0.90680920, 0.37736110
0.27615200, 0.03467100, 0.54868600
-0.78695270, 0.61435430, 0.05722119
0.90291450, 0.37976770
0.27615200, 0.03467100, 0.54868600
0.02016688, 0.39229890, 0.91961670
0.90291450, 0.37976770
0.00000000, 0.08411300, 0.53365100
-0.00029013, 0.38848760, 0.92145390
0.86061870, 0.37736610
0.00000000, 0.04842900, 0.54868600
-0.00031326, 0.38847890, 0.92145760
0.86061870, 0.37976770
0.30158100, 0.06864800, 0.53362000
0.02022425, 0.39258220, 0.91949450
0.90680920, 0.37736110
-0.30158100, 0.06864800, 0.53362000
-0.01963235, 0.39239260, 0.91958830
0.81442820, 0.37736110
-0.27615200, 0.03467100, 0.54868600
-0.01957926, 0.39299410, 0.91933250
0.81832300, 0.37976770
-0.27615200, 0.03467100, 0.54868600
0.78667360, 0.61466620, 0.05770700
0.81832300, 0.37976770
-0.30119500, 0.02613500, 0.98100000
0.76319600, 0.64143870, 0.07802717
0.81448730, 0.44882490
-0.27615200, -0.01195100, 1.04924100
0.66563240, 0.72842470, 0.16226830
0.81832300, 0.45972560
-0.30158100, 0.06864800, 0.53362000
0.78682140, 0.61447660, 0.05771182
0.81442820, 0.37736110
-0.30234300, 0.00724000, 1.05497900
0.60732500, 0.76743220, 0.20543650
0.81431140, 0.46064220
0.00000000, 0.08411200, 0.53365000
-0.00000001, 0.99542670, 0.09552814
0.69108340, 0.68205170
-0.30119500, 0.02613500, 0.98100000
-0.04764245, 0.98385910, 0.17248630
0.58947970, 0.83671440
0.00000000, 0.04051300, 0.98103100
-0.00000051, 0.99076590, 0.13558340
0.69108340, 0.83672510
-0.30158100, 0.06864800, 0.53362000
-0.05099187, 0.99421620, 0.09451944
0.58934960, 0.68204120
-0.30234300, 0.00724000, 1.05497900
-0.05113236, 0.97222480, 0.22839530
0.58906450, 0.86253450
0.00000000, 0.02323500, 1.08720400
0.00000001, 0.98701550, 0.16062480
0.69108360, 0.87343240
0.30119500, 0.02613500, 0.98100000
0.04764323, 0.98387030, 0.17242230
0.79268690, 0.83671440
0.30158100, 0.06864800, 0.53362000
0.05099184, 0.99421620, 0.09451943
0.79281720, 0.68204120
0.30221800, 0.00724700, 1.05499300
0.05112974, 0.97223150, 0.22836730
0.79306500, 0.86243560
0.00000000, 0.07741500, 0.53191600
0.00000001, -0.99542670, -0.09552824
0.69108340, 0.68205170
-0.30119500, 0.01943800, 0.97926500
0.04762946, -0.98358090, -0.17406920
0.58947970, 0.83671440
-0.30158100, 0.06195000, 0.53188500
0.05099162, -0.99421620, -0.09451966
0.58934960, 0.68204120
0.00000000, 0.03381600, 0.97929600
0.00000050, -0.99066040, -0.13635260
0.69108340, 0.83672510
-0.30234300, 0.00054200, 1.05227600
0.05109355, -0.97154500, -0.23127870
0.58906450, 0.86253450
0.00000000, 0.01653700, 1.08450100
-0.00000001, -0.98678020, -0.16206460
0.69108360, 0.87343240
0.30119500, 0.01943800, 0.97926600
-0.04763030, -0.98359250, -0.17400330
0.79268690, 0.83671440
0.30158100, 0.06195000, 0.53188500
-0.05099159, -0.99421620, -0.09451967
0.79281720, 0.68204120
0.30221800, 0.00054900, 1.05228900
-0.05109094, -0.97155200, -0.23124990
0.79306500, 0.86243560
-0.30234300, 0.00724000, 1.05497900
-0.07878716, -0.37315940, 0.92441580
0.58906450, 0.86253450
0.00000000, 0.01653700, 1.08450100
-0.07878716, -0.37315940, 0.92441580
0.69108360, 0.87343240
0.00000000, 0.02323500, 1.08720400
-0.07878716, -0.37315940, 0.92441580
0.69108360, 0.87343240
0.00000000, 0.01653700, 1.08450100
-0.07878756, -0.37315370, 0.92441810
0.69108360, 0.87343240
-0.30234300, 0.00724000, 1.05497900
-0.07878756, -0.37315370, 0.92441810
0.58906450, 0.86253450
-0.30234300, 0.00054200, 1.05227600
-0.07878756, -0.37315370, 0.92441810
0.58906450, 0.86253450
0.00000000, 0.02323500, 1.08720400
0.07878703, -0.37315330, 0.92441830
0.69108360, 0.87343240
0.30221800, 0.00054900, 1.05228900
0.07878703, -0.37315330, 0.92441830
0.79306500, 0.86243560
0.30221800, 0.00724700, 1.05499300
0.07878703, -0.37315330, 0.92441830
0.79306500, 0.86243560
0.30221800, 0.00054900, 1.05228900
0.07878634, -0.37315910, 0.92441610
0.79306500, 0.86243560
0.00000000, 0.02323500, 1.08720400
0.07878634, -0.37315910, 0.92441610
0.69108360, 0.87343240
0.00000000, 0.01653700, 1.08450100
0.07878634, -0.37315910, 0.92441610
0.69108360, 0.87343240
0.30221800, 0.00724700, 1.05499300
0.99991020, 0.00336507, -0.01297020
0.79306500, 0.86243560
0.30119500, 0.01943800, 0.97926600
0.99991020, 0.00336507, -0.01297020
0.79268690, 0.83671440
0.30119500, 0.02613500, 0.98100000
0.99991020, 0.00336507, -0.01297020
0.79268690, 0.83671440
0.30119500, 0.01943800, 0.97926600
0.99990640, 0.00512679, -0.01268654
0.79268690, 0.83671440
0.30221800, 0.00724700, 1.05499300
0.99990640, 0.00512679, -0.01268654
0.79306500, 0.86243560
0.30221800, 0.00054900, 1.05228900
0.99990640, 0.00512679, -0.01268654
0.79306500, 0.86243560
0.30119500, 0.02613500, 0.98100000
0.99999960, -0.00020982, 0.00084305
0.79268690, 0.83671440
0.30158100, 0.06195000, 0.53188500
0.99999960, -0.00020982, 0.00084305
0.79281720, 0.68204120
0.30158100, 0.06864800, 0.53362000
0.99999960, -0.00020982, 0.00084305
0.79281720, 0.68204120
0.30158100, 0.06195000, 0.53188500
0.99999960, -0.00021260, 0.00084283
0.79281720, 0.68204120
0.30119500, 0.02613500, 0.98100000
0.99999960, -0.00021260, 0.00084283
0.79268690, 0.83671440
0.30119500, 0.01943800, 0.97926600
0.99999960, -0.00021260, 0.00084283
0.79268690, 0.83671440
0.30158100, 0.06864800, 0.53362000
0.01275893, 0.25071980, -0.96797560
0.79281720, 0.68204120
0.00000000, 0.07741500, 0.53191600
0.01275893, 0.25071980, -0.96797560
0.69108340, 0.68205170
0.00000000, 0.08411200, 0.53365000
0.01275893, 0.25071980, -0.96797560
0.69108340, 0.68205170
0.00000000, 0.07741500, 0.53191600
0.01275900, 0.25072260, -0.96797490
0.69108340, 0.68205170
0.30158100, 0.06864800, 0.53362000
0.01275900, 0.25072260, -0.96797490
0.79281720, 0.68204120
0.30158100, 0.06195000, 0.53188500
0.01275900, 0.25072260, -0.96797490
0.79281720, 0.68204120
0.00000000, 0.08411200, 0.53365000
-0.01275881, 0.25072240, -0.96797500
0.69108340, 0.68205170
-0.30158100, 0.06195000, 0.53188500
-0.01275881, 0.25072240, -0.96797500
0.58934960, 0.68204120
-0.30158100, 0.06864800, 0.53362000
-0.01275881, 0.25072240, -0.96797500
0.58934960, 0.68204120
-0.30158100, 0.06195000, 0.53188500
-0.01275862, 0.25071980, -0.96797560
0.58934960, 0.68204120
0.00000000, 0.08411200, 0.53365000
-0.01275862, 0.25071980, -0.96797560
0.69108340, 0.68205170
0.00000000, 0.07741500, 0.53191600
-0.01275862, 0.25071980, -0.96797560
0.69108340, 0.68205170
-0.30158100, 0.06864800, 0.53362000
-0.99999960, -0.00022363, 0.00084144
0.58934960, 0.68204120
-0.30119500, 0.01943800, 0.97926500
-0.99999960, -0.00022363, 0.00084144
0.58947970, 0.83671440
-0.30119500, 0.02613500, 0.98100000
-0.99999960, -0.00022363, 0.00084144
0.58947970, 0.83671440
-0.30119500, 0.01943800, 0.97926500
-0.99999960, -0.00022088, 0.00084175
0.58947970, 0.83671440
-0.30158100, 0.06864800, 0.53362000
-0.99999960, -0.00022088, 0.00084175
0.58934960, 0.68204120
-0.30158100, 0.06195000, 0.53188500
-0.99999960, -0.00022088, 0.00084175
0.58934960, 0.68204120
-0.30119500, 0.02613500, 0.98100000
-0.99988500, 0.00567825, -0.01406679
0.58947970, 0.83671440
-0.30234300, 0.00054200, 1.05227600
-0.99988500, 0.00567825, -0.01406679
0.58906450, 0.86253450
-0.30234300, 0.00724000, 1.05497900
-0.99988500, 0.00567825, -0.01406679
0.58906450, 0.86253450
-0.30234300, 0.00054200, 1.05227600
-0.99988410, 0.00381118, -0.01473719
0.58906450, 0.86253450
-0.30119500, 0.02613500, 0.98100000
-0.99988410, 0.00381118, -0.01473719
0.58947970, 0.83671440
-0.30119500, 0.01943800, 0.97926500
-0.99988410, 0.00381118, -0.01473719
0.58947970, 0.83671440
# Number of Faces:
680
# Face Data:
0, 1, 2
0, 3, 4
3, 0, 2
5, 6, 7
6, 5, 8
4, 9, 10
9, 4, 3
11, 12, 13
12, 11, 14
15, 16, 17
16, 15, 18
19, 20, 21
20, 22, 21
22, 20, 23
23, 24, 22
24, 23, 25
26, 27, 28
27, 26, 29
8, 30, 31
22, 32, 33
32, 22, 24
28, 34, 35
34, 28, 27
33, 32, 36
35, 37, 38
37, 35, 34
39, 40, 41
40, 42, 41
14, 43, 44
43, 14, 11
37, 45, 46
45, 37, 34
47, 29, 48
29, 47, 27
17, 49, 50
49, 17, 16
51, 27, 52
27, 51, 34
53, 27, 47
27, 53, 52
34, 51, 54
54, 45, 34
55, 56, 57
57, 56, 58
58, 56, 59
60, 61, 62
61, 60, 63
63, 64, 61
64, 65, 61
65, 64, 66
66, 67, 65
67, 68, 65
68, 67, 69
5, 70, 71
72, 73, 74
73, 72, 75
73, 76, 74
76, 73, 77
74, 78, 79
78, 74, 76
80, 81, 82
80, 83, 81
84, 85, 86
85, 84, 79
79, 87, 85
87, 79, 78
88, 79, 89
79, 88, 74
90, 79, 84
79, 90, 89
74, 88, 91
91, 72, 74
92, 93, 94
94, 93, 95
95, 93, 96
97, 98, 99
98, 97, 100
100, 101, 98
101, 102, 98
102, 101, 103
103, 104, 102
104, 80, 102
80, 104, 83
26, 105, 106
105, 26, 107
107, 108, 105
108, 107, 109
109, 110, 108
110, 109, 77
77, 111, 110
111, 77, 73
73, 112, 111
112, 73, 75
113, 48, 114
48, 115, 114
115, 48, 29
29, 106, 115
106, 29, 26
112, 113, 114
113, 112, 116
112, 75, 116
117, 118, 119
118, 117, 120
121, 122, 123
122, 121, 124
125, 126, 127
126, 125, 128
129, 130, 131
130, 129, 132
132, 133, 130
133, 132, 134
135, 136, 137
119, 138, 139
138, 119, 118
123, 140, 141
140, 123, 122
142, 126, 143
126, 142, 127
131, 144, 145
144, 131, 130
130, 146, 144
146, 130, 133
137, 147, 148
147, 137, 136
139, 138, 149
148, 147, 150
151, 5, 152
5, 151, 8
153, 2, 1
2, 153, 154
153, 155, 154
155, 153, 156
157, 152, 158
152, 157, 151
156, 159, 155
159, 156, 160
161, 162, 163
162, 161, 164
165, 16, 18
16, 165, 166
19, 21, 167
167, 168, 169
168, 167, 21
169, 170, 171
170, 169, 168
172, 173, 174
173, 172, 175
151, 176, 177
151, 30, 8
30, 151, 177
168, 178, 170
178, 168, 179
175, 180, 173
180, 175, 181
182, 183, 184
183, 182, 185
186, 179, 187
179, 186, 178
181, 188, 180
188, 181, 189
190, 191, 192
191, 190, 193
192, 191, 42
192, 42, 40
174, 194, 195
194, 174, 173
166, 49, 16
49, 166, 196
197, 173, 180
173, 197, 198
199, 194, 173
173, 198, 199
180, 200, 197
200, 180, 201
202, 203, 204
203, 205, 204
205, 206, 204
207, 205, 208
205, 207, 206
208, 205, 209
209, 203, 210
203, 209, 205
210, 203, 211
211, 202, 212
202, 211, 203
5, 213, 152
213, 5, 71
152, 213, 214
215, 216, 217
216, 215, 218
215, 219, 220
219, 215, 217
221, 222, 223
222, 221, 224
222, 225, 223
217, 226, 219
226, 217, 227
80, 82, 228
228, 82, 229
228, 229, 230
231, 232, 227
232, 231, 233
227, 234, 226
234, 227, 232
235, 227, 217
227, 235, 236
237, 231, 227
227, 236, 237
217, 238, 235
238, 217, 216
239, 240, 241
240, 242, 241
242, 243, 241
244, 245, 246
245, 244, 247
246, 245, 248
248, 249, 250
249, 248, 245
250, 249, 251
251, 228, 230
228, 251, 249
172, 252, 253
252, 172, 254
253, 255, 256
255, 253, 252
256, 257, 220
257, 256, 255
220, 258, 215
258, 220, 257
215, 259, 218
259, 215, 258
260, 261, 195
195, 262, 174
262, 195, 261
174, 254, 172
254, 174, 262
259, 260, 263
260, 259, 261
259, 263, 218
264, 265, 266
265, 264, 267
268, 269, 270
269, 268, 271
270, 272, 273
272, 270, 269
273, 274, 275
274, 273, 272
276, 277, 278
277, 276, 279
280, 281, 282
281, 280, 283
282, 284, 285
284, 282, 281
286, 287, 288
267, 138, 265
138, 267, 289
271, 140, 269
140, 271, 141
290, 291, 292
291, 290, 293
294, 295, 296
295, 294, 297
279, 143, 277
143, 279, 142
283, 144, 281
144, 283, 145
281, 146, 284
146, 281, 144
286, 298, 287
298, 286, 148
289, 149, 138
148, 150, 298
299, 139, 300
139, 299, 119
139, 301, 300
301, 139, 149
149, 302, 301
302, 149, 289
289, 303, 302
303, 289, 267
304, 291, 293
291, 304, 305
305, 306, 291
306, 305, 307
308, 309, 310
309, 308, 311
311, 312, 309
312, 311, 313
314, 292, 315
292, 314, 316
316, 290, 292
290, 316, 317
318, 319, 290
319, 320, 293
291, 321, 297
321, 291, 306
310, 309, 322
309, 323, 322
323, 309, 312
315, 294, 324
294, 315, 292
292, 297, 294
297, 292, 291
325, 182, 184
182, 325, 326
202, 204, 327
204, 328, 327
328, 204, 206
329, 183, 185
183, 329, 330
59, 331, 332
331, 59, 56
333, 68, 334
93, 92, 335
336, 222, 224
222, 336, 337
243, 338, 241
338, 243, 339
340, 221, 223
221, 340, 341
342, 343, 344
343, 342, 345
346, 347, 348
347, 346, 349
350, 351, 352
351, 350, 353
354, 355, 356
355, 354, 357
344, 358, 359
358, 344, 343
348, 347, 360
356, 355, 361
352, 362, 363
362, 352, 351
356, 361, 364
359, 363, 362
363, 359, 358
360, 347, 365
342, 366, 345
366, 342, 367
346, 368, 349
368, 346, 369
350, 370, 353
370, 350, 371
354, 372, 357
372, 354, 373
367, 374, 366
374, 367, 375
369, 376, 368
373, 377, 372
371, 378, 370
378, 371, 379
377, 373, 380
375, 379, 374
379, 375, 378
376, 381, 368
382, 383, 384
383, 382, 385
386, 387, 388
387, 386, 389
390, 391, 392
391, 390, 393
394, 395, 396
395, 394, 397
385, 398, 383
398, 385, 399
389, 400, 387
397, 401, 395
393, 402, 391
402, 393, 403
397, 404, 401
399, 403, 398
403, 399, 402
400, 405, 387
382, 406, 407
406, 382, 384
386, 408, 409
408, 386, 388
390, 410, 411
410, 390, 392
394, 412, 413
412, 394, 396
407, 414, 415
414, 407, 406
409, 408, 416
413, 412, 417
411, 418, 419
418, 411, 410
413, 417, 420
415, 419, 418
419, 415, 414
416, 408, 421
422, 423, 424
423, 422, 425
422, 426, 427
426, 422, 424
428, 426, 429
426, 428, 427
430, 423, 425
423, 430, 431
430, 432, 431
432, 430, 433
432, 434, 435
434, 432, 433
436, 437, 438
437, 436, 439
439, 440, 437
440, 439, 441
441, 438, 440
438, 441, 436
438, 442, 443
442, 438, 437
437, 444, 442
444, 437, 440
440, 443, 444
443, 440, 438
443, 445, 446
445, 443, 442
442, 447, 445
447, 442, 444
444, 446, 447
446, 444, 443
446, 448, 449
448, 446, 445
445, 450, 448
450, 445, 447
447, 449, 450
449, 447, 446
449, 451, 452
451, 449, 448
448, 453, 451
453, 448, 450
450, 452, 453
452, 450, 449
452, 439, 436
439, 452, 451
451, 441, 439
441, 451, 453
453, 436, 441
436, 453, 452
454, 455, 456
455, 454, 457
458, 459, 460
459, 458, 461
462, 461, 458
461, 462, 463
463, 459, 461
459, 463, 464
464, 460, 459
460, 464, 465
465, 458, 460
458, 465, 462
466, 96, 93
93, 335, 466
467, 239, 241
241, 338, 467
468, 469, 470
469, 468, 471
472, 473, 474
473, 472, 475
476, 477, 478
477, 476, 479
480, 481, 482
481, 480, 483
482, 484, 485
484, 482, 481
468, 483, 480
483, 468, 470
486, 481, 483
481, 486, 487
487, 488, 481
488, 484, 481
484, 488, 489
477, 485, 484
485, 477, 479
490, 482, 485
482, 490, 491
491, 492, 482
492, 480, 482
480, 492, 493
494, 495, 496
495, 494, 497
498, 499, 500
499, 498, 501
502, 503, 504
503, 502, 505
506, 507, 508
507, 506, 509
510, 511, 512
511, 510, 513
512, 511, 514
510, 515, 513
515, 510, 516
516, 517, 515
518, 519, 520
519, 521, 520
521, 519, 522
522, 523, 521
523, 522, 524
524, 525, 523
525, 524, 526
527, 528, 529
528, 527, 530
530, 531, 528
531, 530, 532
532, 520, 531
520, 532, 518
520, 533, 534
533, 520, 521
521, 535, 533
535, 521, 523
523, 536, 535
536, 523, 525
529, 537, 538
537, 529, 528
528, 539, 537
539, 528, 531
531, 534, 539
534, 531, 520
534, 516, 510
516, 534, 533
533, 517, 516
517, 533, 535
535, 540, 517
540, 535, 536
538, 514, 541
514, 538, 537
537, 512, 514
512, 537, 539
539, 510, 512
510, 539, 534
319, 293, 290
542, 543, 544
543, 545, 546
547, 548, 549
550, 551, 552
553, 554, 555
556, 557, 558
559, 560, 561
562, 563, 564
565, 566, 567
566, 565, 568
569, 570, 571
570, 569, 572
569, 573, 574
573, 569, 571
575, 576, 577
576, 575, 578
575, 579, 578
579, 575, 580
581, 582, 583
582, 581, 584
585, 586, 587
586, 585, 588
587, 589, 590
589, 587, 586
591, 592, 593
592, 591, 594
595, 596, 597
596, 595, 598
597, 599, 600
599, 597, 596
601, 602, 603
602, 601, 604
605, 606, 607
606, 605, 608
608, 609, 606
609, 607, 606
607, 609, 610
610, 605, 607
611, 612, 613
612, 611, 614
615, 616, 617
616, 615, 618
619, 620, 621
620, 619, 622
622, 623, 620
623, 622, 624
624, 625, 623
625, 624, 626
626, 621, 625
621, 626, 619
627, 628, 629
628, 627, 630
627, 631, 630
631, 627, 632
633, 634, 635
634, 633, 636
633, 637, 638
637, 633, 635
639, 640, 641
640, 639, 642
643, 644, 645
644, 643, 646
646, 647, 644
647, 646, 648
649, 650, 651
650, 649, 652
653, 654, 655
654, 653, 656
656, 657, 654
657, 656, 658
659, 660, 661
660, 659, 662
663, 664, 665
664, 663, 666
665, 664, 667
667, 666, 668
666, 667, 664
668, 666, 663
669, 670, 671
670, 669, 672
673, 674, 675
674, 673, 676
677, 678, 679
678, 677, 680
679, 681, 682
681, 679, 678
682, 683, 684
683, 682, 681
684, 680, 677
680, 684, 683
685, 686, 687
686, 685, 688
689, 690, 691
690, 689, 692
33, 36, 693
13, 694, 11
161, 14, 164
14, 161, 12
695, 696, 697
696, 695, 698
698, 699, 696
699, 698, 700
701, 702, 703
702, 701, 704
703, 705, 706
705, 703, 702
707, 708, 709
707, 710, 711
710, 707, 709
712, 713, 714
713, 712, 715
714, 716, 717
716, 714, 713
718, 719, 720
719, 718, 721
720, 719, 722
723, 724, 725
724, 723, 726
727, 725, 724
725, 727, 728
723, 729, 730
729, 723, 725
725, 731, 729
731, 725, 728
732, 733, 734
733, 732, 735
736, 735, 737
735, 736, 733
732, 738, 735
738, 732, 739
735, 740, 737
740, 735, 738
741, 742, 743
744, 745, 746
747, 748, 749
750, 751, 752
753, 754, 755
756, 757, 758
759, 760, 761
762, 763, 764
765, 766, 767
768, 769, 770
771, 772, 773
774, 775, 776
777, 778, 779
780, 781, 782
783, 784, 785
786, 787, 788
