# Project Zomboid Mesh
# File Version:
1.00000000
# Model Name:
Vehicle_StepVan
# Vertex Stride Element Count:
3
# Vertex Stride Size (in bytes):
76
# Vertex Stride Data:
# (Int)    Offset
# (String) Type
0
VertexArray
12
NormalArray
24
TextureCoordArray
# Vertex Count:
732
# Vertex Buffer:
0.44580300, -0.42659000, 1.11241400
0.00000000, -0.99999290, -0.00376889
0.98617770, 0.80162600
0.23545400, -0.42602500, 0.96244400
-0.00003731, -0.99963060, 0.02717688
0.95453240, 0.84570300
0.44580300, -0.42602500, 0.96244400
0.00000000, -0.99999290, -0.00376889
0.95453240, 0.80162580
0.44580300, -0.42659000, 1.11241400
-0.00009140, -0.99999340, -0.00364069
0.98617770, 0.80162600
0.00000000, -0.42659000, 1.12360600
0.00000000, -0.99999370, -0.00355685
0.98853930, 0.89504050
0.23359300, -0.10982600, 1.11774200
0.02392569, 0.30186770, 0.95304950
0.93811860, 0.15044310
0.44580300, -0.42659000, 1.11241400
0.93690670, 0.00000034, 0.34957950
0.99255070, 0.23001610
0.44580300, -0.10982600, 1.11241400
0.61355870, 0.41856720, 0.66958740
0.99178680, 0.14938730
0.44580300, -0.42659000, 1.11241400
0.02509637, -0.00000026, 0.99968500
0.99255070, 0.23001610
0.23545400, -0.42602500, 0.96244400
-0.00000007, -0.39894220, -0.91697610
0.95453240, 0.84570300
0.44580300, -0.28486300, 0.90103000
-0.00000004, -0.71122420, -0.70296530
0.94157340, 0.80162580
0.44580300, -0.42602500, 0.96244400
0.00000033, -0.39894270, -0.91697590
0.95453240, 0.80162580
0.23545400, -0.28486300, 0.90103000
-0.00000020, -0.71122410, -0.70296540
0.94157340, 0.84570300
0.44580300, -0.24302800, 0.80171800
-0.00000005, -0.99122820, -0.13216190
0.92061750, 0.80162580
0.23545400, -0.24302800, 0.80171800
-0.00000002, -0.99122820, -0.13216180
0.92061750, 0.84570300
0.44580300, -0.25736900, 0.69500300
-0.00000013, -0.90965940, 0.41535490
0.89809940, 0.80162580
0.23545400, -0.25736900, 0.69500300
-0.00000015, -0.90965940, 0.41535500
0.89809950, 0.84570300
0.44580300, -0.32309700, 0.62052600
-0.00000028, -0.62080170, 0.78396760
0.88238410, 0.80162580
0.23545400, -0.32309700, 0.62052600
-0.00000018, -0.62080160, 0.78396770
0.88238410, 0.84570300
0.44580300, 0.02573400, 0.59279000
1.00000000, -0.00000010, 0.00000011
0.49552960, 0.10953050
0.44580300, -0.24302800, 0.80171800
1.00000000, -0.00000010, 0.00000011
0.55393960, 0.18424840
0.44580300, -0.25736900, 0.69500300
1.00000000, -0.00000004, 0.00000000
0.52410530, 0.18823530
0.44580300, 0.02740200, 0.83782800
1.00000000, -0.00000010, 0.00000019
0.56403490, 0.10906680
0.44580300, -0.28486300, 0.90103000
1.00000000, 0.00000010, 0.00000036
0.58170430, 0.19587870
0.44580300, -0.10982600, 1.11241400
0.61355870, 0.41856720, 0.66958740
0.64080110, 0.14721730
0.44580300, -0.42659000, 1.11241400
0.93690670, 0.00000034, 0.34957950
0.64080110, 0.23527990
0.44580300, -0.42602500, 0.96244400
1.00000000, 0.00000098, 0.00000102
0.59887390, 0.23512270
0.44580300, -0.32363400, 0.59345600
1.00000000, 0.00000065, -0.00000110
0.49571580, 0.20665750
0.44580300, -0.32309700, 0.62052600
1.00000000, 0.00000137, -0.00000143
0.50328390, 0.20650820
0.23545400, -0.46472700, 0.51447900
-0.00000006, -0.98433640, 0.17630030
0.86000700, 0.84570300
0.44580300, -0.46636700, 0.22364200
0.00000000, -0.99999740, 0.00225636
0.79863740, 0.80162600
0.44580300, -0.46472700, 0.51447900
-0.00000002, -0.95038600, 0.31107290
0.86000700, 0.80162580
0.39726800, 0.44423100, 0.66095000
0.34332630, 0.91175550, 0.22545270
0.51249440, 0.52737530
0.00000000, 0.46184900, 0.22012000
0.00000000, 1.00000000, -0.00005977
0.39065950, 0.63469860
0.00000000, 0.46195000, 0.67214200
-0.00000006, 0.92442700, 0.38135900
0.51558770, 0.63469860
0.39726800, 0.44412900, 0.22012000
0.41081410, 0.91171910, -0.00005578
0.39065950, 0.52737550
0.44580300, -0.42899700, 0.56379400
-0.00000011, -0.65773120, 0.75325270
0.87041290, 0.80162580
0.23545400, -0.42899700, 0.56379400
-0.00000009, -0.65773130, 0.75325270
0.87041300, 0.84570300
0.44580300, -0.42953300, 0.53424800
1.00000000, 0.00000132, -0.00000096
0.47916300, 0.23609810
0.44580300, -0.42899700, 0.56379400
1.00000000, 0.00000095, -0.00000131
0.48742310, 0.23594890
0.44580300, -0.46472700, 0.51447900
1.00000000, 0.00000115, -0.00000012
0.47363610, 0.24588220
0.44580300, -0.46636700, 0.22364200
1.00000000, 0.00000004, 0.00000019
0.39232680, 0.24633810
0.44580300, -0.43060700, 0.22362500
1.00000000, 0.00000000, 0.00000019
0.39232190, 0.23639670
0.44580300, -0.43041700, -0.37245300
-0.00000030, -0.56794210, -0.82306850
0.67285480, 0.80162600
0.23545400, -0.46574100, -0.33253800
-0.00000006, -0.98295250, -0.18385950
0.68127750, 0.84570300
0.23545400, -0.43041700, -0.37245300
-0.00000030, -0.56794210, -0.82306850
0.67285480, 0.84570300
0.44580300, -0.46574100, -0.33253800
-0.00000013, -0.93491210, -0.35487940
0.68127750, 0.80162600
0.44580300, 0.34717900, 0.73942800
0.89799180, 0.11355640, 0.42510660
0.53652520, 0.02016658
0.44580300, 0.34717900, 0.59074500
1.00000000, 0.00000000, 0.00000007
0.49495800, 0.02016658
0.44580300, 0.34717900, 0.73942800
0.89799180, 0.11355640, 0.42510660
0.99200650, 0.01802588
0.00000000, 0.39404800, 0.73818900
-0.00000015, 0.50165420, 0.86506830
0.87904250, 0.00734592
0.00000000, 0.34717900, 0.75192600
-0.00000017, 0.28125730, 0.95963240
0.87904250, 0.01970708
0.44580300, 0.39404800, 0.72699800
0.66428910, 0.48007540, 0.57292900
0.99191320, 0.00574374
0.44580300, 0.34707800, 0.22017000
1.00000000, -0.00000008, 0.00000011
0.39135600, 0.02019483
0.44580300, 0.39404800, 0.59072300
0.92700230, 0.37505560, -0.00007704
0.49495180, 0.00713664
0.44580300, 0.39394700, 0.22014700
0.92705460, 0.37492620, -0.00002370
0.39134980, 0.00716502
0.44580300, 0.39404800, 0.72699800
0.66428910, 0.48007540, 0.57292900
0.53305010, 0.00713664
0.44580300, 0.39404800, 0.72699800
0.66428910, 0.48007540, 0.57292900
0.53074850, 0.51426350
0.00000000, 0.39404800, 0.73818900
-0.00000015, 0.50165420, 0.86506830
0.53384160, 0.63469860
0.00000000, 0.38946500, -1.10899800
0.00000019, 0.09939536, -0.99504800
0.87773510, 0.26905980
0.39726800, 0.43964700, -1.08191500
0.33013700, 0.75762240, -0.56304340
0.77299330, 0.25553690
0.21244700, 0.38946500, -1.09912000
0.04614466, 0.11296030, -0.99252740
0.82172230, 0.26905980
0.00000000, 0.45736700, -1.10264100
0.00000013, 0.73498360, -0.67808490
0.87773510, 0.25076210
0.44580300, 0.39394700, 0.22014700
0.92705460, 0.37492620, -0.00002370
0.39066720, 0.51426350
0.44580300, 0.39404800, 0.59072300
0.92700230, 0.37505560, -0.00007704
0.49308540, 0.51426350
0.44580300, -0.43060700, 0.22362500
1.00000000, 0.00000000, 0.00000014
0.39232190, 0.23639670
0.44580300, 0.02650500, -0.33396600
1.00000000, -0.00000006, 0.00000009
0.23643620, 0.10931630
0.44580300, 0.02645500, 0.22221400
1.00000000, -0.00000009, 0.00000011
0.39192750, 0.10933010
0.44580300, -0.43054700, -0.33255500
1.00000000, 0.00000000, 0.00000007
0.23683050, 0.23638000
0.44580300, 0.39400700, -0.33603200
0.92678270, 0.37559620, -0.00112397
0.23585850, 0.00714833
0.39726800, 0.44418900, -0.33606000
0.41054680, 0.91183560, -0.00269519
0.23694480, 0.52737550
0.44580300, 0.39400700, -0.33603200
0.92678270, 0.37559620, -0.00112397
0.23695240, 0.51426350
0.00000000, 0.46190900, -0.33606000
0.00000000, 0.99999580, -0.00290828
0.23694490, 0.63469860
0.44580300, -0.46574100, -0.33253800
1.00000000, 0.00000000, 0.00000009
0.23683550, 0.24616430
0.44580300, -0.43041700, -0.37245300
1.00000000, 0.00000000, 0.00000000
0.22567620, 0.23634390
0.44580300, -0.32508200, -0.41230100
-0.00000030, -0.57645860, -0.81712630
0.66444640, 0.80162600
0.23545400, -0.32508200, -0.41230100
-0.00000030, -0.57645860, -0.81712630
0.66444640, 0.84570300
0.44580300, -0.32508200, -0.41230100
1.00000000, 0.00000000, 0.00000000
0.21453590, 0.20705980
0.44580300, -0.25734500, -0.49212300
-0.00000015, -0.91367130, -0.40645380
0.64760330, 0.80162600
0.23545400, -0.25734500, -0.49212300
-0.00000024, -0.91367130, -0.40645410
0.64760330, 0.84570300
0.44580300, -0.25734500, -0.49212300
1.00000000, -0.00000003, 0.00000002
0.19222010, 0.18822870
0.44580300, -0.24307400, -0.59842200
0.00000001, -0.99136910, 0.13110060
0.62517300, 0.80162600
0.23545400, -0.24345400, -0.59559200
-0.00000018, -0.99110830, -0.13305760
0.62577040, 0.84570300
0.23545400, -0.24307400, -0.59842200
0.00000005, -0.99136790, 0.13110950
0.62517320, 0.84570300
0.44580300, 0.02650500, -1.08620500
0.72687810, -0.00217237, -0.68676300
0.02613253, 0.10931630
0.44580300, -0.24307400, -0.59842200
1.00000000, -0.00000016, -0.00000001
0.16250210, 0.18426110
0.39726800, 0.43964700, -1.08191500
0.33013700, 0.75762240, -0.56304340
0.03080840, 0.52737560
0.44580300, 0.38946500, -1.08827100
0.72044110, 0.30433640, -0.62317250
0.02905159, 0.51426360
0.00000000, 0.45736700, -1.10264100
0.00000013, 0.73498360, -0.67808490
0.02508016, 0.63469870
0.44580300, -0.28486900, -0.69827400
0.00000025, -0.71885560, 0.69515950
0.60410330, 0.80162600
0.23545400, -0.28486900, -0.69827400
-0.00060161, -0.71931020, 0.69468880
0.60410330, 0.84570300
0.44580300, -0.28486900, -0.69827400
1.00000000, -0.00000006, 0.00000005
0.13458650, 0.19588060
0.44580300, -0.44877200, -0.77342900
-0.00092226, -0.41778790, 0.90854410
0.58824460, 0.80162600
0.23545400, -0.44877200, -0.77390300
-0.00204317, -0.41897500, 0.90799550
0.58814470, 0.84570300
0.44580300, -0.44877200, -0.77342900
1.00000000, -0.00003717, -0.00001547
0.11357520, 0.24144660
0.23545400, -0.44877200, -0.77390300
-0.00063193, -0.99993320, -0.01154238
0.58814470, 0.84570300
0.44580300, -0.44933700, -0.77343000
-0.00349037, -0.70675300, 0.70745180
0.58824460, 0.80162600
0.44580300, -0.44877200, -0.77342900
-0.00225020, -0.00026983, 0.99999740
0.58824460, 0.80162600
0.44580300, -0.44989000, -1.13833900
-0.00096474, -0.99999640, 0.00251083
0.51124480, 0.80162600
0.00000000, -0.44989000, -1.15906600
0.00000000, -0.99999560, 0.00295693
0.50687130, 0.89504050
0.44580300, -0.31866100, -1.08562800
0.94537280, -0.00054489, -0.32599090
0.02629381, 0.20527490
0.44580300, -0.44933700, -0.77343000
1.00000000, -0.00005042, -0.00002098
0.11357520, 0.24160370
0.44580300, -0.44989000, -1.13833900
0.72318990, -0.00052723, -0.69064900
0.01155728, 0.24175750
0.23545400, -0.44474400, 0.75232100
1.00000000, 0.00000011, 0.00000014
0.91019420, 0.84570300
0.23545400, -0.24302800, 0.80171800
1.00000000, 0.00000023, -0.00000016
0.92061750, 0.84570300
0.23545400, -0.28486300, 0.90103000
1.00000000, 0.00000009, -0.00000009
0.94157340, 0.84570300
0.23545400, -0.25736900, 0.69500300
1.00000000, 0.00000029, 0.00000028
0.89809950, 0.84570300
0.23545400, -0.32309700, 0.62052600
1.00000000, 0.00000017, 0.00000044
0.88238410, 0.84570300
0.23545400, -0.42899700, 0.56379400
1.00000000, 0.00000012, 0.00000021
0.87041300, 0.84570300
0.23545400, -0.46472700, 0.51447900
1.00000000, 0.00000023, 0.00000022
0.86000700, 0.84570300
0.23545400, -0.42602500, 0.96244400
1.00000000, -0.00000009, 0.00000010
0.95453240, 0.84570300
0.23545400, -0.45684600, -0.57860200
1.00000000, -0.00000016, -0.00000014
0.62935550, 0.84570300
0.23545400, -0.24345400, -0.59559200
1.00000000, -0.00000019, -0.00000019
0.62577040, 0.84570300
0.23545400, -0.25734500, -0.49212300
1.00000000, -0.00000028, -0.00000023
0.64760330, 0.84570300
0.23545400, -0.24307400, -0.59842200
1.00000000, -0.00000018, 0.00000002
0.62517320, 0.84570300
0.23545400, -0.28486900, -0.69827400
1.00000000, -0.00000017, 0.00000008
0.60410330, 0.84570300
0.23545400, -0.43041700, -0.37245300
1.00000000, -0.00000022, -0.00000043
0.67285480, 0.84570300
0.23545400, -0.32508200, -0.41230100
1.00000000, -0.00000010, -0.00000027
0.66444640, 0.84570300
0.23545400, -0.46574100, -0.33253800
1.00000000, -0.00000046, -0.00000040
0.68127750, 0.84570300
0.23545400, -0.44877200, -0.77390300
1.00000000, -0.00000016, 0.00000009
0.58814470, 0.84570300
0.44580300, 0.38946500, -1.08827100
0.72044110, 0.30433640, -0.62317250
0.76019680, 0.26905980
0.21254700, 0.02650500, -1.09904300
0.05340847, -0.00184412, -0.99857100
0.82169600, 0.36686700
0.44580300, 0.02650500, -1.08620500
0.72687810, -0.00217237, -0.68676300
0.76019680, 0.36686700
0.21254700, -0.31861400, -1.09904300
0.05648753, -0.00103652, -0.99840280
0.82169600, 0.45986660
0.44580300, -0.31866100, -1.08562800
0.94537280, -0.00054489, -0.32599090
0.76019680, 0.45987930
0.44580300, -0.33255300, -1.13842900
0.60626780, 0.49177470, -0.62497760
0.76019680, 0.46362290
0.00000000, -0.44989000, -1.15906600
0.00000017, -0.00071132, -0.99999980
0.87773510, 0.49524170
0.00000000, -0.33247800, -1.15914800
-0.00007319, 0.60085980, -0.79935440
0.87773510, 0.46360260
0.44580300, -0.44989000, -1.13833900
0.72318990, -0.00052723, -0.69064900
0.76019680, 0.49524170
-0.44580300, -0.42659000, 1.11241400
0.00003691, -0.99999310, -0.00371712
0.98617770, 0.98845540
-0.23545400, -0.42602500, 0.96244400
0.00003731, -0.99963060, 0.02717687
0.95453240, 0.94437830
-0.44580300, -0.42602500, 0.96244400
0.00000000, -0.99999290, -0.00376889
0.95453240, 0.98845540
-0.44580300, -0.42659000, 1.11241400
-0.71510660, 0.00000001, 0.69901540
0.76553460, 0.23001620
-0.22497300, -0.10982600, 1.11795800
-0.02396243, 0.29722030, 0.95450820
0.82214640, 0.15048600
-0.44580300, -0.42659000, 1.11241400
-0.71592520, 0.00000000, 0.69817700
0.76553460, 0.23001620
0.00000000, -0.10982600, 1.12360600
-0.00000018, -0.00000025, 1.00000000
0.87904250, 0.15160520
0.00000000, -0.42659000, 1.12360600
-0.00000024, -0.00000008, 1.00000000
0.87904250, 0.23138870
-0.23545400, -0.42602500, 0.96244400
0.00000073, -0.39894230, -0.91697600
0.95453240, 0.94437830
-0.44580300, -0.28486300, 0.90103000
0.00000055, -0.71122430, -0.70296520
0.94157340, 0.98845540
-0.23545400, -0.28486300, 0.90103000
0.00000071, -0.71122410, -0.70296540
0.94157340, 0.94437830
-0.44580300, -0.42602500, 0.96244400
0.00000033, -0.39894270, -0.91697590
0.95453240, 0.98845540
-0.44580300, -0.10982600, 1.11241400
-0.61356700, 0.41854270, 0.66959500
0.76629820, 0.14938740
-0.30540000, 0.02679600, 0.84160900
-0.00929760, 0.89470440, 0.44656190
0.80177960, 0.10254420
-0.44580300, 0.02740200, 0.83782800
-0.00817635, 0.89448120, 0.44703070
0.76612580, 0.10186650
-0.44580300, -0.24302800, 0.80171800
0.00000015, -0.99122820, -0.13216180
0.92061750, 0.98845540
-0.23545400, -0.24302800, 0.80171800
0.00000011, -0.99122820, -0.13216190
0.92061750, 0.94437830
-0.44580300, -0.25736900, 0.69500300
-0.00000017, -0.90965940, 0.41535500
0.89809940, 0.98845540
-0.23545400, -0.25736900, 0.69500300
-0.00000015, -0.90965940, 0.41535490
0.89809950, 0.94437830
-0.44580300, -0.32309700, 0.62052600
-0.00000028, -0.62080170, 0.78396760
0.88238410, 0.98845540
-0.23545400, -0.32309700, 0.62052600
-0.00000039, -0.62080160, 0.78396770
0.88238410, 0.94437830
-0.44580300, 0.02573400, 0.59279000
-1.00000000, -0.00000006, -0.00000016
0.49552960, 0.36177230
-0.44580300, -0.25736900, 0.69500300
-1.00000000, -0.00000016, -0.00000032
0.52410530, 0.44047690
-0.44580300, -0.24302800, 0.80171800
-1.00000000, -0.00000016, -0.00000015
0.55393960, 0.43649010
-0.44580300, 0.02740200, 0.83782800
-1.00000000, -0.00000006, -0.00000009
0.56403490, 0.36130850
-0.44580300, -0.28486300, 0.90103000
-1.00000000, 0.00000005, 0.00000008
0.58170430, 0.44812040
-0.44580300, -0.10982600, 1.11241400
-0.61356700, 0.41854270, 0.66959500
0.64080110, 0.39945900
-0.44580300, -0.42659000, 1.11241400
-0.71510660, 0.00000001, 0.69901540
0.64080110, 0.48752160
-0.44580300, -0.42602500, 0.96244400
-1.00000000, 0.00000076, 0.00000051
0.59887390, 0.48736440
-0.44580300, -0.42659000, 1.11241400
-0.71592520, 0.00000000, 0.69817700
0.64080110, 0.48752160
-0.44580300, -0.32363400, 0.59345600
-1.00000000, 0.00000065, -0.00000110
0.49571580, 0.45889900
-0.44580300, -0.32309700, 0.62052600
-1.00000000, 0.00000137, -0.00000143
0.50328390, 0.45874980
-0.23545400, -0.46472700, 0.51447900
-0.00000006, -0.98433640, 0.17630040
0.86000700, 0.94437830
-0.44580300, -0.46472700, 0.51447900
-0.00000020, -0.95038610, 0.31107280
0.86000700, 0.98845540
-0.44580300, -0.46636700, 0.22364200
0.00000000, -0.99999740, 0.00225635
0.79863740, 0.98845540
-0.39726800, 0.44423100, 0.66095000
-0.34332640, 0.91175550, 0.22545250
0.51249450, 0.74202190
-0.39726800, 0.44412900, 0.22012000
-0.41081410, 0.91171910, -0.00005591
0.39065960, 0.74202200
-0.44580300, -0.42899700, 0.56379300
-0.00000044, -0.65773130, 0.75325260
0.87041290, 0.98845540
-0.23545400, -0.42899700, 0.56379400
-0.00000046, -0.65773120, 0.75325270
0.87041300, 0.94437830
-0.44580300, -0.42953300, 0.53424800
-1.00000000, 0.00000139, -0.00000109
0.47916300, 0.48833980
-0.44580300, -0.42899700, 0.56379300
-1.00000000, 0.00000095, -0.00000131
0.48742310, 0.48819070
-0.44580300, -0.46472700, 0.51447900
-1.00000000, 0.00000140, -0.00000056
0.47363610, 0.49812390
-0.44580300, -0.46636700, 0.22364200
-1.00000000, 0.00000005, -0.00000020
0.39232680, 0.49857960
-0.44580300, -0.43060700, 0.22362400
-1.00000000, 0.00000000, -0.00000019
0.39232190, 0.48863840
-0.44580300, -0.43041700, -0.37245300
0.00000060, -0.56794210, -0.82306850
0.67285490, 0.98845540
-0.23545400, -0.46574100, -0.33253800
0.00000013, -0.98295250, -0.18385950
0.68127750, 0.94437830
-0.44580300, -0.46574100, -0.33253800
0.00000026, -0.93491200, -0.35487950
0.68127750, 0.98845540
-0.23545400, -0.43041700, -0.37245300
0.00000060, -0.56794210, -0.82306850
0.67285490, 0.94437830
-0.44580300, 0.34717900, 0.73942700
-0.89799180, 0.11355640, 0.42510650
0.53652520, 0.27240820
-0.44580300, 0.34717900, 0.59074500
-1.00000000, 0.00000000, -0.00000007
0.49495800, 0.27240820
-0.44580300, 0.34717900, 0.73942700
-0.89799180, 0.11355640, 0.42510650
0.76607910, 0.01802528
-0.44580300, 0.39404800, 0.72699800
-0.66428910, 0.48007540, 0.57292900
0.76617210, 0.00574315
-0.44580300, 0.34707800, 0.22016900
-1.00000000, -0.00000008, -0.00000026
0.39135600, 0.27243640
-0.44580300, 0.39404800, 0.59072300
-0.92700230, 0.37505570, -0.00007727
0.49495180, 0.25937840
-0.44580300, 0.39394700, 0.22014700
-0.92705460, 0.37492620, -0.00002403
0.39134980, 0.25940670
-0.44580300, 0.39404800, 0.72699800
-0.66428910, 0.48007540, 0.57292900
0.53305010, 0.25937840
-0.44580300, 0.39404800, 0.72699800
-0.66428910, 0.48007540, 0.57292900
0.53074850, 0.75513390
-0.39726700, 0.43964700, -1.08191500
-0.33013700, 0.75762180, -0.56304430
0.98247690, 0.25553690
-0.21244700, 0.38946500, -1.09912000
-0.04614455, 0.11295850, -0.99252760
0.93374800, 0.26905980
-0.44580300, 0.39394700, 0.22014700
-0.92705460, 0.37492620, -0.00002403
0.39066720, 0.75513390
-0.44580300, 0.39404800, 0.59072300
-0.92700230, 0.37505570, -0.00007727
0.49308540, 0.75513390
-0.44580300, -0.43060700, 0.22362400
-1.00000000, 0.00000000, -0.00000014
0.39232190, 0.48863840
-0.44580300, 0.02650500, -0.33396600
-1.00000000, 0.00000002, -0.00000019
0.23643620, 0.36155800
-0.44580300, -0.43054700, -0.33255500
-1.00000000, 0.00000000, -0.00000007
0.23683050, 0.48862170
-0.44580300, 0.02645500, 0.22221400
-1.00000000, -0.00000008, -0.00000019
0.39192750, 0.36157190
-0.44580300, 0.39400700, -0.33603200
-0.92678280, 0.37559600, -0.00112426
0.23585850, 0.25939000
-0.39726800, 0.44418900, -0.33606000
-0.41054700, 0.91183540, -0.00269532
0.23694490, 0.74202200
-0.44580300, 0.39400700, -0.33603200
-0.92678280, 0.37559600, -0.00112426
0.23695250, 0.75513400
-0.44580300, -0.46574100, -0.33253800
-1.00000000, 0.00000000, -0.00000009
0.23683550, 0.49840590
-0.44580300, -0.43041700, -0.37245300
-1.00000000, 0.00000000, 0.00000000
0.22567620, 0.48858560
-0.44580300, -0.32508200, -0.41230100
0.00000059, -0.57645860, -0.81712630
0.66444640, 0.98845540
-0.23545400, -0.32508200, -0.41230100
0.00000059, -0.57645860, -0.81712630
0.66444640, 0.94437830
-0.44580300, -0.32508200, -0.41230100
-1.00000000, 0.00000000, 0.00000000
0.21453590, 0.45930160
-0.44580300, -0.25734500, -0.49212300
0.00000030, -0.91367130, -0.40645380
0.64760330, 0.98845540
-0.23545400, -0.25734500, -0.49212300
0.00000039, -0.91367130, -0.40645410
0.64760330, 0.94437830
-0.44580300, -0.25734500, -0.49212300
-1.00000000, -0.00000001, -0.00000021
0.19222010, 0.44047030
-0.23545400, -0.24345400, -0.59559200
0.00000023, -0.99110830, -0.13305760
0.62577040, 0.94437830
-0.44580300, -0.24307400, -0.59842200
-0.00000006, -0.99136910, 0.13110050
0.62517300, 0.98845540
-0.23545400, -0.24307400, -0.59842200
-0.00000010, -0.99136790, 0.13110950
0.62517320, 0.94437830
-0.44580300, 0.02650500, -1.08620500
-0.72687760, -0.00217229, -0.68676360
0.02613256, 0.36155800
-0.44580300, -0.24307400, -0.59842200
-1.00000000, -0.00000065, -0.00000067
0.16250200, 0.43650270
-0.44580300, 0.38946500, -1.08827100
-0.72044120, 0.30433610, -0.62317260
0.02555478, 0.26065270
-0.39726700, 0.43964700, -1.08191500
-0.33013700, 0.75762180, -0.56304430
0.03080848, 0.74202200
-0.44580300, 0.38946500, -1.08827100
-0.72044120, 0.30433610, -0.62317260
0.02905170, 0.75513400
-0.44580300, -0.28486900, -0.69827400
-0.00000050, -0.71885550, 0.69515950
0.60410330, 0.98845540
-0.23545400, -0.28486900, -0.69827400
0.00060136, -0.71931020, 0.69468880
0.60410330, 0.94437830
-0.44580300, -0.28486900, -0.69827400
-1.00000000, 0.00000023, -0.00000021
0.13458650, 0.44812230
-0.44580300, -0.44877200, -0.77343000
0.00092193, -0.41778790, 0.90854410
0.58824460, 0.98845540
-0.23545400, -0.44877200, -0.77390300
0.00204284, -0.41897500, 0.90799550
0.58814470, 0.94437830
-0.44580300, -0.44877200, -0.77343000
-1.00000000, -0.00003710, -0.00001591
0.11357520, 0.49368820
-0.23545400, -0.44877200, -0.77390300
0.00063191, -0.99993310, -0.01155176
0.58814470, 0.94437830
-0.44580300, -0.44989000, -1.13833900
0.00096474, -0.99999640, 0.00251083
0.51124480, 0.98845540
-0.44580300, -0.44933700, -0.77343000
0.00349011, -0.70674590, 0.70745890
0.58824460, 0.98845540
-0.44580300, -0.44877200, -0.77343000
0.00224983, -0.00026983, 0.99999740
0.58824460, 0.98845540
-0.44580300, -0.31866100, -1.08562800
-0.94537350, -0.00054472, -0.32598880
0.02629381, 0.45751660
-0.44580300, -0.44933700, -0.77343000
-1.00000000, -0.00005038, -0.00002145
0.11357520, 0.49384530
-0.44580300, -0.44989000, -1.13833900
-0.72318970, -0.00052714, -0.69064930
0.01155728, 0.49399900
-0.23545400, -0.44474400, 0.75232100
-1.00000000, 0.00000012, -0.00000013
0.91019420, 0.94437830
-0.23545400, -0.28486300, 0.90103000
-1.00000000, 0.00000018, -0.00000045
0.94157340, 0.94437830
-0.23545400, -0.24302800, 0.80171800
-1.00000000, 0.00000027, -0.00000035
0.92061750, 0.94437830
-0.23545400, -0.25736900, 0.69500300
-1.00000000, 0.00000024, 0.00000010
0.89809950, 0.94437830
-0.23545400, -0.32309700, 0.62052600
-1.00000000, 0.00000015, 0.00000014
0.88238410, 0.94437830
-0.23545400, -0.42899700, 0.56379400
-1.00000000, -0.00000032, -0.00000003
0.87041300, 0.94437830
-0.23545400, -0.46472700, 0.51447900
-1.00000000, -0.00000048, -0.00000004
0.86000700, 0.94437830
-0.23545400, -0.42602500, 0.96244400
-1.00000000, 0.00000002, -0.00000027
0.95453240, 0.94437830
-0.23545400, -0.45684600, -0.57860200
-1.00000000, -0.00000012, -0.00000041
0.62935550, 0.94437830
-0.23545400, -0.25734500, -0.49212300
-1.00000000, -0.00000013, -0.00000058
0.64760330, 0.94437830
-0.23545400, -0.24345400, -0.59559200
-1.00000000, -0.00000003, -0.00000032
0.62577040, 0.94437830
-0.23545400, -0.24307400, -0.59842200
-1.00000000, 0.00000000, 0.00000000
0.62517320, 0.94437830
-0.23545400, -0.28486900, -0.69827400
-1.00000000, -0.00000009, -0.00000013
0.60410330, 0.94437830
-0.23545400, -0.43041700, -0.37245300
-1.00000000, -0.00000036, -0.00000060
0.67285490, 0.94437830
-0.23545400, -0.32508200, -0.41230100
-1.00000000, -0.00000005, -0.00000053
0.66444640, 0.94437830
-0.23545400, -0.46574100, -0.33253800
-1.00000000, -0.00000064, -0.00000057
0.68127750, 0.94437830
-0.23545400, -0.44877200, -0.77390300
-1.00000000, -0.00000021, -0.00000030
0.58814470, 0.94437830
0.23545400, -0.45684600, -0.57860200
0.00000001, -0.99925020, -0.03871727
0.62935550, 0.84570300
-0.23545400, -0.45684600, -0.57860200
0.00000001, -0.99925020, -0.03871727
0.62935550, 0.94437830
0.23545400, -0.44474400, 0.75232100
0.00000000, -0.99627530, 0.08622939
0.91019420, 0.84570300
-0.23545400, -0.44474400, 0.75232100
0.00000000, -0.99627530, 0.08622941
0.91019420, 0.94437830
-0.44580300, 0.38946500, -1.08827100
-0.72044120, 0.30433610, -0.62317260
0.99527340, 0.26905980
-0.21254700, 0.02650500, -1.09904300
-0.05340815, -0.00184412, -0.99857100
0.93377420, 0.36686700
-0.44580300, 0.02650500, -1.08620500
-0.72687760, -0.00217229, -0.68676360
0.99527340, 0.36686700
-0.21254700, -0.31861400, -1.09904300
-0.05648701, -0.00103638, -0.99840280
0.93377420, 0.45986660
-0.44580300, -0.31866100, -1.08562800
-0.94537350, -0.00054472, -0.32598880
0.99527340, 0.45987930
-0.44580300, -0.33255300, -1.13842900
-0.60570380, 0.49260540, -0.62487030
0.99527340, 0.46362290
-0.44580300, -0.44989000, -1.13833900
-0.72318970, -0.00052714, -0.69064930
0.99527340, 0.49524170
-0.44580300, -0.33255300, -1.13842900
-0.60570380, 0.49260540, -0.62487030
0.01153219, 0.46137880
-0.44580300, -0.31866100, -1.08562800
-0.01229767, 0.96654160, -0.25621500
0.99527340, 0.45987930
-0.21254700, -0.31861400, -1.09904300
-0.01566179, 0.96074460, -0.27699180
0.93377420, 0.45986660
0.00000000, -0.31856500, -1.10634700
0.00000000, 0.96699600, -0.25479160
0.87773510, 0.45985360
0.21254700, -0.31861400, -1.09904300
0.01244256, 0.96420630, -0.26486090
0.82169600, 0.45986660
0.44580300, -0.31866100, -1.08562800
0.01482738, 0.96698050, -0.25441860
0.76019680, 0.45987930
0.44580300, -0.33255300, -1.13842900
0.60626780, 0.49177470, -0.62497760
0.01153219, 0.20913700
0.00000000, -0.24094500, 0.68018100
0.03128130, 0.41505760, -0.90925720
0.12207240, 0.92701320
0.42134400, -0.24094500, 0.68018100
-0.61046930, 0.28752570, -0.73800830
0.22737130, 0.92701320
0.42134400, -0.30304000, 0.58420600
-0.31120450, 0.64999320, -0.69329690
0.22737130, 0.89300580
0.42134400, 0.02716000, 0.58357600
-0.36247620, -0.31593640, -0.87680970
0.22737130, 0.89278270
0.37547100, 0.42269600, 0.64799700
-0.42875180, -0.87910710, -0.20818870
0.21590710, 0.91560920
0.00000000, 0.43934700, 0.23135300
0.00000000, -1.00000000, 0.00022776
0.12207240, 0.76797810
0.37547200, 0.42260000, 0.23135300
-0.54448660, -0.83876950, 0.00019343
0.21590710, 0.76797800
0.00000000, 0.43944300, 0.65857500
0.00000007, -0.92790040, -0.37282820
0.12207240, 0.91935720
0.44580300, 0.34717900, 0.73942800
-0.88911240, -0.44527380, -0.10587960
0.23348380, 0.94800620
0.00000000, 0.34717900, 0.75192600
0.00000012, -0.71123980, -0.70294950
0.12207240, 0.95119660
0.42134400, 0.33087300, 0.23140000
-0.89438690, -0.44729420, 0.00010599
0.22737130, 0.76799460
0.42134400, 0.33096900, 0.58164400
-0.94221970, -0.32158940, 0.09382052
0.22737130, 0.89209810
-0.42134400, -0.30304000, 0.58420600
0.31120470, 0.64999310, -0.69329680
0.01677362, 0.89300600
-0.42134400, -0.24094500, 0.68018100
0.59032200, 0.25800240, -0.76482330
0.01677362, 0.92701320
-0.42134400, 0.02716000, 0.58357600
0.27684190, -0.24279510, -0.92973600
0.01677362, 0.89278270
-0.37547200, 0.42269600, 0.64799700
0.42875180, -0.87910720, -0.20818860
0.02823757, 0.91560920
-0.37547200, 0.42260000, 0.23135300
0.54448650, -0.83876960, 0.00019363
0.02823757, 0.76797810
-0.42134400, -0.40312900, 0.52824600
0.00000016, 0.48800620, -0.87284020
0.01677362, 0.87317750
0.42134400, -0.40312900, 0.52824600
0.00000016, 0.48800620, -0.87284020
0.22737130, 0.87317740
-0.44580300, 0.34717900, 0.73942700
0.88911220, -0.44527390, -0.10587990
0.01066101, 0.94800630
-0.42134400, 0.33087300, 0.23140000
0.89438670, -0.44729450, 0.00010633
0.01677362, 0.76799480
-0.42134400, 0.33096900, 0.58164400
0.94221960, -0.32158960, 0.09382047
0.01677362, 0.89209810
0.30539900, 0.02681000, 0.84152300
-0.00405046, 0.99999170, -0.00046474
0.19846630, 0.98397140
0.44580300, 0.02740200, 0.83782800
-0.00423542, 0.99999090, -0.00054788
0.23348380, 0.98287270
0.42134400, 0.02716000, 0.58357600
-0.00275441, 0.99999490, 0.00158872
0.22737130, 0.89278270
-0.30540000, 0.02679600, 0.84160900
0.00224953, 0.99999590, 0.00179221
0.04563798, 0.98389180
0.00000000, 0.02704000, 0.65478800
0.00158279, 0.99997990, 0.00614059
0.12207240, 0.91801540
-0.42134400, 0.02716000, 0.58357600
0.00153052, 0.99999860, 0.00072097
0.01677362, 0.89278270
0.00000000, 0.02560700, 0.84901900
0.00148435, 0.99998080, 0.00601995
0.12207240, 0.98683830
0.44580300, -0.32363400, 0.59345600
0.53515400, 0.27715910, -0.79799310
0.23348380, 0.89628360
0.42134400, 0.02716000, 0.58357600
0.35231320, -0.00394283, -0.93587390
0.22737130, 0.89278270
0.44580300, 0.02573400, 0.59279000
0.35232090, -0.00379443, -0.93587150
0.23348380, 0.89604740
0.42134400, -0.30304000, 0.58420600
0.44885310, 0.13641700, -0.88313150
0.22737130, 0.89300580
0.42134400, 0.33096900, 0.58164400
0.57514180, -0.50760970, -0.64151720
0.22737130, 0.89209810
0.44580300, 0.34717900, 0.59074500
0.59593930, -0.59868550, -0.53519340
0.23348380, 0.89532300
0.42134400, 0.33087300, 0.23140000
0.61338820, -0.50500330, 0.60722850
0.22737130, 0.76799460
0.44580300, 0.34707800, 0.22017000
0.62350430, -0.57096200, 0.53408320
0.23348380, 0.76401540
0.42134400, 0.02784100, 0.23333200
0.41401290, 0.00435381, 0.91026060
0.22737130, 0.76867930
0.44580300, 0.02645500, 0.22221400
0.41400860, 0.00425929, 0.91026300
0.23348380, 0.76473990
0.42134400, -0.19836100, 0.23403000
0.41394260, 0.00280924, 0.91029860
0.22737130, 0.76892670
0.42134400, -0.40414500, 0.23466500
0.68611410, 0.37376310, 0.62413830
0.22737130, 0.76915170
0.44580300, -0.43060700, 0.22362500
0.74610260, 0.51203470, 0.42561880
0.23348380, 0.76523970
0.42134400, -0.40312900, 0.52824600
0.71098700, 0.56277910, -0.42163630
0.22737130, 0.87317740
0.44580300, -0.42953300, 0.53424800
0.73107600, 0.60593700, -0.31363710
0.23348380, 0.87530400
-0.44580300, 0.02573400, 0.59279000
-0.35232190, -0.00379454, -0.93587120
0.01066101, 0.89604750
-0.42134400, -0.30304000, 0.58420600
-0.44885360, 0.13641680, -0.88313130
0.01677362, 0.89300600
-0.44580300, -0.32363400, 0.59345600
-0.53515450, 0.27715890, -0.79799280
0.01066101, 0.89628360
-0.42134400, 0.02716000, 0.58357600
-0.35231410, -0.00394295, -0.93587350
0.01677362, 0.89278270
-0.42134400, -0.40312900, 0.52824600
-0.71098770, 0.56277850, -0.42163590
0.01677362, 0.87317750
-0.44580300, -0.42953300, 0.53424800
-0.73107640, 0.60593650, -0.31363700
0.01066101, 0.87530400
-0.42134400, -0.40414500, 0.23466500
-0.68611450, 0.37376260, 0.62413810
0.01677362, 0.76915170
-0.44580300, -0.43060700, 0.22362400
-0.74610320, 0.51203450, 0.42561790
0.01066101, 0.76523970
-0.42134400, 0.02784100, 0.23333200
-0.41401340, 0.00435384, 0.91026040
0.01677362, 0.76867940
-0.44580300, 0.02645500, 0.22221400
-0.41400910, 0.00425931, 0.91026280
0.01066101, 0.76473990
-0.42134400, -0.19978300, 0.23403400
-0.41394300, 0.00280922, 0.91029850
0.01677362, 0.76892830
-0.42134400, 0.33087300, 0.23140000
-0.61338940, -0.50500260, 0.60722800
0.01677362, 0.76799480
-0.44580300, 0.34707800, 0.22016900
-0.62350550, -0.57096160, 0.53408220
0.01066101, 0.76401540
-0.42134400, 0.33096900, 0.58164400
-0.57514290, -0.50760900, -0.64151680
0.01677362, 0.89209810
-0.44580300, 0.34717900, 0.59074500
-0.59594060, -0.59868480, -0.53519270
0.01066101, 0.89532300
0.00000000, 0.02704000, 0.65478800
0.05334112, -0.14102970, -0.98856740
0.12207240, 0.91801540
0.42134400, -0.19836100, 0.23403000
0.69095060, 0.72137830, 0.04691082
0.44481210, 0.89909390
-0.42134400, -0.21430700, 0.47534800
-0.59722470, 0.62397040, 0.50396790
0.28239400, 0.94569730
0.42134400, -0.21430700, 0.47534800
0.59731080, 0.62270340, 0.50543080
0.44481010, 0.94570580
-0.42134400, -0.19978300, 0.23403400
-0.69305140, 0.71958600, 0.04330959
0.28239610, 0.89910360
-0.42134400, -0.19978300, 0.23403400
-0.00000018, 0.00308603, 0.99999520
0.28239610, 0.89910360
0.42134400, 0.02784100, 0.23333200
-0.00000018, 0.00473117, 0.99998880
0.44488300, 0.85549650
-0.42134400, 0.02784100, 0.23333200
-0.00000018, 0.00473117, 0.99998880
0.28246730, 0.85523240
0.42134400, -0.19836100, 0.23403000
-0.00000018, 0.00308603, 0.99999520
0.44481210, 0.89909390
0.42134400, 0.33087300, 0.23140000
0.00000736, 0.00394880, 0.99999220
0.22737130, 0.76799460
0.37547200, 0.42260000, 0.23135300
0.00002343, 0.00052533, 0.99999990
0.21590710, 0.76797800
0.00000000, 0.43934700, 0.23135300
-0.00000017, 0.00044602, 0.99999990
0.12207240, 0.76797810
-0.42134400, 0.02784100, 0.23333200
-0.00000018, 0.00473117, 0.99998880
0.25818870, 0.83197700
0.42134400, 0.33087300, 0.23140000
0.00000736, 0.00394880, 0.99999220
0.43608380, 0.76741490
-0.42134400, 0.33087300, 0.23140000
-0.00000766, 0.00394856, 0.99999220
0.25818860, 0.76741870
0.42134400, 0.02784100, 0.23333200
-0.00000018, 0.00473117, 0.99998880
0.43608380, 0.83197310
-0.42134400, 0.33087300, 0.23140000
-0.00000766, 0.00394856, 0.99999220
0.01677362, 0.76799480
-0.37547200, 0.42260000, 0.23135300
-0.00002360, 0.00052458, 0.99999990
0.02823757, 0.76797810
0.42134400, -0.40312900, 0.52824600
0.63789990, 0.20774670, 0.74156930
0.48045130, 0.95827970
0.42134400, -0.40414500, 0.23466500
1.00000000, 0.00000000, 0.00000026
0.48437930, 0.90183240
-0.42134400, -0.40414500, 0.23466500
-1.00000000, 0.00000005, -0.00000020
0.24308670, 0.90158930
-0.42134400, -0.40312900, 0.52824600
-0.63790020, 0.20774690, 0.74156900
0.24667890, 0.95805900
-0.42134400, -0.40312900, 0.52824600
-0.63790020, 0.20774690, 0.74156900
0.28239220, 0.98349130
0.42134400, -0.40312900, 0.52824600
0.63789990, 0.20774670, 0.74156930
0.44480820, 0.98349960
0.14088200, 0.09019000, 0.58496500
-0.49999940, 0.81196080, 0.30119800
0.68340620, 0.02723956
0.24835300, 0.06880100, 0.59099300
-0.10150490, -0.50538850, 0.85690090
0.71096310, 0.02853596
0.25872100, 0.09019000, 0.58496500
0.50000010, 0.81195950, 0.30120040
0.71362150, 0.02723956
0.15125000, 0.06880100, 0.59099300
0.10150410, -0.50538750, 0.85690160
0.68606460, 0.02853596
0.24835300, 0.07790700, 0.56644700
-0.10150470, 0.17571640, -0.97919380
0.71096310, 0.02325714
0.15125000, 0.07790700, 0.56644700
0.10150700, 0.17571460, -0.97919390
0.68606460, 0.02325737
0.29690500, -0.01004300, 0.56174600
-0.20301280, -0.34055110, 0.91804720
0.72341230, 0.02224648
0.31764000, -0.00549000, 0.54947300
1.00000000, -0.00000110, 0.00000242
0.72872910, 0.01960707
0.29690500, -0.00093700, 0.53719900
-0.20300820, 0.34055310, -0.91804750
0.72341230, 0.01696765
0.24835300, -0.08888700, 0.53249900
-0.10150430, -0.17571770, 0.97919360
0.71096310, 0.01595688
0.25872000, -0.10117000, 0.51398000
0.49999980, -0.81196050, -0.30119820
0.71362150, 0.01197445
0.24835300, -0.07978100, 0.50795200
-0.10150280, 0.50538800, -0.85690150
0.71096310, 0.01067805
0.15125000, -0.08888700, 0.53249900
0.10150260, -0.17571810, 0.97919370
0.68606460, 0.01595688
0.14088200, -0.10117000, 0.51398000
-0.50000020, -0.81195960, -0.30120010
0.68340620, 0.01197445
0.15125000, -0.07978100, 0.50795200
0.10150460, 0.50538900, -0.85690070
0.68606460, 0.01067805
0.10269800, -0.01004300, 0.56174600
0.20301070, -0.34055310, 0.91804700
0.67361530, 0.02224648
0.08196300, -0.00549000, 0.54947300
-1.00000000, -0.00000052, 0.00000116
0.66829850, 0.01960707
0.10269800, -0.00093700, 0.53719900
0.20300910, 0.34055250, -0.91804750
0.67361530, 0.01696765
0.18584600, -0.09127700, 0.78421100
-0.81649740, -0.19807950, 0.54230650
0.69493560, 0.07008708
0.21353700, -0.09127700, 0.78421100
0.81649710, -0.19808050, 0.54230670
0.70203570, 0.07008708
0.19969100, -0.07827200, 0.78896100
-0.00000039, 0.56885820, 0.82243560
0.69848570, 0.07110858
0.19969100, -0.10428100, 0.77946100
-0.00000048, -0.96501770, 0.26218460
0.69848570, 0.06906569
0.18584700, -0.00441200, 0.54639100
-0.81649740, 0.19807870, -0.54230700
0.69493560, 0.01894438
0.21353700, -0.00441200, 0.54639100
0.81649600, 0.19807870, -0.54230900
0.70203570, 0.01894438
0.19969200, -0.01741700, 0.54164100
-0.00000092, -0.56885870, -0.82243530
0.69848570, 0.01792276
0.19969200, 0.00859300, 0.55114100
0.00000057, 0.96501870, -0.26218110
0.69848570, 0.01996577
-0.44580300, 0.34717900, 0.73942700
0.88911220, -0.44527390, -0.10587990
0.53652520, 0.27240820
-0.42134400, 0.02716000, 0.58357600
0.99341280, 0.02107157, 0.11263640
0.49295360, 0.36137590
-0.42134400, 0.33096900, 0.58164400
0.94221960, -0.32158960, 0.09382047
0.49241340, 0.27691480
-0.44580300, 0.02740200, 0.83782800
0.99497570, 0.02944468, 0.09568866
0.56403490, 0.36130850
0.42134400, 0.02716000, 0.58357600
-0.99341280, 0.02107174, 0.11263650
0.49295360, 0.10913440
0.44580300, 0.34717900, 0.73942800
-0.88911240, -0.44527380, -0.10587960
0.53652520, 0.02016658
0.42134400, 0.33096900, 0.58164400
-0.94221970, -0.32158940, 0.09382052
0.49241340, 0.02467328
0.44580300, 0.02740200, 0.83782800
-0.99497570, 0.02944491, 0.09568866
0.56403490, 0.10906680
0.44580300, 0.38946500, -1.08827100
0.72044110, 0.30433640, -0.62317250
0.02555478, 0.00841099
0.20079200, 0.37093500, -1.07316800
-0.04332776, -0.05257762, 0.99767640
0.98305960, 0.61530240
0.42134400, 0.37093500, -1.06291400
-0.04841881, -0.00747922, 0.99879910
0.98059840, 0.61530250
0.00000000, 0.43511100, -1.07649600
-0.00000007, 0.03560553, 0.99936590
0.98385830, 0.59986030
0.42134400, -0.31763200, 0.20339800
-1.00000000, 0.00000005, -0.00000025
0.67665950, 0.78098500
0.42134400, 0.37517100, 0.20081500
-1.00000000, -0.00000004, -0.00000015
0.67727950, 0.61428320
0.42134400, -0.31851900, -0.40456700
-1.00000000, -0.00000005, -0.00000014
0.82258250, 0.78119840
0.22253600, -0.31851900, -0.40456700
-0.10690800, 0.98201470, 0.15562060
0.82258250, 0.78119840
0.42134400, -0.19885700, -0.56222700
0.00000001, 0.99803960, 0.06258570
0.86042420, 0.75240550
0.22253600, -0.19885700, -0.56222700
0.00033029, 0.99802520, 0.06281400
0.86042400, 0.75240550
0.42134400, -0.31851900, -0.40456700
0.00000006, 0.94800670, 0.31825020
0.82258250, 0.78119840
0.42134400, -0.19885700, -0.56222700
-1.00000000, -0.00000009, -0.00000004
0.86042420, 0.75240550
0.42134400, 0.37093500, -1.06291400
-1.00000000, -0.00000009, -0.00000003
0.98059840, 0.61530250
0.42134400, 0.37517100, 0.20081500
-0.15059870, -0.98858950, 0.00328575
0.67727950, 0.61428320
0.00000000, 0.43511100, -1.07649600
0.00000001, -0.99999440, 0.00334453
0.98385830, 0.59986030
0.42134400, 0.37093500, -1.06291400
-0.15068160, -0.98857680, 0.00331368
0.98059840, 0.61530250
0.00000000, 0.43934700, 0.20078800
0.00000000, -0.99999450, 0.00331639
0.67728570, 0.59884100
0.42134400, -0.31852200, -0.76931500
0.00035952, 0.96602080, -0.25846410
0.91012910, 0.78119920
0.22253600, -0.31852200, -0.76981100
-0.08475686, 0.98830500, -0.12676550
0.91024800, 0.78119920
0.42134400, -0.31852200, -0.76931500
-1.00000000, -0.00000005, 0.00000001
0.91012910, 0.78119920
0.42134400, -0.31813700, -1.06041600
-1.00000000, -0.00000006, 0.00000000
0.97999880, 0.78110650
0.22253600, -0.19885700, -0.56222700
-1.00000000, -0.00000016, 0.00000000
0.86042400, 0.75240550
0.20088600, -0.31809300, -1.07309600
-0.05525421, 0.00292490, 0.99846800
0.98304220, 0.78109570
0.42134400, -0.31813700, -1.06041600
-0.05742047, 0.00361985, 0.99834350
0.97999880, 0.78110650
-0.20079100, 0.37093500, -1.07316800
0.04332683, -0.05257578, 0.99767660
0.98305960, 0.61530240
-0.42134400, -0.31763200, 0.20339800
1.00000000, 0.00000006, 0.00000019
0.67665950, 0.78098490
-0.42134400, -0.31851900, -0.40456700
1.00000000, 0.00000036, -0.00000016
0.82258250, 0.78119840
-0.42134400, 0.37517100, 0.20081400
1.00000000, -0.00000004, 0.00000017
0.67727950, 0.61428310
-0.22253600, -0.31851900, -0.40456700
0.10706790, 0.98192910, 0.15605070
0.82258250, 0.78119840
-0.42134400, -0.19885700, -0.56222800
0.00158965, 0.99814300, 0.06089336
0.86042400, 0.75240550
-0.42134400, -0.31851900, -0.40456700
0.00000000, 0.94800670, 0.31825020
0.82258250, 0.78119840
-0.22253600, -0.19903700, -0.56074400
-0.00112071, 0.99767170, 0.06819022
0.86006800, 0.75244870
-0.42134400, -0.19885700, -0.56222800
1.00000000, -0.00000007, 0.00000013
0.86042400, 0.75240550
-0.42134400, 0.37093500, -1.06291500
1.00000000, -0.00000026, 0.00000047
0.98059840, 0.61530240
-0.42134400, 0.37517100, 0.20081400
0.15059870, -0.98858950, 0.00328580
0.67727950, 0.61428310
-0.42134400, 0.37093500, -1.06291500
0.15068160, -0.98857680, 0.00331373
0.98059840, 0.61530240
-0.42134400, -0.31852200, -0.76931500
0.00128999, 0.86717020, -0.49801030
0.91012910, 0.78119920
-0.22253600, -0.31852200, -0.76981100
0.08412692, 0.98846920, -0.12590170
0.91024800, 0.78119920
-0.42134400, -0.31852200, -0.76931500
1.00000000, -0.00000053, 0.00000060
0.91012910, 0.78119920
-0.42134400, -0.31813700, -1.06041600
1.00000000, -0.00000005, 0.00000092
0.97999880, 0.78110640
-0.42134400, -0.31852200, -0.76931500
0.99999980, -0.00069249, 0.00000000
0.91012920, 0.78119920
-0.22253600, -0.19903700, -0.56074400
1.00000000, 0.00000000, 0.00000037
0.86006800, 0.75244870
-0.42134400, 0.37093500, -1.06291500
0.04841780, -0.00747897, 0.99879910
0.98059840, 0.61530240
-0.20088600, -0.31809300, -1.07309600
0.05525322, 0.00292490, 0.99846810
0.98304220, 0.78109570
-0.42134400, -0.31813700, -1.06041600
0.05741948, 0.00361985, 0.99834360
0.97999880, 0.78110640
-0.42134400, -0.31813700, -1.06041600
-0.00007458, 0.99999900, 0.00137794
0.97999880, 0.78110640
-0.20088600, -0.31809300, -1.07309600
-0.00036021, 0.99997750, -0.00669279
0.98304220, 0.78109570
-0.42134400, -0.31852200, -0.76931500
0.00000330, 0.99999910, 0.00132466
0.91012920, 0.78119920
0.42134400, -0.31813700, -1.06041600
0.00007458, 0.99999900, 0.00137794
0.97999880, 0.78110650
0.20088600, -0.31809300, -1.07309600
0.00036004, 0.99997750, -0.00669181
0.98304220, 0.78109570
-0.42134400, -0.31763200, 0.20339800
0.00000000, 0.99999890, -0.00145892
0.67665950, 0.78098490
0.42134400, -0.31763200, 0.20339800
0.00000000, 0.99999890, -0.00145892
0.67665950, 0.78098500
0.20079200, 0.37093500, -1.07316800
-0.60415610, -0.50198040, -0.61887890
0.98305960, 0.61530240
0.00000000, 0.38946500, -1.10899800
0.00000000, -0.88184880, -0.47153240
0.99165940, 0.61084370
0.21244800, 0.38946500, -1.09912100
-0.49582200, -0.58588500, -0.64101430
0.98928870, 0.61084370
-0.20079100, 0.37093500, -1.07316800
0.60415720, -0.50198020, -0.61887790
0.98305960, 0.61530240
-0.21244700, 0.38946500, -1.09912100
0.49582200, -0.58588570, -0.64101370
0.98928870, 0.61084370
-0.21254700, 0.02650500, -1.09904400
0.91133030, -0.00016824, -0.41167590
0.98927030, 0.69817880
-0.20088600, -0.31809300, -1.07309600
0.91207880, -0.00000895, -0.41001490
0.98304220, 0.78109570
-0.21254700, -0.31861400, -1.09904400
0.91212200, -0.00000025, -0.40991880
0.98927030, 0.78122120
0.00000000, -0.31856500, -1.10634700
-0.00000002, 0.99989220, -0.01467995
0.99102320, 0.78120950
0.21254700, -0.31861400, -1.09904400
0.00090476, 0.99980590, -0.01968317
0.98927030, 0.78122120
0.20088600, -0.31809300, -1.07309600
-0.91207940, -0.00000845, -0.41001360
0.98304220, 0.78109570
0.21254700, 0.02650500, -1.09904400
-0.91132850, -0.00016824, -0.41167990
0.98927020, 0.69817880
0.21254700, -0.31861400, -1.09904400
-0.91212280, 0.00000028, -0.40991710
0.98927030, 0.78122120
-0.21254700, -0.31861400, -1.09904400
-0.00090521, 0.99980580, -0.01968590
0.98927030, 0.78122120
0.42134400, -0.31763200, 0.20339800
0.00000018, -0.00372840, -0.99999300
0.67665950, 0.78098500
-0.42134400, 0.37517100, 0.20081400
0.00000018, -0.00343681, -0.99999410
0.67727950, 0.61428310
0.42134400, 0.37517100, 0.20081500
0.00000018, -0.00343681, -0.99999410
0.67727950, 0.61428320
-0.42134400, -0.31763200, 0.20339800
0.00000018, -0.00372840, -0.99999300
0.67665950, 0.78098490
0.00000000, 0.43934700, 0.20078800
0.00000018, -0.00040657, -0.99999990
0.67728570, 0.59884100
-0.46189300, -0.45900700, 1.15578400
0.00000000, -1.00000000, -0.00000034
0.76109330, 0.24076630
0.46189300, -0.45900700, 1.04325900
0.00000000, -1.00000000, -0.00000034
0.99738520, 0.24076630
0.46189300, -0.45900700, 1.15578400
0.00000000, -1.00000000, -0.00000034
0.99738520, 0.24076630
-0.46189300, -0.45900700, 1.04325900
0.00000000, -1.00000000, -0.00000034
0.76109330, 0.24076630
-0.46189300, -0.33453100, 1.15578400
0.00000000, 1.00000000, 0.00000034
0.76109330, 0.20813430
0.46189300, -0.33453100, 1.04325900
0.00000000, 1.00000000, 0.00000034
0.99738520, 0.20813430
-0.46189300, -0.33453100, 1.04325900
0.00000000, 1.00000000, 0.00000034
0.76109330, 0.20813430
0.46189300, -0.33453100, 1.15578400
0.00000000, 1.00000000, 0.00000034
0.99738520, 0.20813430
-0.46189300, -0.45900700, 1.15578400
0.00000000, -0.00000061, 1.00000000
0.76109330, 0.24076630
0.46189300, -0.33453100, 1.15578400
0.00000000, -0.00000061, 1.00000000
0.99738520, 0.20813430
-0.46189300, -0.33453100, 1.15578400
0.00000000, -0.00000061, 1.00000000
0.76109330, 0.20813430
0.46189300, -0.45900700, 1.15578400
0.00000000, -0.00000061, 1.00000000
0.99738520, 0.24076630
0.46189300, -0.45900700, 1.15578400
1.00000000, 0.00000000, 0.00000000
0.99738520, 0.24076630
0.46189300, -0.33453100, 1.04325900
1.00000000, 0.00000000, 0.00000000
0.99738520, 0.20813430
0.46189300, -0.33453100, 1.15578400
1.00000000, 0.00000000, 0.00000000
0.99738520, 0.20813430
0.46189300, -0.45900700, 1.04325900
1.00000000, 0.00000000, 0.00000000
0.99738520, 0.24076630
0.46189300, -0.45900700, 1.04325900
0.00000017, 0.00000061, -1.00000000
0.99738520, 0.24076630
-0.46189300, -0.33453100, 1.04325900
0.00000017, 0.00000061, -1.00000000
0.76109330, 0.20813430
0.46189300, -0.33453100, 1.04325900
0.00000017, 0.00000061, -1.00000000
0.99738520, 0.20813430
-0.46189300, -0.45900700, 1.04325900
0.00000017, 0.00000061, -1.00000000
0.76109330, 0.24076630
-0.46189300, -0.45900700, 1.04325900
-1.00000000, 0.00000000, 0.00000000
0.76109330, 0.24076630
-0.46189300, -0.33453100, 1.15578400
-1.00000000, 0.00000000, 0.00000000
0.76109330, 0.20813430
-0.46189300, -0.33453100, 1.04325900
-1.00000000, 0.00000000, 0.00000000
0.76109330, 0.20813430
-0.46189300, -0.45900700, 1.15578400
-1.00000000, 0.00000000, 0.00000000
0.76109330, 0.24076630
0.44074900, 0.34402100, 0.62761600
-0.00000042, -0.70710740, 0.70710620
0.73306630, 0.53095640
0.53178800, 0.35893000, 0.62761600
0.57735040, 0.57734930, 0.57735110
0.73578420, 0.50216010
0.44074900, 0.35893000, 0.62761600
-0.00000178, 0.70710700, 0.70710660
0.73578420, 0.53095640
0.51621300, 0.34402100, 0.62761600
-0.30151330, -0.30151200, 0.90453310
0.73306610, 0.52131280
0.53178800, 0.35893000, 0.61316900
0.57735120, 0.57734970, -0.57734980
0.73578420, 0.50216010
0.44074900, 0.35893000, 0.61316900
0.00000011, 0.70710640, -0.70710720
0.73578420, 0.53095640
0.51621300, 0.34402100, 0.61316900
-0.30151060, -0.30151130, -0.90453430
0.73306610, 0.52131280
0.44074900, 0.34402100, 0.61316900
0.00000143, -0.70710680, -0.70710680
0.73306630, 0.53095640
0.53178700, 0.01552800, 0.61316900
0.57734940, -0.57735100, -0.57735040
0.66695980, 0.50216030
0.53178700, 0.01552800, 0.62761600
0.57734850, -0.57735070, 0.57735170
0.66695980, 0.50216030
0.51621200, 0.02790100, 0.61316900
-0.30151080, 0.30151270, -0.90453370
0.66921550, 0.52131290
0.51621200, 0.02790100, 0.62761600
-0.30151380, 0.30151310, 0.90453260
0.66921550, 0.52131290
0.44161000, 0.02790100, 0.62761600
-0.00000072, 0.70709170, 0.70712180
0.66921550, 0.53080120
0.44161000, 0.02790100, 0.61316900
0.00000061, 0.70709130, -0.70712220
0.66921550, 0.53080120
0.44160900, 0.01552800, 0.62761600
-0.00000077, -0.70712230, 0.70709130
0.66695990, 0.53080140
0.44160900, 0.01552800, 0.61316900
0.00000060, -0.70712180, -0.70709170
0.66695990, 0.53080140
-0.44074900, 0.34402100, 0.62761600
0.00000031, -0.70710780, 0.70710580
0.73306630, 0.53095640
-0.53178800, 0.35893000, 0.62761600
-0.57734990, 0.57734960, 0.57735130
0.73578420, 0.50216010
-0.51621300, 0.34402100, 0.62761600
0.30151350, -0.30151130, 0.90453330
0.73306610, 0.52131280
-0.44074900, 0.35893000, 0.62761600
0.00000296, 0.70710700, 0.70710650
0.73578420, 0.53095640
-0.53178800, 0.35893000, 0.61316900
-0.57735160, 0.57735030, -0.57734890
0.73578420, 0.50216010
-0.44074900, 0.35893000, 0.61316900
0.00000041, 0.70710620, -0.70710740
0.73578420, 0.53095640
-0.51621300, 0.34402100, 0.61316900
0.30150810, -0.30150980, -0.90453560
0.73306610, 0.52131280
-0.44074900, 0.34402100, 0.61316900
-0.00000214, -0.70710700, -0.70710650
0.73306630, 0.53095640
-0.53178700, 0.01552800, 0.61316900
-0.57735010, -0.57735150, -0.57734920
0.66695980, 0.50216030
-0.53178700, 0.01552800, 0.62761600
-0.57734840, -0.57735070, 0.57735170
0.66695980, 0.50216030
-0.51621300, 0.02790100, 0.61316900
0.30150920, 0.30151020, -0.90453510
0.66921550, 0.52131290
-0.51621300, 0.02790100, 0.62761600
0.30151420, 0.30151240, 0.90453270
0.66921550, 0.52131290
-0.44161000, 0.02790100, 0.62761600
0.00000145, 0.70709190, 0.70712160
0.66921550, 0.53080120
-0.44161000, 0.02790100, 0.61316900
-0.00000116, 0.70709100, -0.70712250
0.66921550, 0.53080120
-0.44160900, 0.01552800, 0.62761600
0.00000148, -0.70712260, 0.70709100
0.66695990, 0.53080140
-0.44160900, 0.01552800, 0.61316900
-0.00000120, -0.70712170, -0.70709180
0.66695990, 0.53080140
0.56445300, 0.05229200, 0.58427300
-0.21502670, 0.00000000, -0.97660820
0.67771950, 0.54798460
0.47154200, 0.21793800, 0.60473000
-0.21502670, 0.00000000, -0.97660820
0.72823490, 0.58536600
0.56445300, 0.21793800, 0.58427300
-0.21502670, 0.00000000, -0.97660820
0.72823490, 0.54798460
0.47154200, 0.05229200, 0.60473000
-0.21502670, 0.00000000, -0.97660820
0.67771950, 0.58536600
0.56445300, 0.05229200, 0.58427300
0.46325280, -0.23560090, 0.85433540
0.75195870, 0.58505990
0.52247200, 0.08053000, 0.61482400
0.21045650, -0.20506990, 0.95585270
0.76841150, 0.57667180
0.47154200, 0.05229200, 0.60473000
-0.06159947, -0.23560120, 0.96989570
0.78837160, 0.58505990
0.52247200, 0.18970100, 0.61482400
0.21045650, 0.20507040, 0.95585260
0.76841150, 0.54424170
0.47154200, 0.21793800, 0.60473000
-0.06159971, 0.23560140, 0.96989560
0.78837160, 0.53585340
0.56445300, 0.21793800, 0.58427300
0.46325310, 0.23560100, 0.85433520
0.75195870, 0.53585340
-0.56445300, 0.05229200, 0.58427300
0.21502670, 0.00000000, -0.97660820
0.67771950, 0.54798460
-0.47154300, 0.21793800, 0.60473000
0.21502670, 0.00000000, -0.97660820
0.72823490, 0.58536600
-0.47154300, 0.05229200, 0.60473000
0.21502680, 0.00000000, -0.97660820
0.67771950, 0.58536600
-0.56445300, 0.21793800, 0.58427300
0.21502680, 0.00000000, -0.97660820
0.72823490, 0.54798460
-0.56445300, 0.05229200, 0.58427300
-0.46325290, -0.23560090, 0.85433540
0.75195870, 0.58505990
-0.47154300, 0.05229200, 0.60473000
0.06159944, -0.23560130, 0.96989560
0.78837160, 0.58505990
-0.52247200, 0.08053000, 0.61482300
-0.21045640, -0.20506980, 0.95585270
0.76841150, 0.57667180
-0.52247200, 0.18970100, 0.61482300
-0.21045640, 0.20507040, 0.95585260
0.76841150, 0.54424170
-0.47154300, 0.21793800, 0.60473000
0.06159968, 0.23560150, 0.96989560
0.78837160, 0.53585340
-0.56445300, 0.21793800, 0.58427300
-0.46325320, 0.23560090, 0.85433520
0.75195870, 0.53585340
0.00000000, -0.31856500, -1.10634800
-0.03530512, -0.00059459, -0.99937640
0.87773510, 0.45985360
-0.21254700, 0.02650500, -1.09904400
-0.03660098, -0.00064915, -0.99932970
0.93377430, 0.36686700
0.00000000, 0.02650500, -1.10693200
-0.03866228, -0.00187200, -0.99925060
0.87738590, 0.36691150
-0.21254700, -0.31861400, -1.09904400
-0.03434097, 0.00000000, -0.99941020
0.93377430, 0.45986660
-0.21244700, 0.38946500, -1.09912100
-0.04328397, -0.00383675, -0.99905540
0.93374790, 0.26905980
0.00000000, 0.38946500, -1.10899800
-0.04644099, -0.00568785, -0.99890480
0.87773510, 0.26905980
0.00000000, -0.31287000, -1.07497600
0.03787669, 0.00057760, 0.99928220
0.87773510, 0.45985360
-0.19785500, 0.02661500, -1.06767300
0.03933723, 0.00067467, 0.99922570
0.93377430, 0.36686700
-0.19785500, -0.31291800, -1.06767300
0.03688662, -0.00000023, 0.99931940
0.93377430, 0.45986660
0.00000000, 0.02661500, -1.07556000
0.04147499, 0.00188998, 0.99913780
0.87738590, 0.36691150
-0.19775500, 0.37781500, -1.06775000
0.04659854, 0.00402478, 0.99890560
0.93374790, 0.26905980
0.00000000, 0.37781500, -1.07762700
0.04988230, 0.00587754, 0.99873780
0.87773510, 0.26905980
0.00000000, -0.31856500, -1.10634800
0.00677573, -0.98394670, 0.17833380
0.87773510, 0.45985360
-0.19785500, -0.31291800, -1.06767300
0.00631166, -0.98436620, 0.17602100
0.93377430, 0.45986660
-0.21254700, -0.31861400, -1.09904400
0.00626569, -0.98440740, 0.17579180
0.93377430, 0.45986660
0.00000000, -0.31287000, -1.07497600
0.00683547, -0.98389230, 0.17863150
0.87773510, 0.45985360
-0.21254700, -0.31861400, -1.09904400
-0.90559820, -0.00000004, 0.42413650
0.93377430, 0.45986660
-0.19785500, 0.02661500, -1.06767300
-0.90559860, 0.00017553, 0.42413570
0.93377430, 0.36686700
-0.21254700, 0.02650500, -1.09904400
-0.90559720, 0.00017449, 0.42413890
0.93377430, 0.36686700
-0.19785500, -0.31291800, -1.06767300
-0.90559820, -0.00000004, 0.42413650
0.93377430, 0.45986660
-0.19775500, 0.37781500, -1.06775000
-0.90555260, 0.00033963, 0.42423390
0.93374790, 0.26905980
-0.21244700, 0.38946500, -1.09912100
-0.90555010, 0.00033905, 0.42423930
0.93374790, 0.26905980
-0.21244700, 0.38946500, -1.09912100
0.01692388, 0.93954940, 0.34199490
0.93374790, 0.26905980
0.00000000, 0.37781500, -1.07762700
0.01626819, 0.93757400, 0.34740510
0.87773510, 0.26905980
0.00000000, 0.38946500, -1.10899800
0.01618383, 0.93731770, 0.34809990
0.87773510, 0.26905980
-0.19775500, 0.37781500, -1.06775000
0.01703513, 0.93988160, 0.34107540
0.93374790, 0.26905980
0.00000000, 0.02661500, -1.07556000
1.00000000, 0.00000000, 0.00000015
0.87738590, 0.36691150
0.00000000, 0.38946500, -1.10899800
1.00000000, 0.00000000, 0.00000015
0.87773510, 0.26905980
0.00000000, 0.37781500, -1.07762700
1.00000000, 0.00000000, 0.00000015
0.87773510, 0.26905980
0.00000000, 0.02650500, -1.10693200
1.00000000, 0.00000000, 0.00000015
0.87738590, 0.36691150
0.00000000, -0.31287000, -1.07497600
1.00000000, 0.00000000, 0.00000015
0.87773510, 0.45985360
0.00000000, -0.31856500, -1.10634800
1.00000000, 0.00000000, 0.00000015
0.87773510, 0.45985360
0.00000000, -0.31856500, -1.10634800
0.03530525, -0.00059467, -0.99937640
0.87773510, 0.45985360
0.21254700, 0.02650500, -1.09904400
0.03660128, -0.00064933, -0.99932970
0.82169600, 0.36686700
0.21254700, -0.31861400, -1.09904400
0.03434097, 0.00000000, -0.99941020
0.82169600, 0.45986660
0.00000000, 0.02650500, -1.10693200
0.03866252, -0.00187214, -0.99925060
0.87738590, 0.36691150
0.21244800, 0.38946500, -1.09912100
0.04328386, -0.00383668, -0.99905540
0.82172230, 0.26905980
0.00000000, 0.38946500, -1.10899800
0.04644063, -0.00568764, -0.99890490
0.87773510, 0.26905980
0.00000000, -0.31287300, -1.07497600
-0.03918376, 0.00056080, 0.99923190
0.87773510, 0.45985360
0.19110200, 0.02661400, -1.06767300
-0.04073944, 0.00068236, 0.99916960
0.82169600, 0.36686700
0.00000000, 0.02661400, -1.07556000
-0.04288936, 0.00186297, 0.99907810
0.87738590, 0.36691150
0.19110200, -0.31292200, -1.06767300
-0.03818778, -0.00000068, 0.99927060
0.82169600, 0.45986660
0.19100200, 0.37781400, -1.06775000
-0.04833928, 0.00407713, 0.99882260
0.82172230, 0.26905980
0.00000000, 0.37781400, -1.07762700
-0.05164126, 0.00587681, 0.99864840
0.87773510, 0.26905980
0.00000000, 0.38946500, -1.10899800
-0.01774065, 0.93768910, 0.34702210
0.87773510, 0.26905980
0.19100200, 0.37781400, -1.06775000
-0.01592962, 0.94049670, 0.33942910
0.82172230, 0.26905980
0.21244800, 0.38946500, -1.09912100
-0.01574444, 0.94078000, 0.33865170
0.82172230, 0.26905980
0.00000000, 0.37781400, -1.07762700
-0.01800136, 0.93727950, 0.34811370
0.87773510, 0.26905980
0.21244800, 0.38946500, -1.09912100
0.82548440, 0.00035741, 0.56442480
0.82172230, 0.26905980
0.19110200, 0.02661400, -1.06767300
0.82553890, 0.00017397, 0.56434510
0.82169600, 0.36686700
0.21254700, 0.02650500, -1.09904400
0.82554100, 0.00017297, 0.56434220
0.82169600, 0.36686700
0.19100200, 0.37781400, -1.06775000
0.82547930, 0.00035836, 0.56443220
0.82172230, 0.26905980
0.19110200, -0.31292200, -1.06767300
0.82553920, -0.00000002, 0.56434480
0.82169600, 0.45986660
0.21254700, -0.31861400, -1.09904400
0.82553910, 0.00000000, 0.56434500
0.82169600, 0.45986660
0.21254700, -0.31861400, -1.09904400
-0.00681848, -0.98461150, 0.17462450
0.82169600, 0.45986660
0.00000000, -0.31287300, -1.07497600
-0.00641038, -0.98399490, 0.17808130
0.87773510, 0.45985360
0.00000000, -0.31856500, -1.10634800
-0.00635901, -0.98391640, 0.17851630
0.87773510, 0.45985360
0.19110200, -0.31292200, -1.06767300
-0.00689805, -0.98473030, 0.17395010
0.82169600, 0.45986660
0.00000000, -0.31856500, -1.10634800
-1.00000000, 0.00000000, -0.00000015
0.87773510, 0.45985360
0.00000000, 0.02661400, -1.07556000
-1.00000000, 0.00000000, -0.00000015
0.87738590, 0.36691150
0.00000000, 0.02650500, -1.10693200
-1.00000000, 0.00000000, -0.00000015
0.87738590, 0.36691150
0.00000000, -0.31287300, -1.07497600
-1.00000000, 0.00000000, -0.00000015
0.87773510, 0.45985360
0.00000000, 0.37781400, -1.07762700
-1.00000000, 0.00000000, -0.00000015
0.87773510, 0.26905980
0.00000000, 0.38946500, -1.10899800
-1.00000000, 0.00000000, -0.00000015
0.87773510, 0.26905980
0.30539900, 0.02681000, 0.84152300
0.00915037, 0.89471380, 0.44654610
0.95667810, 0.10255600
0.44580300, 0.02740200, 0.83782800
0.00798905, 0.89448260, 0.44703140
0.99195960, 0.10186640
-0.44580300, 0.02740200, 0.83782800
0.00433335, 0.99999050, -0.00053846
0.01066101, 0.98287270
-0.22497300, -0.10982600, 1.11795800
0.02113782, -0.92356310, -0.38286340
0.65069880, 0.71055040
0.00000000, -0.00268000, 0.87191400
-0.00548341, -0.92229590, -0.38644560
0.56222470, 0.63440950
0.00000000, -0.10982600, 1.12360600
-0.00565804, -0.92238830, -0.38622250
0.65246170, 0.63464270
-0.24889600, -0.00900200, 0.86492200
0.03402538, -0.92732140, -0.37271610
0.56121130, 0.71838820
0.24889500, -0.00900200, 0.86492200
-0.02307919, -0.92376920, -0.38225370
0.56159590, 0.55041780
0.23359300, -0.10982600, 1.11774200
-0.00931048, -0.92862650, -0.37089910
0.65099220, 0.55581560
0.23359300, -0.10982600, 1.11774200
0.41102470, -0.85505990, -0.31611930
0.65099220, 0.55581560
0.24889500, -0.00900200, 0.86492200
0.41102470, -0.85505990, -0.31611930
0.56159590, 0.55041780
0.30539900, 0.02681000, 0.84152300
0.41102470, -0.85505990, -0.31611930
0.54856460, 0.53133010
0.24889500, -0.00900200, 0.86492200
-0.01991730, -0.53216140, -0.84640860
0.56159590, 0.55041780
0.00000000, 0.02560700, 0.84901900
-0.00971262, -0.62392650, -0.78142270
0.55065590, 0.63438830
0.30539900, 0.02681000, 0.84152300
-0.01880165, -0.52593420, -0.85031740
0.54856460, 0.53133010
0.00000000, -0.00268000, 0.87191400
-0.00976429, -0.62382350, -0.78150430
0.56222470, 0.63440950
-0.30540000, 0.02679600, 0.84160900
0.03323814, -0.52804850, -0.84856350
0.54811950, 0.73743310
-0.24889600, -0.00900200, 0.86492200
0.03703795, -0.50364220, -0.86311800
0.56121130, 0.71838820
-0.24889600, -0.00900200, 0.86492200
-0.41824000, -0.85672360, -0.30182780
0.56121130, 0.71838820
-0.22497300, -0.10982600, 1.11795800
-0.41824000, -0.85672360, -0.30182780
0.65069880, 0.71055040
-0.30540000, 0.02679600, 0.84160900
-0.41824000, -0.85672360, -0.30182780
0.54811950, 0.73743310
-0.44580300, -0.32363400, 0.59345600
-1.00000000, 0.00000001, -0.00000025
0.49571580, 0.45889900
-0.44580300, 0.02645500, 0.22221400
-1.00000000, -0.00000006, -0.00000025
0.39192750, 0.36157190
-0.44580300, -0.32470800, 0.22288000
-1.00000000, 0.00000000, -0.00000021
0.39222860, 0.45858260
-0.44580300, 0.02573400, 0.59279000
-1.00000000, -0.00000006, -0.00000031
0.49552960, 0.36177230
-0.44580300, -0.43060700, 0.22362500
-1.00000000, 0.00000002, -0.00000021
0.39232180, 0.48863840
-0.44580300, -0.42953300, 0.53424800
-1.00000000, 0.00000014, -0.00000025
0.47916300, 0.48833980
-0.44580300, 0.34718000, 0.59074500
-1.00000000, -0.00000006, -0.00000026
0.49495800, 0.27240820
-0.44580300, 0.34707800, 0.22017000
-1.00000000, -0.00000012, -0.00000021
0.39135600, 0.27243640
-0.42502800, -0.32363400, 0.58385600
1.00000000, -0.00000004, 0.00000023
0.74215310, 0.44420150
-0.42502800, 0.02645500, 0.23103800
1.00000000, 0.00000000, 0.00000022
0.66432840, 0.36698940
-0.42502800, 0.02573400, 0.58322300
1.00000000, 0.00000000, 0.00000022
0.74201350, 0.36714840
-0.42502800, -0.32470800, 0.23167100
1.00000000, 0.00000000, 0.00000022
0.66446810, 0.44443850
-0.42502800, -0.42583400, 0.23237900
1.00000000, -0.00000002, 0.00000022
0.66462410, 0.46674190
-0.42502800, -0.42476000, 0.52758600
1.00000000, -0.00000014, 0.00000026
0.72974100, 0.46650490
-0.42502800, 0.02645500, 0.23103800
1.00000000, 0.00000000, 0.00000022
0.39192750, 0.36157190
-0.42502800, 0.33981400, 0.58128000
1.00000000, 0.00000000, 0.00000022
0.49495800, 0.27240820
-0.42502800, 0.02573400, 0.58322300
1.00000000, 0.00000000, 0.00000022
0.49552960, 0.36177230
-0.42502800, 0.33971200, 0.22909500
1.00000000, 0.00000000, 0.00000022
0.39135600, 0.27243640
-0.44580300, -0.32363400, 0.59345600
0.40959100, -0.21549820, 0.88645120
0.74427070, 0.44420150
-0.42502800, 0.02573400, 0.58322300
0.41830760, 0.00367600, 0.90829800
0.74201350, 0.36714840
-0.44580300, 0.02573400, 0.59279000
0.41823730, 0.00367738, 0.90833040
0.74412370, 0.36714840
-0.42502800, -0.32363400, 0.58385600
0.40604040, -0.24613550, 0.88008440
0.74215310, 0.44420150
-0.42502800, 0.33981400, 0.58128000
0.41638190, 0.00577628, 0.90917150
0.74158470, 0.29787820
-0.44580300, 0.34718000, 0.59074500
0.41630550, 0.00578260, 0.90920640
0.74367280, 0.29625360
-0.44580300, 0.34718000, 0.59074500
0.33408840, 0.94254170, -0.00027080
0.74367280, 0.29625360
-0.42502800, 0.33971200, 0.22909500
0.33427660, 0.94247500, -0.00025861
0.66389980, 0.29790050
-0.44580300, 0.34707800, 0.22017000
0.33428300, 0.94247270, -0.00025819
0.66193100, 0.29627600
-0.42502800, 0.33981400, 0.58128000
0.33407770, 0.94254550, -0.00027149
0.74158470, 0.29787820
-0.44580300, 0.34707800, 0.22017000
0.39290640, -0.00571245, -0.91956070
0.66193100, 0.29627600
-0.42502800, 0.02645500, 0.23103800
0.39098390, -0.00375859, -0.92038980
0.66432840, 0.36698940
-0.44580300, 0.02645500, 0.22221400
0.39091170, -0.00376834, -0.92042050
0.66238190, 0.36698940
-0.42502800, 0.33971200, 0.22909500
0.39302350, -0.00570316, -0.91951070
0.66389980, 0.29790050
-0.42502800, -0.32470800, 0.23167100
0.38971950, -0.00409469, -0.92092450
0.66446810, 0.44443850
-0.44580300, -0.32470800, 0.22288000
0.38968530, -0.00409352, -0.92093900
0.66252900, 0.44443850
-0.42502800, -0.42583400, 0.23237900
0.38957770, -0.00646751, -0.92097090
0.66462410, 0.46674190
-0.44580300, -0.43060700, 0.22362500
0.38956200, -0.00647136, -0.92097750
0.66269310, 0.46779450
-0.44580300, -0.43060700, 0.22362500
0.22265260, -0.97489140, 0.00353711
0.66269310, 0.46779450
-0.42502800, -0.42476000, 0.52758600
0.22486250, -0.97438470, 0.00337632
0.72974100, 0.46650490
-0.44580300, -0.42953300, 0.53424800
0.22495390, -0.97436360, 0.00336967
0.73121040, 0.46755750
-0.42502800, -0.42583400, 0.23237900
0.22250740, -0.97492460, 0.00354767
0.66462410, 0.46674190
-0.44580300, -0.42953300, 0.53424800
0.36603430, -0.45269100, 0.81307420
0.73121040, 0.46755750
-0.42502800, -0.42476000, 0.52758600
0.36489640, -0.45270400, 0.81357840
0.72974100, 0.46650490
0.44580300, -0.32363400, 0.59345600
1.00000000, -0.00000007, 0.00000019
0.49571580, 0.20665750
0.44580300, 0.02645500, 0.22221400
1.00000000, -0.00000006, 0.00000016
0.39192750, 0.10933010
0.44580300, 0.02573400, 0.59279000
1.00000000, -0.00000005, 0.00000010
0.49552960, 0.10953050
0.44580300, -0.32470800, 0.22288100
1.00000000, 0.00000000, 0.00000021
0.39222970, 0.20670860
0.44580300, -0.43060700, 0.22362500
1.00000000, -0.00000002, 0.00000021
0.39232190, 0.23639670
0.44580300, -0.42953300, 0.53424800
1.00000000, -0.00000014, 0.00000025
0.47916300, 0.23609810
0.44580300, 0.34718000, 0.59074600
1.00000000, -0.00000005, 0.00000015
0.49495800, 0.02016658
0.44580300, 0.34707800, 0.22017000
1.00000000, -0.00000012, 0.00000021
0.39135600, 0.02019483
0.42502800, -0.32363400, 0.58385600
-1.00000000, 0.00000004, -0.00000023
0.74443170, 0.24526390
0.42502800, 0.02645500, 0.23103800
-1.00000000, 0.00000000, -0.00000022
0.66836910, 0.16801080
0.42502800, -0.32470800, 0.23167200
-1.00000000, 0.00000000, -0.00000022
0.66850560, 0.24550100
0.42502800, 0.02573400, 0.58322300
-1.00000000, 0.00000000, -0.00000022
0.74429520, 0.16816980
0.42502800, -0.42583400, 0.23237900
-1.00000000, 0.00000002, -0.00000022
0.66865810, 0.26781610
0.42502800, -0.42476000, 0.52758600
-1.00000000, 0.00000014, -0.00000026
0.73230080, 0.26757910
0.42502800, 0.02645500, 0.23103800
-1.00000000, 0.00000000, -0.00000022
0.39192750, 0.10813610
0.42502800, 0.33981400, 0.58128000
-1.00000000, 0.00000000, -0.00000022
0.49495800, 0.01897252
0.42502800, 0.33971200, 0.22909500
-1.00000000, 0.00000000, -0.00000022
0.39135600, 0.01900077
0.42502800, 0.02573400, 0.58322300
-1.00000000, 0.00000000, -0.00000022
0.49552960, 0.10833640
0.44580300, -0.32363400, 0.59345600
-0.40959110, -0.21549810, 0.88645120
0.74650130, 0.24526390
0.42502800, 0.02573400, 0.58322300
-0.41830760, 0.00367600, 0.90829800
0.74429520, 0.16816980
0.42502800, -0.32363400, 0.58385600
-0.40604040, -0.24613550, 0.88008440
0.74443170, 0.24526390
0.44580300, 0.02573400, 0.59279000
-0.41823730, 0.00367738, 0.90833040
0.74635770, 0.16816980
0.42502800, 0.33981400, 0.58128000
-0.41638190, 0.00577627, 0.90917150
0.74387630, 0.09886307
0.44580300, 0.34718000, 0.59074600
-0.41630550, 0.00578260, 0.90920640
0.74591700, 0.09723753
0.44580300, 0.34718000, 0.59074600
-0.33408840, 0.94254170, -0.00027094
0.74591700, 0.09723753
0.42502800, 0.33971200, 0.22909500
-0.33427670, 0.94247500, -0.00025874
0.66795020, 0.09888548
0.42502800, 0.33981400, 0.58128000
-0.33407760, 0.94254550, -0.00027164
0.74387630, 0.09886307
0.44580300, 0.34707800, 0.22017000
-0.33428310, 0.94247270, -0.00025833
0.66602600, 0.09725982
0.44580300, 0.34707800, 0.22017000
-0.39290630, -0.00571245, -0.91956070
0.66602600, 0.09725982
0.42502800, 0.02645500, 0.23103800
-0.39098390, -0.00375859, -0.92038980
0.66836910, 0.16801080
0.42502800, 0.33971200, 0.22909500
-0.39302350, -0.00570316, -0.91951070
0.66795020, 0.09888548
0.44580300, 0.02645500, 0.22221400
-0.39091170, -0.00376834, -0.92042050
0.66646680, 0.16801080
0.42502800, -0.32470800, 0.23167200
-0.38971950, -0.00409469, -0.92092450
0.66850560, 0.24550100
0.44580300, -0.32470800, 0.22288100
-0.38968530, -0.00409351, -0.92093900
0.66661040, 0.24550100
0.42502800, -0.42583400, 0.23237900
-0.38957770, -0.00646751, -0.92097090
0.66865810, 0.26781610
0.44580300, -0.43060700, 0.22362500
-0.38956200, -0.00647136, -0.92097750
0.66677080, 0.26886950
0.44580300, -0.43060700, 0.22362500
-0.22265260, -0.97489140, 0.00353700
0.66677080, 0.26886950
0.42502800, -0.42476000, 0.52758600
-0.22486250, -0.97438470, 0.00337621
0.73230080, 0.26757910
0.42502800, -0.42583400, 0.23237900
-0.22250740, -0.97492460, 0.00354756
0.66865810, 0.26781610
0.44580300, -0.42953300, 0.53424800
-0.22495380, -0.97436360, 0.00336956
0.73373690, 0.26863240
0.44580300, -0.42953300, 0.53424800
-0.36603440, -0.45269100, 0.81307420
0.73373690, 0.26863240
0.42502800, -0.42476000, 0.52758600
-0.36489640, -0.45270400, 0.81357840
0.73230080, 0.26757910
0.44580300, 0.02740300, 0.83782800
0.02517529, 0.29193570, 0.95610650
0.99195960, 0.10186640
0.00000000, 0.34718000, 0.75192600
-0.00000016, 0.29111810, 0.95668720
0.87904250, 0.01970708
0.00000000, 0.02560700, 0.84902000
-0.00000016, 0.28904510, 0.95731550
0.87904250, 0.10311950
0.44580300, 0.34718000, 0.73942800
0.02678597, 0.29399940, 0.95543020
0.99200650, 0.01802588
-0.44580300, 0.02740300, 0.83782800
-0.02517562, 0.29193570, 0.95610650
0.76612580, 0.10186650
-0.44580300, 0.34718000, 0.73942800
-0.02678631, 0.29399940, 0.95543020
0.76607910, 0.01802528
0.00000000, 0.02560700, 0.84902000
0.00004780, 0.89609430, 0.44386380
0.87904250, 0.10311950
0.23359300, -0.10982600, 1.11774200
0.00929451, 0.89618250, 0.44358830
0.93811860, 0.15044310
0.30539900, 0.02681000, 0.84152300
0.00739520, 0.89554150, 0.44491640
0.95667810, 0.10255600
0.00000000, -0.10982600, 1.12360600
-0.00000011, 0.89684350, 0.44234800
0.87904250, 0.15160520
-0.22497300, -0.10982600, 1.11795800
-0.00926275, 0.89619550, 0.44356260
0.82214640, 0.15048600
-0.30540000, 0.02679600, 0.84160900
-0.00730894, 0.89556150, 0.44487780
0.80177960, 0.10254420
-0.00000100, 0.02232300, 0.84739300
-0.00004783, -0.89609420, -0.44386400
0.87903090, 0.10311960
0.23359300, -0.11311000, 1.11611600
-0.00929431, -0.89618240, -0.44358860
0.93812750, 0.15044560
-0.00000100, -0.11311000, 1.12198000
-0.00000012, -0.89684340, -0.44234820
0.87905990, 0.15160550
0.30539800, 0.02352600, 0.83989700
-0.00739509, -0.89554150, -0.44491660
0.95668850, 0.10255050
-0.22497400, -0.11311000, 1.11633200
0.00926241, -0.89619550, -0.44356260
0.82213570, 0.15048000
-0.30540100, 0.02351200, 0.83998300
0.00730904, -0.89556160, -0.44487750
0.80177020, 0.10254590
0.00000000, 0.02560700, 0.84902000
-0.00013755, 0.44383780, -0.89610710
0.87904250, 0.10311950
-0.30540100, 0.02351200, 0.83998300
0.02346509, 0.44368820, -0.89587400
0.80177020, 0.10254590
-0.30540000, 0.02679600, 0.84160900
0.02346509, 0.44368810, -0.89587400
0.80177960, 0.10254420
-0.00000100, 0.02232300, 0.84739300
-0.00013539, 0.44383780, -0.89610710
0.87903090, 0.10311960
-0.30540000, 0.02679600, 0.84160900
-0.96761190, -0.11192890, 0.22627220
0.80177960, 0.10254420
-0.22497400, -0.11311000, 1.11633200
-0.96761190, -0.11193050, 0.22627150
0.82213570, 0.15048000
-0.22497300, -0.10982600, 1.11795800
-0.96761190, -0.11193050, 0.22627150
0.82214640, 0.15048600
-0.30540100, 0.02351200, 0.83998300
-0.96761190, -0.11192890, 0.22627220
0.80177020, 0.10254590
-0.22497300, -0.10982600, 1.11795800
-0.02249124, -0.44366900, 0.89590850
0.82214640, 0.15048600
-0.00000100, -0.11311000, 1.12198000
-0.00000144, -0.44378380, 0.89613390
0.87905990, 0.15160550
0.00000000, -0.10982600, 1.12360600
0.00000187, -0.44378400, 0.89613380
0.87904250, 0.15160520
-0.22497400, -0.11311000, 1.11633200
-0.02249124, -0.44366910, 0.89590840
0.82213570, 0.15048000
0.23359300, -0.11311000, 1.11611600
0.02249014, -0.44372340, 0.89588160
0.93812750, 0.15044560
0.23359300, -0.10982600, 1.11774200
0.02249013, -0.44372380, 0.89588140
0.93811860, 0.15044310
0.23359300, -0.10982600, 1.11774200
0.97391090, -0.10081950, 0.20330520
0.93811860, 0.15044310
0.30539800, 0.02352600, 0.83989700
0.97391090, -0.10082570, 0.20330220
0.95668850, 0.10255050
0.30539900, 0.02681000, 0.84152300
0.97391090, -0.10082570, 0.20330220
0.95667810, 0.10255600
0.23359300, -0.11311000, 1.11611600
0.97391090, -0.10081940, 0.20330520
0.93812750, 0.15044560
0.30539900, 0.02681000, 0.84152300
-0.02373733, 0.44369890, -0.89586150
0.95667810, 0.10255600
0.30539800, 0.02352600, 0.83989700
-0.02373732, 0.44369880, -0.89586160
0.95668850, 0.10255050
# Number of Faces:
651
# Face Data:
0, 1, 2
1, 3, 4
0, 3, 1
5, 6, 7
6, 5, 8
9, 10, 11
10, 9, 12
12, 13, 10
13, 12, 14
14, 15, 13
15, 14, 16
16, 17, 15
17, 16, 18
19, 20, 21
22, 23, 20
19, 22, 20
22, 24, 23
23, 25, 26
25, 23, 24
27, 21, 28
21, 27, 19
29, 30, 31
32, 33, 34
33, 32, 35
18, 36, 17
36, 18, 37
28, 38, 27
38, 28, 39
37, 31, 36
31, 37, 29
39, 40, 38
38, 41, 42
41, 38, 40
43, 44, 45
44, 43, 46
19, 47, 22
47, 19, 48
49, 50, 51
50, 49, 52
53, 54, 48
54, 53, 55
48, 56, 47
56, 48, 54
57, 34, 58
34, 57, 32
59, 60, 61
60, 59, 62
63, 32, 64
32, 63, 35
64, 32, 57
65, 66, 67
66, 65, 68
67, 69, 53
69, 67, 66
53, 69, 55
63, 70, 35
70, 63, 71
35, 72, 33
72, 35, 70
44, 46, 30
41, 68, 42
68, 41, 73
42, 68, 65
73, 74, 68
45, 75, 43
75, 45, 76
74, 77, 68
68, 77, 66
76, 78, 75
78, 76, 79
77, 80, 66
79, 81, 78
81, 82, 83
79, 82, 81
80, 84, 66
84, 80, 85
71, 86, 70
86, 71, 87
70, 88, 72
88, 70, 86
83, 89, 81
89, 83, 90
85, 91, 84
90, 92, 89
92, 90, 93
91, 94, 84
95, 96, 97
95, 98, 96
95, 99, 98
100, 94, 101
94, 100, 84
100, 101, 102
103, 104, 105
106, 103, 107
103, 106, 104
107, 103, 108
108, 103, 109
103, 105, 110
111, 112, 113
114, 111, 115
111, 114, 112
116, 111, 117
117, 111, 113
111, 116, 118
115, 111, 119
60, 120, 61
120, 121, 61
121, 120, 122
122, 123, 121
123, 122, 124
125, 126, 127
126, 125, 128
129, 130, 4
130, 129, 131
132, 133, 134
132, 135, 133
132, 136, 135
137, 138, 139
138, 137, 140
141, 142, 143
142, 141, 133
139, 144, 145
144, 139, 138
145, 146, 147
146, 145, 144
147, 148, 149
148, 147, 146
150, 151, 152
153, 152, 154
150, 152, 153
153, 154, 155
156, 154, 157
158, 154, 156
155, 154, 158
159, 151, 150
151, 159, 160
161, 162, 163
164, 33, 165
33, 164, 34
149, 166, 167
166, 149, 148
160, 168, 169
168, 160, 159
167, 162, 161
162, 167, 166
169, 168, 170
168, 171, 170
171, 168, 172
173, 174, 175
174, 173, 176
150, 177, 178
177, 150, 153
179, 50, 180
50, 179, 51
181, 182, 183
182, 181, 178
178, 184, 182
184, 178, 177
185, 34, 164
34, 185, 58
59, 186, 62
186, 59, 187
188, 164, 165
164, 188, 189
189, 185, 164
190, 191, 192
191, 190, 193
193, 194, 191
194, 193, 181
181, 183, 194
188, 195, 196
195, 188, 165
165, 72, 195
72, 165, 33
174, 163, 175
171, 192, 197
192, 171, 172
172, 190, 192
197, 192, 198
176, 199, 200
199, 176, 173
198, 192, 201
192, 191, 201
200, 202, 203
202, 200, 199
201, 191, 204
205, 206, 207
203, 206, 205
203, 202, 206
204, 208, 209
208, 204, 191
191, 210, 208
210, 191, 194
196, 211, 212
211, 196, 195
195, 88, 211
88, 195, 72
207, 213, 214
213, 207, 206
209, 208, 215
214, 216, 217
216, 214, 213
215, 208, 218
219, 220, 99
219, 221, 220
219, 222, 221
223, 218, 208
218, 223, 224
223, 225, 224
226, 227, 228
229, 230, 226
226, 228, 229
230, 231, 226
231, 232, 226
226, 233, 227
234, 235, 236
237, 234, 236
234, 237, 238
239, 240, 234
240, 235, 234
234, 241, 239
238, 242, 234
99, 95, 219
219, 243, 244
243, 219, 95
244, 44, 174
44, 244, 243
174, 30, 163
30, 174, 44
30, 161, 163
161, 30, 29
161, 245, 246
245, 161, 29
246, 1, 130
1, 246, 245
1, 4, 130
186, 187, 247
247, 248, 249
248, 247, 187
249, 250, 251
250, 249, 248
252, 126, 253
126, 252, 127
225, 223, 254
255, 127, 252
127, 255, 256
256, 257, 127
257, 258, 127
258, 125, 127
125, 258, 259
100, 102, 260
261, 262, 263
264, 263, 262
265, 266, 267
266, 265, 268
269, 268, 265
268, 269, 270
271, 265, 267
265, 271, 272
272, 269, 265
261, 273, 274
275, 274, 273
276, 266, 268
266, 276, 277
263, 278, 273
278, 263, 279
280, 268, 270
268, 280, 276
281, 276, 282
276, 281, 277
282, 276, 280
283, 284, 285
286, 287, 288
287, 286, 289
290, 291, 292
291, 290, 293
292, 294, 295
294, 292, 291
295, 296, 297
296, 295, 294
297, 298, 299
298, 297, 296
300, 301, 302
302, 303, 304
303, 302, 301
304, 293, 290
293, 304, 303
305, 306, 307
306, 305, 308
307, 309, 310
309, 307, 306
310, 311, 312
311, 310, 309
312, 313, 314
313, 312, 315
314, 316, 317
316, 314, 313
317, 318, 319
318, 317, 316
319, 308, 305
308, 319, 318
262, 320, 264
320, 262, 261
261, 275, 320
275, 261, 274
321, 322, 323
322, 321, 324
261, 263, 273
325, 326, 327
326, 325, 328
329, 330, 331
332, 333, 334
333, 332, 335
331, 336, 329
331, 337, 336
338, 321, 323
321, 338, 339
340, 322, 324
322, 340, 341
342, 323, 322
323, 342, 343
344, 345, 346
345, 344, 347
347, 348, 345
348, 347, 349
349, 346, 348
346, 349, 344
346, 350, 351
350, 346, 345
345, 352, 350
352, 345, 348
348, 351, 352
351, 348, 346
351, 353, 354
353, 351, 350
350, 355, 353
355, 350, 352
352, 354, 355
354, 352, 351
354, 356, 357
356, 354, 353
353, 358, 356
358, 353, 355
355, 357, 358
357, 355, 354
357, 359, 360
359, 357, 356
356, 361, 359
361, 356, 358
358, 360, 361
360, 358, 357
360, 347, 344
347, 360, 359
359, 349, 347
349, 359, 361
361, 344, 349
344, 361, 360
362, 363, 364
363, 362, 365
366, 367, 368
367, 366, 369
362, 369, 366
369, 362, 364
364, 367, 369
367, 364, 363
363, 368, 367
368, 363, 365
365, 366, 368
366, 365, 362
370, 371, 372
371, 370, 373
374, 375, 376
375, 374, 377
312, 311, 315
299, 300, 302
300, 299, 298
66, 378, 69
378, 66, 84
379, 380, 381
382, 383, 384
385, 386, 387
386, 385, 388
384, 383, 389
389, 383, 390
391, 392, 393
392, 391, 394
387, 395, 396
395, 387, 386
389, 390, 397
390, 398, 397
399, 396, 385
379, 400, 380
400, 401, 380
379, 381, 402
403, 404, 405
406, 407, 408
407, 406, 409
404, 410, 405
410, 411, 405
412, 392, 394
392, 412, 413
409, 414, 407
414, 409, 415
410, 416, 411
417, 416, 418
416, 417, 411
419, 406, 415
415, 385, 396
385, 415, 406
402, 420, 421
420, 422, 421
423, 415, 424
415, 423, 425
426, 396, 395
396, 426, 427
406, 408, 428
428, 385, 406
385, 428, 429
385, 429, 388
430, 431, 432
433, 434, 431
433, 435, 434
436, 437, 435
424, 427, 438
427, 439, 438
440, 441, 442
440, 430, 441
427, 415, 396
415, 427, 424
431, 430, 433
438, 443, 424
433, 436, 435
430, 432, 441
381, 420, 402
444, 445, 446
445, 444, 447
448, 446, 445
449, 450, 451
450, 449, 452
453, 454, 455
454, 453, 456
457, 458, 459
458, 457, 460
461, 462, 463
462, 461, 464
465, 466, 467
466, 465, 468
469, 470, 471
470, 469, 472
473, 474, 475
474, 473, 476
475, 477, 478
477, 475, 474
478, 479, 480
479, 478, 477
480, 476, 473
476, 480, 479
474, 481, 477
481, 474, 482
477, 483, 479
483, 477, 481
479, 484, 476
484, 479, 483
476, 482, 474
482, 476, 484
483, 485, 484
485, 483, 486
484, 487, 482
487, 484, 485
482, 488, 481
488, 482, 487
481, 486, 483
486, 481, 488
489, 490, 491
490, 489, 492
492, 493, 490
493, 492, 494
494, 495, 493
495, 494, 496
496, 491, 495
491, 496, 489
490, 497, 498
497, 490, 493
493, 499, 497
499, 493, 495
495, 500, 499
500, 495, 491
491, 498, 500
498, 491, 490
499, 501, 502
501, 499, 500
500, 503, 501
503, 500, 498
498, 504, 503
504, 498, 497
497, 502, 504
502, 497, 499
505, 506, 507
506, 505, 508
509, 510, 511
511, 512, 513
512, 511, 510
513, 512, 514
514, 510, 509
510, 514, 512
515, 516, 517
516, 515, 518
519, 520, 521
520, 522, 521
522, 520, 523
523, 524, 522
524, 521, 522
521, 524, 519
525, 526, 527
526, 525, 528
527, 529, 530
529, 527, 526
531, 532, 533
532, 531, 534
534, 535, 532
535, 534, 536
537, 538, 539
538, 537, 540
541, 542, 543
542, 541, 544
543, 545, 546
545, 543, 542
547, 548, 549
548, 547, 550
551, 552, 553
552, 551, 554
555, 554, 551
554, 555, 556
557, 558, 559
558, 557, 560
560, 561, 558
561, 560, 562
563, 564, 565
564, 563, 566
565, 567, 568
567, 565, 564
569, 570, 571
570, 569, 572
573, 574, 575
574, 573, 576
575, 577, 578
577, 575, 574
579, 580, 581
580, 579, 582
583, 584, 585
584, 583, 586
585, 587, 588
587, 585, 584
289, 285, 287
285, 289, 283
7, 589, 5
589, 7, 590
5, 136, 8
136, 5, 135
288, 591, 286
133, 141, 134
592, 593, 594
593, 592, 595
594, 596, 597
596, 594, 593
598, 599, 600
601, 602, 603
602, 601, 604
604, 605, 602
605, 604, 606
607, 608, 609
610, 611, 612
611, 610, 613
610, 614, 615
614, 610, 612
611, 616, 617
616, 611, 613
618, 619, 620
619, 618, 621
618, 622, 621
622, 618, 623
624, 625, 626
625, 624, 627
628, 629, 630
629, 628, 631
630, 632, 633
632, 630, 629
634, 635, 636
635, 634, 637
638, 639, 640
639, 638, 641
640, 642, 643
642, 640, 639
643, 644, 645
644, 643, 642
646, 647, 648
647, 646, 649
650, 631, 628
631, 650, 651
652, 653, 654
653, 652, 655
652, 656, 655
656, 652, 657
653, 658, 654
658, 653, 659
660, 661, 662
661, 660, 663
660, 664, 665
664, 660, 662
666, 667, 668
667, 666, 669
670, 671, 672
671, 670, 673
673, 674, 671
674, 673, 675
676, 677, 678
677, 676, 679
680, 681, 682
681, 680, 683
683, 684, 681
684, 683, 685
685, 686, 684
686, 685, 687
688, 689, 690
689, 688, 691
692, 672, 693
672, 692, 670
694, 695, 696
695, 694, 697
698, 695, 699
695, 698, 696
700, 701, 702
701, 700, 703
704, 700, 705
700, 704, 703
706, 707, 708
707, 706, 709
710, 706, 708
706, 710, 711
712, 713, 714
713, 712, 715
716, 717, 718
717, 716, 719
720, 721, 722
721, 720, 723
722, 724, 725
724, 722, 721
726, 727, 728
727, 726, 729
730, 715, 712
715, 730, 731
