# Project Zomboid Mesh
# File Version:
1.00000000
# Model Name:
Vehicles_PickUpVanLightsBurnt
# Vertex Stride Element Count:
3
# Vertex Stride Size (in bytes):
76
# Vertex Stride Data:
# (Int)    Offset
# (String) Type
0
VertexArray
12
NormalArray
24
TextureCoordArray
# Vertex Count:
869
# Vertex Buffer:
-0.10379600, 0.30894100, 0.35134100
-0.11231080, 0.48816200, 0.86549650
0.65278760, 0.52473410
0.00866300, 0.27687700, 0.35750900
0.03342035, 0.35996490, 0.93236710
0.69396080, 0.52700010
0.00866300, 0.32279200, -0.04989800
0.67060350, 0.73938940, -0.05995211
0.69394430, 0.37774710
-0.24268200, 0.31601600, -0.05014000
-0.27421090, 0.96118840, 0.03041859
0.60186850, 0.37774800
-0.24268200, 0.30332100, 0.30468200
-0.39893720, 0.56466110, 0.72250050
0.60186850, 0.50773640
-0.41128800, -0.30242000, -0.10560000
-0.03336951, -0.99759130, -0.06081272
0.30149610, 0.70838360
-0.41128800, -0.31970500, 0.37751300
1.00000000, 0.00000000, 0.00000000
0.30116730, 0.81631800
-0.41128800, -0.30382500, -0.06635600
1.00000000, 0.00000000, 0.00000000
0.30116730, 0.71791240
-0.41128800, -0.32116900, 0.41843100
-0.03338503, -0.99931380, 0.01604002
0.30162000, 0.82592270
-0.26709700, 0.30180600, -0.04937800
-0.73229380, 0.68092270, 0.00948280
0.59153230, 0.37821340
-0.26709700, 0.29037100, 0.27022700
-0.71601330, 0.69694600, 0.03989064
0.59153230, 0.49530040
-0.00120200, -0.01408700, 1.10524600
0.00211187, 0.02751112, 0.99961920
0.69020620, 0.88031140
-0.40965100, -0.09995500, 1.06206100
-0.11310270, -0.05510839, 0.99205390
0.55713960, 0.91368740
-0.00457200, -0.11515000, 1.10838500
-0.03779097, -0.01540899, 0.99916680
0.69020620, 0.91375670
-0.37785700, -0.01998200, 1.06491300
-0.10657920, 0.00691913, 0.99428020
0.56677170, 0.88682840
-0.36844500, 0.11619600, -1.05809000
-0.67649150, 0.32800200, -0.65937390
0.52607100, 0.37286400
-0.00457200, -0.03676500, -1.08261500
0.00026747, 0.04375721, -0.99904220
0.41532540, 0.41667220
-0.39786400, -0.02399300, -1.07222400
-0.01978683, 0.07710082, -0.99682690
0.53352280, 0.41658820
0.00051500, 0.11542500, -1.07717000
0.00457854, 0.17242060, -0.98501280
0.41532540, 0.36957360
0.00103600, 0.07392500, 0.51920900
0.03288153, 0.97773740, 0.20724010
0.69108360, 0.66986310
-0.11131400, 0.07789600, 0.51315700
-0.02045846, 0.96203300, 0.27216520
0.65316270, 0.66772260
0.00083000, 0.06651000, 0.55422200
0.03272846, 0.97228140, 0.23151190
0.69108340, 0.68205170
-0.30109900, 0.06112600, 0.55399900
-0.12460050, 0.98592850, 0.11144360
0.58934960, 0.68204120
-0.29977900, 0.06956900, 0.46640100
-0.19052620, 0.88756030, 0.41944780
0.58973480, 0.65167120
-0.37001100, 0.04634700, 0.58974900
-0.64837640, 0.75716420, 0.07943808
0.56626800, 0.69457580
-0.36844400, 0.06287900, 0.43217000
-0.83539800, 0.51569550, 0.19018000
0.56667360, 0.63992640
-0.36844400, 0.06287900, 0.43217000
-0.83539800, 0.51569550, 0.19018000
0.34964360, 0.10270600
-0.40971700, -0.08289200, 0.58512500
-0.97593550, 0.21576770, -0.03153110
0.38607310, 0.13546590
-0.37001100, 0.04634700, 0.58974900
-0.64837640, 0.75716420, 0.07943808
0.38607310, 0.10523730
-0.40314300, -0.07746000, 0.42714900
-0.98871320, 0.14750280, -0.02625140
0.34964360, 0.13546590
-0.22006900, -0.31740700, 0.57710500
-0.03324183, -0.99741500, 0.06370454
0.35672210, 0.86049270
-0.43161200, -0.31033300, 0.57699000
-0.03338722, -0.99739860, 0.06388602
0.29509250, 0.86041120
0.00083000, 0.06651000, 0.55422200
0.03322740, 0.99082030, 0.13103870
0.69108340, 0.68205170
-0.30213300, 0.00265500, 0.99957400
-0.01454769, 0.97005840, 0.24243550
0.58947970, 0.83671440
-0.00062500, 0.00696700, 0.99975800
0.03307147, 0.98472100, 0.17097030
0.69108340, 0.83672510
-0.30109900, 0.06112600, 0.55399900
-0.01777633, 0.99134830, 0.13004830
0.58934960, 0.68204120
-0.37666900, -0.00752400, 0.99971600
-0.61879510, 0.77764090, 0.11120850
0.56446490, 0.83688930
-0.30213300, 0.00265500, 0.99957400
-0.13359260, 0.98029040, 0.14554680
0.58947970, 0.83671440
-0.40968800, -0.09761300, 0.99649200
-0.97049050, 0.23856700, 0.03512707
0.48094040, 0.13546640
-0.37666900, -0.00752400, 0.99971600
-0.61879510, 0.77764090, 0.11120850
0.48094040, 0.11435340
-0.37785700, -0.01998200, 1.06491300
-0.02139498, 0.96153880, 0.27383460
0.56414320, 0.85987230
-0.00120200, -0.01408700, 1.10524600
0.03294658, 0.98009160, 0.19579310
0.69108360, 0.87343240
-0.37785700, -0.01998200, 1.06491300
-0.76127790, 0.63932000, 0.10828640
0.56414320, 0.85987230
-0.40965100, -0.09995500, 1.06206100
-0.97411900, 0.22312580, 0.03615236
0.49606130, 0.13546510
-0.37785700, -0.01998200, 1.06491300
-0.76127790, 0.63932000, 0.10828640
0.49605890, 0.11670380
-0.43161800, -0.32610400, 0.98831900
-0.02432991, -0.79592790, 0.60490230
0.29510090, 0.95161130
-0.22007500, -0.33314700, 0.98756100
-0.07117948, -0.88540670, 0.45933480
0.35673060, 0.95149920
-0.41590400, -0.28653300, 1.04101800
-0.03815897, -0.81820120, 0.57366420
0.30090010, 0.96213080
-0.01082400, -0.30172800, 1.08734100
-0.03815316, -0.92754640, 0.37175520
0.41728460, 0.97334330
-0.41590400, -0.28653300, 1.04101800
-0.11693490, -0.10743520, 0.98731140
0.55714820, 0.97577210
-0.01082400, -0.30172800, 1.08734100
-0.11693480, -0.10743550, 0.98731140
0.69020620, 0.97582020
-0.43161800, -0.32610400, 0.98831900
-0.98045780, 0.04699976, 0.19103260
0.48094080, 0.18853690
-0.41590400, -0.28653300, 1.04101800
-0.95827770, -0.00012464, 0.28583880
0.49275200, 0.17882970
-0.43161200, -0.31033300, 0.57699000
-0.99119290, 0.06532183, -0.11519410
0.38607350, 0.18829300
-0.41128800, -0.32116900, 0.41843100
-0.99725230, 0.03715562, -0.06408823
0.34964390, 0.19195350
-0.01068400, -0.21965800, -1.08915700
-0.02153015, -0.61690760, -0.78674100
0.41532540, 0.47327260
-0.40925500, -0.20656600, -1.08277900
-0.03254739, -0.63221590, -0.77410840
0.53514430, 0.47311790
-0.42598800, -0.14642600, 0.90679100
-0.96847720, 0.24547960, 0.04232786
0.46068250, 0.14762130
-0.42600400, -0.13770400, 0.65386600
-0.96834490, 0.24754950, -0.03205162
0.40235750, 0.14769720
-0.42699500, -0.16606300, 0.62119700
-0.97468480, 0.12092490, -0.18806010
0.39506650, 0.15453250
-0.42697600, -0.17716600, 0.93734600
-0.98384430, 0.10721170, 0.14337340
0.46797340, 0.15448420
-0.22006900, -0.31740700, 0.57710500
-0.99813870, -0.06066600, 0.00622011
0.35672210, 0.86049270
-0.21945100, -0.30664500, 0.78111600
-0.99999820, 0.00043795, 0.00185752
0.35672630, 0.90557900
-0.23011600, -0.14424500, 0.65361900
-0.99797080, -0.06362733, 0.00243406
0.35208880, 0.87255810
-0.23010000, -0.15296700, 0.90654400
-0.99795660, -0.06352262, -0.00689537
0.35209140, 0.93563770
-0.22007500, -0.33314700, 0.98756100
-0.99963420, -0.02606345, -0.00721850
0.35673060, 0.95149920
-0.43161800, -0.32610400, 0.98831900
-0.06264071, -0.36569510, -0.92862440
0.29510090, 0.95161130
-0.23010000, -0.15296700, 0.90654400
-0.04954849, -0.82431730, -0.56395560
0.35209140, 0.93563770
-0.22007500, -0.33314700, 0.98756100
-0.01694380, -0.41082170, -0.91155820
0.35673060, 0.95149920
-0.42697600, -0.17716600, 0.93734600
-0.07371384, -0.49920190, -0.86334460
0.29502280, 0.93914520
-0.42598800, -0.14642600, 0.90679100
-0.03108818, -0.91596630, -0.40004900
0.29502240, 0.93213630
-0.23011600, -0.14424500, 0.65361900
-0.07689718, -0.85240860, 0.51719080
0.35208880, 0.87255810
-0.42600400, -0.13770400, 0.65386600
-0.03103390, -0.94211980, 0.33383690
0.29502080, 0.87606540
-0.42699500, -0.16606300, 0.62119700
-0.04223976, -0.54071250, 0.84014630
0.29501920, 0.86905660
-0.22006900, -0.31740700, 0.57710500
-0.24157380, -0.33385740, 0.91114290
0.35672210, 0.86049270
-0.43161200, -0.31033300, 0.57699000
-0.01030555, -0.29265940, 0.95616120
0.29509250, 0.86041120
-0.42497700, -0.27929500, -0.37104200
-0.03333942, -0.99582000, -0.08503538
0.29705120, 0.65025540
-0.21343400, -0.28635600, -0.37129400
-0.03333934, -0.99582000, -0.08503533
0.35868080, 0.65025540
-0.42497700, -0.27929500, -0.37104200
-0.99620060, 0.06912895, 0.05296711
0.16746830, 0.18890790
-0.40314300, -0.05871100, -0.09688200
-0.98947860, 0.14389260, 0.01506483
0.22879440, 0.13546590
-0.40314300, -0.04919800, -0.36279500
-0.98193690, 0.18703600, 0.02858970
0.16747150, 0.13546590
-0.41128800, -0.30242000, -0.10560000
-0.99899490, 0.03390874, 0.02931559
0.22879490, 0.19195350
-0.36848200, 0.09087600, -0.35778000
-0.94396750, 0.32981800, 0.01206044
0.16747150, 0.10270610
-0.36844400, 0.08153800, -0.08935100
-0.94417270, 0.32930440, 0.00982542
0.22937350, 0.10270600
-0.36844400, 0.10600400, -0.77319900
-0.94383500, 0.33025780, 0.01026333
0.07166876, 0.10270610
-0.40314300, -0.03433500, -0.77822000
-0.98144010, 0.19035000, -0.02328569
0.07166876, 0.13546600
-0.21344300, -0.27088800, -0.78668200
-0.05386275, -0.97630260, 0.20959950
0.35867230, 0.55815920
-0.40925500, -0.20656600, -1.08277900
-0.03254739, -0.63221590, -0.77410840
0.30160990, 0.49311510
-0.01068400, -0.21965800, -1.08915700
-0.02153015, -0.61690760, -0.78674100
0.41728460, 0.49078110
-0.42498600, -0.26382700, -0.78643000
-0.02787798, -0.85383960, 0.51978920
0.29704260, 0.55815920
-0.42498600, -0.26382700, -0.78643000
-0.99463830, 0.08713572, -0.05569626
0.07166882, 0.18876770
-0.39786400, -0.02399300, -1.07222400
-0.98987640, 0.14047670, -0.02027383
0.00386874, 0.13546620
-0.40925500, -0.20656600, -1.08277900
-0.99709400, 0.06455234, -0.04045429
0.00294204, 0.17785750
-0.36844500, 0.11619600, -1.05809000
-0.67649150, 0.32800200, -0.65937390
0.00596900, 0.10270610
-0.41933800, -0.09927800, -0.45393000
-0.97021680, 0.23871440, 0.04116828
0.14689410, 0.14792500
-0.41935400, -0.09055600, -0.70685500
-0.97005810, 0.24094520, -0.03053987
0.08856874, 0.14800080
-0.42034500, -0.11891500, -0.73952400
-0.97739850, 0.11877450, -0.17488540
0.08127805, 0.15483600
-0.42032600, -0.13001800, -0.42337500
-0.98473320, 0.10568000, 0.13831950
0.15418480, 0.15478780
-0.21344300, -0.27088800, -0.78668200
-0.99969980, -0.02448619, -0.00081853
0.35867230, 0.55815920
-0.21343000, -0.27831600, -0.58027900
-0.99997250, -0.00740811, -0.00019102
0.35867650, 0.60391940
-0.22346600, -0.09709600, -0.70710200
-0.99839250, -0.05664564, -0.00193511
0.35403900, 0.57089840
-0.22345000, -0.10581800, -0.45417700
-0.99840060, -0.05649865, -0.00204474
0.35404160, 0.63397810
-0.21343400, -0.28635600, -0.37129400
-0.99973360, -0.02306558, -0.00090662
0.35868080, 0.65025540
-0.42497700, -0.27929500, -0.37104200
-0.06090295, -0.37294500, -0.92585250
0.29705120, 0.65025540
-0.22345000, -0.10581800, -0.45417700
-0.04864475, -0.82630560, -0.56111740
0.35404160, 0.63397810
-0.21343400, -0.28635600, -0.37129400
-0.01503189, -0.41786260, -0.90838590
0.35868080, 0.65025540
-0.42032600, -0.13001800, -0.42337500
-0.07294481, -0.50284400, -0.86129380
0.29697290, 0.63748570
-0.41933800, -0.09927800, -0.45393000
-0.03108801, -0.91596650, -0.40004870
0.29697260, 0.63047670
-0.22346600, -0.09709600, -0.70710200
-0.07540071, -0.85565510, 0.51202450
0.35403900, 0.57089840
-0.41935400, -0.09055600, -0.70685500
-0.03103474, -0.94211970, 0.33383740
0.29697090, 0.57440600
-0.42034500, -0.11891500, -0.73952400
-0.04138103, -0.54774050, 0.83562430
0.29696940, 0.56739710
-0.27943300, 0.27085500, 0.25146200
-0.86818410, 0.49339610, 0.05307192
0.30630910, 0.05542308
-0.26709700, 0.29037100, 0.27022700
-0.71601330, 0.69694600, 0.03989064
0.31301950, 0.05404717
-0.36872100, 0.06400500, 0.39202300
-0.94150870, 0.33664750, 0.01516426
0.34038770, 0.10277990
-0.27943300, 0.28046400, -0.01709900
-0.87955710, 0.47528940, -0.02188994
0.24437530, 0.05542308
-0.26709700, 0.30180600, -0.04937800
-0.73229380, 0.68092270, 0.00948280
0.23676490, 0.05065995
-0.36872100, 0.07990000, -0.05225900
-0.94356700, 0.33115950, 0.00382584
0.23792970, 0.10277990
-0.40294700, -0.06023900, -0.05747900
-0.99055990, 0.13675930, 0.00937566
0.23788240, 0.13549170
-0.41057700, -0.28856800, -0.06564700
-0.99915340, 0.04098638, 0.00356149
0.23788280, 0.18841420
-0.41128800, -0.31970500, 0.37751300
-0.99891910, 0.04645290, 0.00166198
0.34020750, 0.19195350
-0.41057700, -0.30443200, 0.37776100
-0.99915190, 0.04117356, -0.00051476
0.34013880, 0.18841420
-0.40294700, -0.07610300, 0.38592900
-0.99075170, 0.13568740, -0.00025887
0.34013860, 0.13549170
-0.41128800, -0.30382500, -0.06635600
-0.99891910, 0.04645278, 0.00166199
0.23784520, 0.19195350
-0.27943300, 0.27085500, 0.25146200
0.58469780, -0.81073240, -0.02900619
0.97427790, 0.53547720
-0.24263100, 0.30697200, -0.01615100
0.31602310, -0.94814490, -0.03392238
0.96390970, 0.47404130
-0.24263100, 0.29566400, 0.29989600
0.05174079, -0.94825100, 0.31327770
0.96390370, 0.54634090
-0.27943300, 0.28046400, -0.01709900
0.58469930, -0.81073140, -0.02900587
0.97427790, 0.47404300
-0.27943300, 0.28046400, -0.01709900
0.12887230, -0.21706150, 0.96761370
0.55862390, 0.21438180
-0.35032800, 0.08196600, -0.05218600
0.01273785, -0.17265960, 0.98489920
0.54400940, 0.26098120
-0.24263100, 0.30697200, -0.01615100
0.02540576, -0.16708560, 0.98561500
0.56687530, 0.20810890
-0.36872100, 0.07990000, -0.05225900
0.01622137, -0.17965270, 0.98359630
0.53982950, 0.26159570
-0.41057700, -0.28856800, -0.06564700
-0.01910986, 0.99899110, 0.04063938
0.97485170, 0.97077870
-0.31291700, -0.30702300, 0.43393600
0.02327153, 0.99908340, 0.03592774
0.95655850, 0.89088880
-0.36272100, -0.28748600, -0.06560800
0.00368369, 0.99924360, 0.03871289
0.96671390, 0.97213710
-0.41057700, -0.30443200, 0.37776100
0.00594637, 0.99934290, 0.03575427
0.97343470, 0.89592920
-0.41057700, -0.30443200, 0.37776100
0.49883990, 0.01432773, -0.86657570
0.97343470, 0.89592920
-0.30528600, -0.07869400, 0.44210400
0.31719180, -0.15083800, -0.93628910
0.95855620, 0.85386340
-0.31291700, -0.30702300, 0.43393600
0.34968670, 0.02181771, -0.93661260
0.95655850, 0.89088880
-0.40294700, -0.07610300, 0.38592900
0.44535170, -0.08444519, -0.89136460
0.97663380, 0.85506680
-0.30053000, 0.06420300, 0.39775900
0.16600010, -0.20370480, -0.96485660
0.95991600, 0.82969560
-0.36872100, 0.06400500, 0.39202300
0.08373887, 0.02287420, -0.99622520
0.97107190, 0.83086940
-0.36872100, 0.06400500, 0.39202300
0.00365406, 0.99694940, -0.07796439
0.97107190, 0.83086940
-0.29977900, 0.06956900, 0.46640100
-0.01662284, 0.99683560, -0.07773376
0.95939390, 0.81847440
-0.30053000, 0.06420300, 0.39775900
0.00191530, 0.99531030, -0.09671488
0.95991600, 0.82969560
0.00833000, 0.31162700, -0.01598400
-0.06293529, -0.99508440, -0.07645997
0.90648550, 0.47403380
-0.10327300, 0.30238400, 0.34714400
-0.19336130, -0.84967430, 0.49057610
0.93199930, 0.55707000
0.00022900, 0.07021200, -0.05260600
-0.00392280, -0.15288560, 0.98823610
0.62417200, 0.26098260
0.00833000, 0.31162700, -0.01598400
-0.00382106, -0.14985380, 0.98870080
0.62417170, 0.20514330
-0.01211800, -0.29924000, -0.06602800
0.03338427, 0.99880370, 0.03573010
0.90772510, 0.97433240
-0.01211800, -0.31918300, 0.49135900
0.03338403, 0.99880370, 0.03572973
0.90894540, 0.88521360
-0.00448800, -0.09085400, 0.49952700
-0.00841381, -0.21716070, -0.97609960
0.90920390, 0.85086500
-0.01211800, -0.31918300, 0.49135900
-0.00000016, 0.03574905, -0.99936080
0.90894540, 0.88521360
0.00022900, 0.05320500, 0.42275100
-0.01513841, -0.42110930, -0.90688350
0.90934690, 0.82546370
-0.11131400, 0.07789600, 0.51315700
0.04290817, 0.98054770, -0.19153340
0.92813580, 0.81043680
0.00022900, 0.05320500, 0.42275100
0.03239352, 0.97791610, -0.20647240
0.90934690, 0.82546370
0.00843200, 0.27011100, 0.35354700
-0.09655868, -0.89244210, 0.44070790
0.90648530, 0.55854270
0.00103600, 0.07392500, 0.51920900
0.03236281, 0.97713010, -0.21016510
0.90934560, 0.80933540
0.38585500, -0.34777100, 0.41734900
-0.03338667, -0.99931570, 0.01591624
0.53297960, 0.82591270
0.38585500, -0.32902700, -0.10655100
-0.03352233, -0.99758770, -0.06078758
0.53304370, 0.70841560
0.12090400, 0.28300900, 0.35107300
0.18741600, 0.44689020, 0.87473670
0.73513440, 0.52473410
0.00855400, 0.31954600, -0.05001400
0.77030960, 0.63404450, -0.06790182
0.69406250, 0.37774720
0.25899500, 0.29927200, -0.05074000
0.33624250, 0.93966690, 0.06298550
0.78605300, 0.37774800
0.25899500, 0.25195900, 0.30408300
0.48040240, 0.68607430, 0.54636580
0.78605300, 0.50773640
0.38585500, -0.34631200, 0.37656100
-1.00000000, 0.00000000, 0.00000000
0.53340210, 0.81631800
0.38585500, -0.33043100, -0.06730800
-1.00000000, 0.00000000, 0.00000000
0.53340210, 0.71791240
0.28241000, 0.28346500, -0.05003400
0.76815640, 0.63925920, 0.03582594
0.79638880, 0.37821340
0.28241000, 0.23741200, 0.26957100
0.78628770, 0.61117320, 0.09065886
0.79638880, 0.49530040
0.40050800, -0.12699600, 1.06109400
0.11067200, 0.00511386, 0.99384390
0.82319060, 0.91381700
0.37412400, -0.04508100, 1.06401500
0.10917510, -0.00028163, 0.99402250
0.81376330, 0.88700820
0.36874800, 0.09159100, -1.05897000
0.69493000, 0.28033770, -0.66218050
0.30457850, 0.37290570
0.38872000, -0.05024700, -1.07316300
0.02250582, 0.07568885, -0.99687750
0.29711580, 0.41656380
0.11338500, 0.07039600, 0.51288900
0.08521075, 0.95850590, 0.27203980
0.72900380, 0.66772260
0.30172700, 0.04100500, 0.55327900
0.19033000, 0.97541710, 0.11106790
0.79281720, 0.68204120
0.30076400, 0.04952400, 0.46568400
0.18315520, 0.97826410, 0.09722916
0.79243200, 0.65167120
0.36958500, 0.02166100, 0.58886600
0.69760850, 0.71223930, 0.07783090
0.81589910, 0.69457580
0.36874800, 0.03827300, 0.43129000
0.89376880, 0.44753610, 0.02981285
0.81549320, 0.63992640
0.36874800, 0.03827300, 0.43129000
0.89376880, 0.44753610, 0.02981285
0.65315630, 0.09965378
0.40057400, -0.10993800, 0.58415800
0.98823020, 0.14903390, -0.03449525
0.61437810, 0.13553460
0.39400000, -0.10406600, 0.42619700
0.99634550, 0.08065422, -0.02811589
0.65080620, 0.13553460
0.36958500, 0.02166100, 0.58886600
0.69760850, 0.71223930, 0.07783090
0.61437810, 0.10530720
0.40636300, -0.33830200, 0.57598900
-0.03304097, -0.99741520, 0.06380536
0.53922280, 0.86041120
0.19569100, -0.33128400, 0.57660800
-0.03317674, -0.99742110, 0.06364384
0.47784710, 0.86049270
0.29992200, -0.01744000, 0.99885500
0.07977734, 0.96691020, 0.24232260
0.79268690, 0.83671440
0.30172700, 0.04100500, 0.55327900
0.08415034, 0.98794630, 0.12992650
0.79281720, 0.68204120
0.37361400, -0.03256600, 0.99882000
0.66953470, 0.73463990, 0.10966990
0.81770240, 0.83688930
0.29992200, -0.01744000, 0.99885500
0.19900800, 0.96918900, 0.14514950
0.79268690, 0.83671440
0.40054400, -0.12465700, 0.99552500
0.97445040, 0.22029820, 0.04376151
0.51951510, 0.13553510
0.37361400, -0.03256600, 0.99882000
0.66953470, 0.73463990, 0.10966990
0.51951510, 0.11442300
0.19298100, -0.35337000, 0.67688900
-0.03323244, -0.99103050, -0.12943790
0.47784700, 0.88709080
-0.22278500, -0.34782300, 0.88071200
-0.03326416, -0.99831300, 0.04758785
0.35673060, 0.92845410
-0.22277900, -0.33949300, 0.67738500
-0.03323610, -0.99117840, -0.12829930
0.35672210, 0.88709080
0.19291600, -0.36169800, 0.88021500
-0.03326100, -0.99826000, 0.04868911
0.47783860, 0.92845410
0.37412400, -0.04508100, 1.06401500
0.08611615, 0.95795040, 0.27370600
0.81802950, 0.85974360
0.37412400, -0.04508100, 1.06401500
0.80246980, 0.58712620, 0.10641870
0.81802950, 0.85974360
0.40050800, -0.12699600, 1.06109400
0.95678190, 0.28964220, 0.02599449
0.50439480, 0.13553380
0.37412400, -0.04508100, 1.06401500
0.80246980, 0.58712620, 0.10641870
0.50439660, 0.11677320
0.40629800, -0.35407100, 0.98731900
0.00000000, 0.61348330, 0.78970770
0.53921430, 0.95161130
0.40629800, -0.35407100, 0.98731900
-0.00703276, 0.75996700, -0.64992370
0.53921430, 0.95161130
0.19562700, -0.34702200, 0.98706500
-0.03153077, -0.93364960, 0.35679720
0.47783860, 0.95149920
0.39425500, -0.31357400, 1.04005100
1.00000000, 0.00000000, 0.00000000
0.53529800, 0.96296620
0.40636300, -0.33830200, 0.57598900
0.99328190, -0.00265993, -0.11568900
0.61437770, 0.18835950
0.38585500, -0.34777100, 0.41734900
0.99752780, -0.02948392, -0.06378800
0.65080590, 0.19201970
0.38788800, -0.23317200, -1.08373100
-0.01149898, -0.63232080, -0.77462130
0.29549750, 0.47309960
0.41333900, -0.17444100, 0.90578900
0.98278850, 0.18035220, 0.03999770
0.53977190, 0.14768950
0.41333400, -0.16571900, 0.65286400
0.98261710, 0.18243220, -0.03438148
0.59809480, 0.14776530
0.41235400, -0.19407800, 0.62019500
0.97926660, 0.05341133, -0.19540730
0.60538520, 0.15460030
0.41234800, -0.20518100, 0.93634400
0.98878330, 0.03898174, 0.14418030
0.53248160, 0.15455210
0.40629800, -0.35407100, 0.98731900
0.98506220, 0.01858337, 0.17119290
0.51951490, 0.18860340
0.19569100, -0.33128400, 0.57660800
0.67494000, -0.33643500, 0.65670960
0.47784710, 0.86049270
0.21744600, -0.15918300, 0.65308400
0.55995620, -0.72746680, 0.39653650
0.48248030, 0.87255810
0.19628000, -0.32052100, 0.78061900
0.99367050, -0.11225720, -0.00416013
0.47784280, 0.90557900
0.21745100, -0.16790500, 0.90600900
0.55582910, -0.70672660, -0.43771180
0.48247780, 0.93563770
0.19562700, -0.34702200, 0.98706500
0.62379610, -0.38203840, -0.68185410
0.47783860, 0.95149920
0.40629800, -0.35407100, 0.98731900
0.03587731, -0.36920220, -0.92865630
0.53921430, 0.95161130
0.41234800, -0.20518100, 0.93634400
0.03804420, -0.50350360, -0.86315510
0.53954650, 0.93914520
0.41333900, -0.17444100, 0.90578900
-0.03101245, -0.91596920, -0.40004840
0.53954680, 0.93213630
0.41333400, -0.16571900, 0.65286400
-0.03105923, -0.94211910, 0.33383690
0.53954850, 0.87606540
0.41235400, -0.19407800, 0.62019500
0.00812577, -0.54283500, 0.83980010
0.53955020, 0.86905660
0.40636300, -0.33830200, 0.57598900
-0.00694392, -0.29278120, 0.95615430
0.53922280, 0.86041120
0.18888000, -0.29978400, -0.37177500
-0.03333922, -0.99582000, -0.08503527
0.47588840, 0.65025540
0.39955100, -0.30681600, -0.37202600
-0.03333911, -0.99582000, -0.08503535
0.53726420, 0.65025540
0.39400000, -0.08531800, -0.09783400
0.99694320, 0.07716421, 0.01224779
0.77164990, 0.13553460
0.39955100, -0.30681600, -0.37202600
0.99873550, 0.00023025, 0.05027287
0.83297370, 0.18897450
0.39400000, -0.07580400, -0.36374700
0.99244490, 0.11975070, 0.02669870
0.83297030, 0.13553460
0.38585500, -0.32902700, -0.10655100
0.99914350, -0.03272642, 0.02532263
0.77164950, 0.19201970
0.36874800, 0.06653600, -0.35865400
0.96385000, 0.26628400, 0.00927712
0.83297030, 0.10277620
0.36874800, 0.05693200, -0.09023200
0.96412520, 0.26533140, 0.00786499
0.77107130, 0.10277610
-0.21606400, -0.34548300, -0.47245000
-0.03207336, -0.96961000, 0.24254410
0.35868080, 0.62845340
0.18629900, -0.35047500, -0.69183200
-0.03189630, -0.94768280, -0.31761600
0.47589690, 0.57991840
0.18625000, -0.35891200, -0.47293100
-0.03206550, -0.96940400, 0.24336740
0.47588840, 0.62845340
-0.21607300, -0.33704500, -0.69135200
-0.03201848, -0.94795180, -0.31680000
0.35867230, 0.57991840
0.18625000, -0.35879400, -0.47597500
0.99926010, 0.03842415, 0.00170671
0.47588850, 0.62777840
0.36874800, 0.08139800, -0.77407900
0.96413750, 0.26522230, 0.00979818
0.92876890, 0.10277620
0.39400000, -0.06094100, -0.77917100
0.99202250, 0.12329790, -0.02624853
0.92876890, 0.13553460
0.18892900, -0.28431800, -0.78716300
-0.01085734, -0.97773800, 0.20954830
0.47589690, 0.55815920
0.38788800, -0.23317200, -1.08373100
-0.01149898, -0.63232080, -0.77462130
0.53295650, 0.49312160
0.39960000, -0.29135000, -0.78741400
-0.02786377, -0.85343830, 0.52044840
0.53727260, 0.55815920
0.39960000, -0.29135000, -0.78741400
0.99812280, 0.01798069, -0.05854595
0.92876880, 0.18883420
0.38872000, -0.05024700, -1.07316300
0.99707110, 0.07330475, -0.02180712
0.99656620, 0.13553480
0.38788800, -0.23317200, -1.08373100
0.99919970, -0.00224244, -0.03993661
0.99749270, 0.17792430
0.36874800, 0.09159100, -1.05897000
0.69493000, 0.28033770, -0.66218050
0.99446590, 0.10277620
0.40660200, -0.12684500, -0.45491600
0.98407050, 0.17348530, 0.03883430
0.85354680, 0.14799320
0.40659600, -0.11812400, -0.70784100
0.98388970, 0.17572810, -0.03287350
0.91186970, 0.14806890
0.40561600, -0.14648300, -0.74051000
0.98197750, 0.05111226, -0.18195540
0.91916010, 0.15490380
0.40561100, -0.15758500, -0.42436100
0.98957500, 0.03741618, 0.13907340
0.84625660, 0.15485560
0.18892900, -0.28431800, -0.78716300
0.99531450, -0.09662995, -0.00340053
0.47589690, 0.55815920
0.21070800, -0.11158800, -0.70762100
0.99256350, -0.12170570, -0.00231228
0.48053020, 0.57089840
0.18891300, -0.29174500, -0.58075900
0.99670890, -0.08103836, -0.00202975
0.47589270, 0.60391940
0.20982500, -0.11896000, -0.45456300
0.99294990, -0.11851290, -0.00227532
0.48052760, 0.63397810
0.18888000, -0.29978400, -0.37177500
0.99578910, -0.09161178, -0.00336392
0.47588840, 0.65025540
0.39955100, -0.30681600, -0.37202600
0.03204576, -0.37473760, -0.92657690
0.53726420, 0.65025540
0.20982500, -0.11896000, -0.45456300
-0.01286352, -0.82916880, -0.55885020
0.48052760, 0.63397810
0.40561100, -0.15758500, -0.42436100
0.03298241, -0.50651550, -0.86159980
0.53759630, 0.63748570
0.18888000, -0.29978400, -0.37177500
-0.01493145, -0.41480580, -0.90978750
0.47588840, 0.65025540
0.40660200, -0.12684500, -0.45491600
-0.03591638, -0.91620430, -0.39909860
0.53759660, 0.63047670
0.21070800, -0.11158800, -0.70762100
0.01769860, -0.85866170, 0.51223720
0.48053020, 0.57089840
0.40659600, -0.11812400, -0.70784100
-0.03105937, -0.94211890, 0.33383740
0.53759840, 0.57440600
0.40561600, -0.14648300, -0.74051000
0.00678811, -0.54976820, 0.83528970
0.53759990, 0.56739710
0.29337200, 0.21711900, 0.25077800
0.90184210, 0.42762430, 0.06179199
0.69413880, 0.05549514
0.36900300, 0.03938100, 0.39114200
0.95078120, 0.30955410, 0.01383762
0.66006190, 0.10285000
0.28241000, 0.23741200, 0.26957100
0.78628770, 0.61117320, 0.09065886
0.68997790, 0.05073249
0.29337200, 0.26134500, -0.01778300
0.89076880, 0.45433600, 0.01047435
0.75607010, 0.05549538
0.28241000, 0.28346500, -0.05003400
0.76815640, 0.63925920, 0.03582594
0.76367990, 0.05073249
0.36900300, 0.05527700, -0.05314000
0.96355530, 0.26750480, 0.00154811
0.76251510, 0.10285000
0.39379600, -0.08683200, -0.05843100
0.99749400, 0.07040345, 0.00700304
0.76256250, 0.13556030
0.38616500, -0.31516100, -0.06659800
0.99966820, -0.02572910, 0.00117454
0.76256200, 0.18848060
0.38585500, -0.34631200, 0.37656100
0.99979450, -0.02025921, -0.00072482
0.66024150, 0.19201970
0.38616500, -0.33102500, 0.37681000
0.99966940, -0.02554451, -0.00290905
0.66031060, 0.18848060
0.39379600, -0.10269600, 0.38497700
0.99759080, 0.06932301, -0.00263540
0.66031090, 0.13556030
0.38585500, -0.33043100, -0.06730800
0.99979450, -0.02025918, -0.00072485
0.76259960, 0.19201970
0.29337200, 0.21711900, 0.25077800
-0.69200250, -0.71424240, -0.10483490
0.83869440, 0.53547140
0.25842100, 0.29024800, -0.01674900
-0.37358440, -0.91698250, -0.13992070
0.84906240, 0.47403620
0.29337200, 0.26134500, -0.01778300
-0.63444070, -0.76269880, -0.12560080
0.83869440, 0.47403740
0.25842100, 0.24432200, 0.29929700
-0.21658290, -0.94135860, 0.25871960
0.84906830, 0.54633550
0.29337200, 0.26134500, -0.01778300
-0.14075010, -0.20806230, 0.96793570
0.68972030, 0.21438170
0.35078900, 0.05856400, -0.05302300
-0.01536541, -0.13113080, 0.99124600
0.70433590, 0.26098060
0.36900300, 0.05527700, -0.05314000
-0.00928046, -0.08714283, 0.99615260
0.70851590, 0.26159480
0.25842100, 0.29024800, -0.01674900
-0.03413903, -0.16509820, 0.98568610
0.68146870, 0.20810870
0.34611900, -0.08256100, -0.05827800
-0.00007348, -0.03651098, 0.99933330
0.70433780, 0.29327860
0.39379600, -0.08683200, -0.05843100
-0.00005850, -0.03640561, 0.99933710
0.71526130, 0.29389080
0.33848800, -0.31089000, -0.06644500
0.00000043, -0.03574785, 0.99936090
0.70434920, 0.34552970
0.38616500, -0.31516100, -0.06659800
0.00000042, -0.03574784, 0.99936090
0.71527240, 0.34613870
0.38616500, -0.31516100, -0.06659800
0.08577753, 0.99549030, 0.04051417
0.84074030, 0.96936920
0.28868300, -0.32710200, 0.43321800
0.04347705, 0.99840940, 0.03589522
0.86120020, 0.88999080
0.38616500, -0.33102500, 0.37681000
0.06078847, 0.99751250, 0.03568874
0.84419550, 0.89472780
0.33848800, -0.31089000, -0.06644500
0.06304264, 0.99726230, 0.03864646
0.84882720, 0.97082130
0.38616500, -0.33102500, 0.37681000
-0.49884030, 0.04762752, -0.86538430
0.84419550, 0.89472780
0.29631400, -0.09877400, 0.44138500
-0.32877650, -0.12927730, -0.93551770
0.85979850, 0.85315820
0.39379600, -0.10269600, 0.38497700
-0.45211680, -0.05449023, -0.89029280
0.84168990, 0.85408590
0.28868300, -0.32710200, 0.43321800
-0.34968720, 0.04516089, -0.93577740
0.86120020, 0.88999080
0.30099100, 0.04412600, 0.39704100
-0.18151530, -0.19210590, -0.96444160
0.85876000, 0.82919470
0.36900300, 0.03938100, 0.39114200
-0.08440442, 0.02848584, -0.99602430
0.84760000, 0.83022890
0.30099100, 0.04412600, 0.39704100
0.06422571, 0.99323050, -0.09678944
0.85876000, 0.82919470
0.30076400, 0.04952400, 0.46568400
0.08286958, 0.99351480, -0.07785269
0.85928690, 0.81808910
0.36900300, 0.03938100, 0.39114200
0.06264477, 0.99498050, -0.07803496
0.84760000, 0.83022890
0.11993500, 0.27650100, 0.34687800
0.02228320, -0.86870180, 0.49483400
0.88097130, 0.55706670
0.33096300, 0.04165100, 0.00314400
0.48874860, 0.45551010, 0.74406680
0.47573780, 0.22987540
-0.33835100, -0.13871700, -0.00351500
-0.74988900, 0.36973620, 0.54859970
0.33938830, 0.27113710
0.32424000, -0.16083200, -0.00430600
0.82810940, 0.28524420, 0.48256670
0.47245780, 0.27066110
-0.33154000, 0.06376400, 0.00393500
-0.45549890, 0.48703320, 0.74519760
0.33601170, 0.22998070
0.32373600, -0.18407700, 0.22403100
0.55571370, 0.55151650, 0.62210290
0.47212780, 0.31826620
-0.36272100, -0.29770700, 0.21996700
-0.72681290, 0.09960851, 0.67957430
0.33534970, 0.34762320
0.33848800, -0.32111200, 0.21913000
0.73516880, 0.05497199, 0.67565160
0.47791310, 0.34581480
-0.33885400, -0.16196200, 0.22482200
-0.51396650, 0.58790080, 0.62466880
0.34052610, 0.31891720
0.11338500, 0.07039600, 0.51288900
0.02211352, 0.98124180, -0.19150880
0.89055240, 0.81028000
-0.24268200, 0.30332100, 0.30468200
-0.39893720, 0.56466110, 0.72250050
0.96413840, 0.54839650
-0.10379600, 0.30894100, 0.35134100
-0.11231080, 0.48816200, 0.86549650
0.93224340, 0.55883190
0.00866300, 0.27687700, 0.35750900
0.03342035, 0.35996490, 0.93236710
0.90648510, 0.56033640
0.12090400, 0.28300900, 0.35107300
0.18741600, 0.44689020, 0.87473670
0.88072740, 0.55882820
0.25899500, 0.25195900, 0.30408300
0.48040240, 0.68607430, 0.54636580
0.84883350, 0.54839060
-0.35032800, 0.08196600, -0.05218600
-0.63696570, 0.64487840, 0.42238200
0.32023220, 0.23249700
-0.35509000, -0.05915700, -0.05744000
-0.94705410, 0.03581724, 0.31906990
0.33733570, 0.25642310
-0.36272100, -0.28951900, -0.00890900
-0.99354520, 0.10482500, 0.04335550
0.30626510, 0.28129720
-0.36272100, -0.28748600, -0.06560800
-0.99944280, 0.03335842, 0.00119367
0.30111290, 0.27352880
-0.36272100, -0.28748600, -0.06560800
-0.03353005, -0.99879560, -0.03582073
0.54399560, 0.34553030
-0.01211900, -0.30127400, -0.00932900
-0.03338000, -0.99880470, -0.03570471
0.62417200, 0.33256360
-0.36272100, -0.28951900, -0.00890900
-0.03353005, -0.99879710, -0.03577712
0.54399480, 0.33256390
-0.01211800, -0.29924000, -0.06602800
-0.03337999, -0.99880060, -0.03582094
0.62417200, 0.34553070
0.33848800, -0.31292300, -0.00974600
-0.03322992, -0.99880710, -0.03577763
0.70434930, 0.33256360
0.33848800, -0.31089000, -0.06644500
-0.03322989, -0.99880560, -0.03582143
0.70434920, 0.34552970
0.33848800, -0.31089000, -0.06644500
0.99494140, 0.06161508, 0.07934204
0.51101650, 0.27217900
0.33848800, -0.31292300, -0.00974600
0.99541750, 0.09542693, 0.00614572
0.50599660, 0.28001070
0.34611900, -0.08256100, -0.05827800
0.94612550, -0.04320353, 0.32090490
0.47453000, 0.25578140
0.35078900, 0.05856400, -0.05302300
0.67955740, 0.60092200, 0.42082600
0.49156170, 0.23178430
0.35078900, 0.05856400, -0.05302300
0.67955740, 0.60092200, 0.42082600
0.47804740, 0.21772660
0.00022900, 0.07021200, -0.05260600
0.03219988, 0.95406870, 0.29785230
0.40587200, 0.21780510
-0.35032800, 0.08196600, -0.05218600
-0.63696570, 0.64487840, 0.42238200
0.33369630, 0.21788380
-0.36272100, -0.29770700, 0.21996700
-0.72681290, 0.09960851, 0.67957430
0.31487370, 0.32465110
-0.36272100, -0.29770700, 0.21996700
-0.03347480, -0.99880360, -0.03564896
0.54400390, 0.27996840
0.33848800, -0.32111200, 0.21913000
-0.03328519, -0.99880990, -0.03564918
0.70434950, 0.28021920
0.33848800, -0.32111200, 0.21913000
0.73516880, 0.05497199, 0.67565160
0.49802570, 0.32346510
-0.22006900, -0.31740700, 0.57710500
-0.03283000, -0.97588040, -0.21582310
0.35672210, 0.86049270
0.19569100, -0.33128400, 0.57660800
-0.03282989, -0.97588030, -0.21582360
0.47784710, 0.86049270
0.19298100, -0.35337000, 0.67688900
0.99429660, -0.10662860, 0.00214610
0.47784700, 0.88709080
0.19291600, -0.36169800, 0.88021500
0.99445730, -0.10469280, -0.00970198
0.47783860, 0.92845410
0.19562700, -0.34702200, 0.98706500
-0.03288173, -0.99005020, 0.13681900
0.47783860, 0.95149920
-0.22007500, -0.33314700, 0.98756100
-0.03288182, -0.99005010, 0.13681930
0.35673060, 0.95149920
-0.22277900, -0.33949300, 0.67738500
-0.99594220, 0.08973444, 0.00684767
0.35672210, 0.88709080
-0.22278500, -0.34782300, 0.88071200
-0.98999260, 0.14100250, 0.00574677
0.35673060, 0.92845410
-0.21945100, -0.30664500, 0.78111600
-0.99399060, 0.10943060, -0.00276508
0.35672630, 0.90557900
-0.22277900, -0.33949300, 0.67738500
-0.99399060, 0.10943060, -0.00276508
0.35672210, 0.88709080
-0.21607300, -0.33704500, -0.69135200
-0.99911820, 0.04195495, 0.00159005
0.35867230, 0.57991840
-0.21344300, -0.27088800, -0.78668200
-0.02807946, -0.82086310, -0.57043430
0.35867230, 0.55815920
0.18892900, -0.28431800, -0.78716300
-0.02807936, -0.82086290, -0.57043460
0.47589690, 0.55815920
0.18625000, -0.35879400, -0.47597500
0.99911870, -0.04195011, -0.00143211
0.47588850, 0.62777840
0.18625000, -0.35891200, -0.47293100
0.99911450, -0.04205146, -0.00139581
0.47588840, 0.62845340
0.18888000, -0.29978400, -0.37177500
-0.02819064, -0.86267150, 0.50497840
0.47588840, 0.65025540
-0.21343400, -0.28635600, -0.37129400
-0.02819061, -0.86267160, 0.50497830
0.35868080, 0.65025540
-0.00659500, -0.34170400, 1.17960000
0.06809648, 0.10605580, 0.99202570
0.12751400, 0.04165924
-0.41671500, -0.25838300, 1.16764300
-0.45174220, 0.14090290, 0.88095140
0.02115563, 0.01723802
-0.41533200, -0.35018200, 1.18374100
-0.44648050, 0.17205640, 0.87809560
0.02115563, 0.04165924
-0.00748800, -0.24772500, 1.17068200
0.06820699, 0.09488476, 0.99314890
0.12751400, 0.01723802
-0.00748800, -0.24772500, 1.17068200
0.00397118, 0.99494500, 0.10034250
0.12751400, 0.01723802
-0.41463100, -0.25599300, 1.13303600
-0.28311340, 0.95836070, -0.03730253
0.02231977, 0.01400614
-0.41671500, -0.25838300, 1.16764300
-0.17105520, 0.98357440, 0.05763289
0.02115563, 0.01723802
-0.00966600, -0.24447800, 1.13924600
0.00411659, 0.99473050, 0.10244160
0.12751400, 0.01400614
-0.00966600, -0.24447800, 1.13924600
-0.06743974, -0.15994540, -0.98481950
0.12751400, 0.01400614
-0.41258800, -0.35780800, 1.15828700
0.43476810, -0.19868530, -0.87835120
0.02231977, 0.04165924
-0.41463100, -0.25599300, 1.13303600
0.47333110, -0.21961730, -0.85306850
0.02231977, 0.01400614
-0.00830600, -0.34934400, 1.15445400
-0.06765473, -0.14405400, -0.98725440
0.12751400, 0.04165924
-0.00830600, -0.34934400, 1.15445400
0.02277827, -0.95700260, 0.28918350
0.12751400, 0.04165924
-0.41533200, -0.35018200, 1.18374100
0.02277847, -0.95700340, 0.28918120
0.02115563, 0.04165924
-0.41258800, -0.35780800, 1.15828700
0.03317049, -0.98029760, 0.19472110
0.02231977, 0.04165924
-0.00659500, -0.34170400, 1.17960000
0.02277828, -0.95700260, 0.28918350
0.12751400, 0.04165924
-0.44240000, -0.27019700, 1.13057100
-0.98962860, -0.00371902, 0.14360150
0.01535431, 0.01723802
-0.44041000, -0.35928500, 1.15559100
-0.97420840, 0.02358905, 0.22441380
0.01513288, 0.04165924
-0.44240000, -0.27019700, 1.13057100
-0.42849030, 0.87608390, -0.22107280
0.01535431, 0.01723802
-0.44041000, -0.35928500, 1.15559100
0.05138071, -0.99853740, 0.01682838
0.01513288, 0.04165924
-0.42950900, -0.35478900, 1.13079300
-0.06033273, -0.31299310, -0.94783720
0.02227810, 0.03869689
-0.43176300, -0.27768200, 1.10142800
0.17838520, -0.31394690, -0.93253210
0.01841537, 0.01696837
-0.42950900, -0.35478900, 1.13079300
0.06685947, -0.98650350, -0.14946810
0.02227810, 0.03869689
-0.43176300, -0.27768200, 1.10142800
-0.39883190, 0.84256010, -0.36197470
0.01841537, 0.01696837
0.39750200, -0.25597100, 1.11149400
0.56755140, 0.14392210, 0.81066130
0.23387200, 0.01723802
0.39888500, -0.34776900, 1.12759100
0.56176400, 0.17504290, 0.80856730
0.23387200, 0.04165924
0.39067500, -0.25360700, 1.07750200
0.26965470, 0.95999900, -0.07542018
0.23270810, 0.01400614
0.39750200, -0.25597100, 1.11149400
0.17154180, 0.98458960, 0.03400912
0.23387200, 0.01723802
0.39271800, -0.35542100, 1.10275300
-0.55004170, -0.20160420, -0.81043800
0.23270810, 0.04165924
0.39067500, -0.25360700, 1.07750200
-0.58464460, -0.22275250, -0.78011020
0.23270810, 0.01400614
0.39888500, -0.34776900, 1.12759100
0.02277938, -0.95700260, 0.28918350
0.23387200, 0.04165924
0.39271800, -0.35542100, 1.10275300
-0.00034226, -0.98039670, 0.19703310
0.23270810, 0.04165924
0.41792500, -0.26764700, 1.07124200
0.99997720, 0.00217666, 0.00639975
0.23989480, 0.01723802
0.41991400, -0.35673500, 1.09626200
0.99563480, 0.02942552, 0.08857507
0.23967330, 0.04165924
0.41792500, -0.26764700, 1.07124200
0.38891180, 0.87850680, -0.27744090
0.23989480, 0.01723802
0.41991400, -0.35673500, 1.09626200
-0.04268994, -0.99881630, 0.02331368
0.23967330, 0.04165924
0.40568600, -0.35231400, 1.07319800
-0.06850610, -0.31302080, -0.94727240
0.23661240, 0.03869689
0.40343300, -0.27520700, 1.04383200
-0.30284350, -0.31537310, -0.89934730
0.23274980, 0.01696837
0.40568600, -0.35231400, 1.07319800
-0.08092041, -0.98694110, -0.13928080
0.23661240, 0.03869689
0.40343300, -0.27520700, 1.04383200
0.34039100, 0.84475100, -0.41295240
0.23274980, 0.01696837
0.02727200, -0.29888400, -1.14763700
0.08942364, -0.04219462, -0.99509950
0.87449460, 0.04006022
-0.38978600, -0.25922600, -1.18183000
-0.41678900, -0.05749368, -0.90718320
0.76813140, 0.01391214
0.01290400, -0.19875300, -1.15444700
0.09120223, -0.05454421, -0.99433750
0.87449460, 0.01391214
-0.37482600, -0.35873800, -1.18321500
-0.35624310, -0.01651848, -0.93424730
0.76813150, 0.04006022
0.01290400, -0.19875300, -1.15444700
-0.10526050, 0.91874800, -0.38055520
0.87449460, 0.01391214
-0.38989300, -0.24679600, -1.14851000
-0.40597120, 0.89491780, -0.18522810
0.76929560, 0.01016861
0.00861000, -0.18675500, -1.12447700
-0.10497760, 0.91795890, -0.38253260
0.87449460, 0.01016861
-0.38978600, -0.25922600, -1.18183000
-0.29296160, 0.89551370, -0.33500560
0.76813140, 0.01391214
0.00861000, -0.18675500, -1.12447700
-0.08182973, -0.00955181, 0.99660060
0.87449460, 0.01016861
-0.37226200, -0.36000300, -1.15740700
0.41217460, 0.00425395, 0.91109490
0.76929560, 0.04006022
0.02543300, -0.30080600, -1.12219600
-0.08435471, 0.00748319, 0.99640770
0.87449460, 0.04006022
-0.38989300, -0.24679600, -1.14851000
0.39531650, -0.01731429, 0.91838180
0.76929560, 0.01016861
0.02543300, -0.30080600, -1.12219600
0.15242690, -0.98627480, -0.06346623
0.87449460, 0.04006022
-0.37482600, -0.35873800, -1.18321500
0.04537431, -0.99754270, -0.05338259
0.76813150, 0.04006022
0.02727200, -0.29888400, -1.14763700
0.15242690, -0.98627480, -0.06346634
0.87449460, 0.04006022
-0.37226200, -0.36000300, -1.15740700
-0.00995019, -0.99995040, 0.00037283
0.76929560, 0.04006022
-0.41547500, -0.26566500, -1.14346100
-0.97001420, -0.15645650, -0.18599400
0.76210830, 0.01391214
-0.40103600, -0.35627000, -1.15450700
-0.95046500, -0.11857370, -0.28732680
0.76233000, 0.03791350
-0.41547500, -0.26566500, -1.14346100
-0.56067610, 0.80827190, 0.17983000
0.76210830, 0.01391214
-0.40103600, -0.35627000, -1.15450700
-0.11737210, -0.98738170, 0.10630720
0.76233000, 0.03791350
-0.39144400, -0.35178800, -1.12438800
0.05089198, -0.10286800, 0.99339220
0.76539130, 0.03664654
-0.40388300, -0.27432000, -1.11381100
0.11914760, -0.11001370, 0.98676280
0.76925400, 0.01359957
-0.39144400, -0.35178800, -1.12438800
-0.10866760, -0.97762740, 0.18009990
0.76539130, 0.03664654
-0.40388300, -0.27432000, -1.11381100
-0.48577400, 0.76953380, 0.41453760
0.76925400, 0.01359957
0.41469500, -0.13922000, -1.11462500
0.55704630, 0.08777712, -0.82582960
0.98085740, 0.01391214
0.42965500, -0.23873200, -1.11601000
0.49245160, 0.11008650, -0.86334950
0.98085740, 0.04006022
0.40578400, -0.12810300, -1.08204000
0.15356660, 0.97838640, -0.13848240
0.97969350, 0.01016861
0.41469500, -0.13922000, -1.11462500
0.07111642, 0.94982500, -0.30458960
0.98085740, 0.01391214
0.42341400, -0.24131000, -1.09093800
-0.60326620, -0.14406710, 0.78441980
0.97969350, 0.04006022
0.40578400, -0.12810300, -1.08204000
-0.52497450, -0.13770110, 0.83990480
0.97969350, 0.01016861
0.42965500, -0.23873200, -1.11601000
0.25502850, -0.96626810, -0.03586798
0.98085740, 0.04006022
0.42341400, -0.24131000, -1.09093800
0.31020060, -0.95066870, -0.00214255
0.97969350, 0.04006022
0.43456200, -0.13886300, -1.07244900
0.99046090, 0.13599220, -0.02221232
0.98665870, 0.01391214
0.44900100, -0.22946800, -1.08349600
0.97755850, 0.17578810, -0.11609470
0.98688050, 0.03791350
0.43456200, -0.13886300, -1.07244900
0.26533790, 0.93149200, 0.24883420
0.98665870, 0.01391214
0.44900100, -0.22946800, -1.08349600
0.40571720, -0.91224090, 0.05665728
0.98688050, 0.03791350
0.43242700, -0.23355600, -1.04783200
-0.24305330, -0.10393760, 0.96442840
0.98323110, 0.03771633
0.42132500, -0.15122100, -1.04487400
-0.21525630, -0.08065227, 0.97322140
0.98359760, 0.01610249
0.43242700, -0.23355600, -1.04783200
0.39917720, -0.91330350, 0.08083514
0.98323110, 0.03771633
0.42132500, -0.15122100, -1.04487400
0.16781800, 0.86703220, 0.46914000
0.98359760, 0.01610249
-0.11131400, 0.07789600, 0.51315700
-0.12054300, 0.57185620, 0.81144920
0.65602080, 0.62981120
0.00145600, 0.08682300, 0.51030700
0.01991571, 0.56788170, 0.82286920
0.69206590, 0.62609280
-0.11096300, 0.08869700, 0.50559200
-0.12764920, 0.57623160, 0.80725630
0.65597800, 0.62554100
0.00103600, 0.07392500, 0.51920900
0.01992334, 0.56746550, 0.82315610
0.69206990, 0.63116490
-0.29977900, 0.06956900, 0.46640100
-0.19052620, 0.88756030, 0.41944780
0.59382600, 0.62603810
-0.34043500, 0.08285800, 0.44030700
-0.50266090, 0.46907830, 0.72615260
0.58005830, 0.61856040
-0.36844400, 0.06287900, 0.43217000
-0.83539800, 0.51569550, 0.19018000
0.56972740, 0.62288260
0.00815000, 0.26112700, 0.36837900
0.06442919, 0.56572960, 0.82206990
0.69200020, 0.54522670
0.12090400, 0.28300900, 0.35107300
0.19021750, 0.56872270, 0.80023240
0.72846570, 0.53902910
0.00866300, 0.27687700, 0.35750900
0.06826708, 0.56547450, 0.82193570
0.69199520, 0.53903330
0.12042600, 0.26833600, 0.36134900
0.17404280, 0.56110320, 0.80924180
0.72847100, 0.54482580
0.27841200, 0.23541000, 0.31396000
0.73428030, 0.64468870, 0.21262400
0.78081200, 0.53932920
0.25899500, 0.25195900, 0.30408300
0.48040240, 0.68607430, 0.54636580
0.77523710, 0.53301470
0.28241000, 0.23741200, 0.26957100
0.78628770, 0.61117320, 0.09065886
0.78872250, 0.52913090
0.12667000, 0.08931700, 0.32812300
-0.47261770, 0.81689890, 0.33061880
0.83647770, 0.39293810
0.22154900, 0.06694000, 0.33268600
-0.11831770, -0.53203580, 0.83841450
0.86852200, 0.39770220
0.23139800, 0.08582200, 0.32799800
0.52682490, 0.78353980, 0.32942500
0.87161330, 0.39293810
0.13524900, 0.06982100, 0.33279000
0.08457823, -0.53880890, 0.83817150
0.83956890, 0.39770220
0.22182000, 0.07580800, 0.31116200
-0.09558193, 0.21390410, -0.97216720
0.86852200, 0.39746460
0.13551900, 0.07868900, 0.31126500
0.10731320, 0.20713150, -0.97240960
0.83956890, 0.39746460
0.26235900, -0.00359700, 0.30413800
-0.21426390, -0.36619760, 0.90553320
0.88299850, 0.41945630
0.28092200, 0.00022200, 0.29335400
0.99944270, -0.03335940, -0.00119347
0.88918140, 0.41933750
0.26262900, 0.00527100, 0.28261300
-0.19152940, 0.37974180, -0.90504840
0.88299850, 0.41921820
0.21686900, -0.07125500, 0.27569300
-0.10731360, -0.20713030, 0.97240980
0.86852200, 0.44121010
0.22571800, -0.08188300, 0.25883400
0.47261750, -0.81689910, -0.33061840
0.87161330, 0.44573660
0.21713900, -0.06238700, 0.25416800
-0.08457819, 0.53880830, -0.83817190
0.86852200, 0.44097230
0.13056900, -0.06837400, 0.27579600
0.09558295, -0.21390300, 0.97216740
0.83956890, 0.44121010
0.12099000, -0.07838800, 0.25896000
-0.52682470, -0.78354020, -0.32942440
0.83647770, 0.44573660
0.13083900, -0.05950600, 0.25427100
0.11831780, 0.53203550, -0.83841460
0.83956890, 0.44097230
0.08975900, 0.00216400, 0.30434400
0.19152890, -0.37974130, 0.90504870
0.82509240, 0.41945630
0.07146600, 0.00721300, 0.29360400
-0.99944280, 0.03335815, 0.00119403
0.81890980, 0.41933750
0.09002900, 0.01103200, 0.28282000
0.21426360, 0.36619790, -0.90553310
0.82509240, 0.41921820
0.16124500, -0.07952600, 0.49937400
-0.01145246, -0.37625710, 0.92644450
0.84288570, 0.42310780
0.18585500, -0.08034800, 0.49934400
-0.01145246, -0.37625710, 0.92644450
0.86803410, 0.42310780
0.17393600, -0.06853700, 0.50399400
-0.01145248, -0.37625800, 0.92644420
0.85545990, 0.41219690
0.17316400, -0.09133600, 0.49472500
-0.01145244, -0.37625630, 0.92644480
0.85545990, 0.43401880
0.16382400, 0.00518700, 0.29078900
-0.80942990, 0.24447030, -0.53390780
0.84288590, 0.41710440
0.18843300, 0.00436500, 0.29076000
0.82265340, 0.18999510, -0.53585750
0.86803420, 0.41710440
0.17574200, -0.00662400, 0.28614000
-0.01898845, -0.53877280, -0.84223710
0.85546010, 0.42801530
0.17651400, 0.01617500, 0.29540900
0.03221312, 0.97323840, -0.22752880
0.85546010, 0.40619360
0.16124500, -0.07952600, 0.49937400
-0.99944280, 0.03335711, 0.00119228
0.84288570, 0.42310780
0.17393600, -0.06853700, 0.50399400
0.03135298, 0.92591420, 0.37643060
0.85545990, 0.41219690
0.18585500, -0.08034800, 0.49934400
0.99944270, -0.03335936, -0.00119340
0.86803410, 0.42310780
0.17316400, -0.09133600, 0.49472500
-0.03135366, -0.92591400, -0.37643070
0.85545990, 0.43401880
-0.21606400, -0.34548300, -0.47245000
-0.99912690, 0.04174846, 0.00159967
0.35868080, 0.62845340
0.18629900, -0.35047500, -0.69183200
0.99912550, -0.04178706, -0.00141817
0.47589690, 0.57991840
-0.22193100, 0.35158900, 0.16398600
-0.73904970, -0.52145790, 0.42648240
0.75945970, 0.34337900
0.28873600, 0.27690500, 0.18810300
0.77101080, -0.61324710, 0.17166920
0.95820250, 0.36328100
0.28511300, 0.28262100, 0.22479400
0.45561820, -0.68395370, 0.56975380
0.95820250, 0.34462880
-0.21830800, 0.34587200, 0.12729600
-0.92329660, -0.38279220, -0.03152198
0.75945970, 0.36328100
-0.11657500, 0.32048300, 0.13555600
-0.08750415, -0.93830470, -0.33455530
0.93632620, 0.42972790
0.19113000, 0.29230700, 0.13409900
-0.08750416, -0.93830490, -0.33455480
0.96328470, 0.41288760
0.18487500, 0.27948100, 0.17170800
-0.08750417, -0.93830490, -0.33455480
0.96328470, 0.42972790
-0.11032000, 0.33331000, 0.09794700
-0.08750415, -0.93830470, -0.33455530
0.93632620, 0.41288760
-0.21205300, 0.35869900, 0.08968700
-0.84985330, -0.23218880, -0.47311500
0.75953860, 0.22768480
0.30164400, 0.31652100, 0.12539400
0.66707490, -0.25033880, -0.70167060
0.95820350, 0.24758660
0.29499100, 0.28973200, 0.15049400
0.84445400, -0.46264420, -0.26992170
0.95820350, 0.22768480
-0.20539900, 0.38548800, 0.06458600
-0.52759550, -0.08784144, -0.84494200
0.75953860, 0.24758660
-0.21858900, 0.38742600, 0.17676400
-0.64597270, 0.31518450, 0.69525380
0.75936910, 0.32475890
0.29823700, 0.35166200, 0.19366700
0.70021350, 0.63203740, 0.33200870
0.95820250, 0.29548260
-0.20880700, 0.42062900, 0.13285900
-0.56626510, 0.80430010, 0.18012520
0.75942390, 0.29548280
0.28845500, 0.31845900, 0.23757200
0.52640600, 0.15572010, 0.83585170
0.95822020, 0.32475890
0.30498700, 0.35235900, 0.13817200
0.72854360, 0.57023020, -0.37955470
0.95822640, 0.26620640
-0.20205700, 0.42132600, 0.07736400
-0.44383100, 0.72969560, -0.52015240
0.75969120, 0.26620640
0.28511300, 0.28262100, 0.22479400
0.45561820, -0.68395370, 0.56975380
0.98304300, 0.32637160
0.28873600, 0.27690500, 0.18810300
0.77101080, -0.61324710, 0.17166920
0.99402600, 0.30789800
0.29499100, 0.28973200, 0.15049400
0.84445400, -0.46264420, -0.26992170
0.99402600, 0.28306700
0.30164400, 0.31652100, 0.12539400
0.66707490, -0.25033880, -0.70167060
0.98304300, 0.26459340
-0.20539900, 0.38548800, 0.06458600
-0.52759550, -0.08784144, -0.84494200
0.73677730, 0.26459360
-0.21205300, 0.35869900, 0.08968700
-0.84985330, -0.23218880, -0.47311500
0.72579480, 0.28306700
-0.21830800, 0.34587200, 0.12729600
-0.92329660, -0.38279220, -0.03152198
0.72579480, 0.30789800
-0.22193100, 0.35158900, 0.16398600
-0.73904970, -0.52145790, 0.42648240
0.73677730, 0.32637140
0.28873600, 0.27690500, 0.18810300
-0.15549700, -0.31886500, 0.93495760
0.97205960, 0.42972790
-0.11657500, 0.32048300, 0.13555600
-0.15549690, -0.31886340, 0.93495820
0.93632620, 0.42972790
0.18487500, 0.27948100, 0.17170800
-0.15549710, -0.31886550, 0.93495740
0.96328470, 0.42972790
-0.21830800, 0.34587200, 0.12729600
-0.15549690, -0.31886340, 0.93495820
0.92755130, 0.42972790
-0.21830800, 0.34587200, 0.12729600
-0.20064610, -0.91654620, -0.34595400
0.92755130, 0.42972790
-0.11032000, 0.33331000, 0.09794700
-0.20064580, -0.91654680, -0.34595260
0.93632620, 0.41288760
-0.11657500, 0.32048300, 0.13555600
-0.20064570, -0.91654710, -0.34595200
0.93632620, 0.42972790
-0.21205300, 0.35869900, 0.08968700
-0.20064630, -0.91654590, -0.34595470
0.92755130, 0.41288760
-0.21205300, 0.35869900, 0.08968700
0.15549670, 0.31886210, -0.93495860
0.92755130, 0.41288760
0.19113000, 0.29230700, 0.13409900
0.15549710, 0.31886520, -0.93495760
0.96328470, 0.41288760
-0.11032000, 0.33331000, 0.09794700
0.15549660, 0.31886100, -0.93495910
0.93632620, 0.41288760
0.29499100, 0.28973200, 0.15049400
0.15549720, 0.31886530, -0.93495750
0.97205960, 0.41288760
0.29499100, 0.28973200, 0.15049400
0.02681032, -0.94748460, -0.31867580
0.97205960, 0.41288760
0.18487500, 0.27948100, 0.17170800
0.02681069, -0.94748510, -0.31867420
0.96328470, 0.42972790
0.19113000, 0.29230700, 0.13409900
0.02681085, -0.94748530, -0.31867350
0.96328470, 0.41288760
0.28873600, 0.27690500, 0.18810300
0.02681017, -0.94748430, -0.31867650
0.97205960, 0.42972790
0.00842100, 0.34965600, -1.00283200
0.02632317, 0.80847630, -0.58793970
0.14897760, 0.63663510
-0.36844500, 0.11619600, -1.05809000
-0.67649150, 0.32800200, -0.65937390
0.06570455, 0.69321080
-0.24292400, 0.34281400, -1.00123100
-0.21147050, 0.80246170, -0.55797430
0.09412429, 0.63748050
0.00051500, 0.11542500, -1.07717000
0.00457854, 0.17242060, -0.98501280
0.14969970, 0.69140630
-0.26733900, 0.32865000, -1.00177100
-0.60603380, 0.62383960, -0.49350500
0.08799875, 0.63872110
0.36874800, 0.09159100, -1.05897000
0.69493000, 0.28033770, -0.66218050
0.23144260, 0.69420640
0.25875400, 0.32606900, -1.00183000
0.26310200, 0.78664140, -0.55854520
0.20378260, 0.63701700
0.28216800, 0.31030900, -1.00242700
0.64231500, 0.58378460, -0.49661540
0.20991870, 0.63820540
0.00866300, 0.32279200, -0.04989800
0.67060350, 0.73938940, -0.05995211
0.14801280, 0.42705020
0.00855400, 0.31954600, -0.05001400
0.77030960, 0.63404450, -0.06790182
0.14819610, 0.42697760
0.00861700, 0.33220700, -0.35109400
0.03509139, 0.99863970, 0.03856659
0.14834590, 0.49344310
0.25894900, 0.30868700, -0.35193600
0.33541530, 0.94140420, 0.03542170
0.20397690, 0.49374920
0.25899500, 0.29927200, -0.05074000
0.33624250, 0.93966690, 0.06298550
0.20414080, 0.42728510
0.28236400, 0.29288000, -0.35123000
0.78365650, 0.62080760, 0.02191905
0.21026110, 0.49370810
0.28241000, 0.28346500, -0.05003400
0.76815640, 0.63925920, 0.03582594
0.21052440, 0.42719060
0.36874800, 0.06653600, -0.35865400
0.96385000, 0.26628400, 0.00927712
0.26375060, 0.49413200
0.36874800, 0.05693200, -0.09023200
0.96412520, 0.26533140, 0.00786499
0.26426830, 0.43486520
-0.36844400, 0.08153800, -0.08935100
-0.94417270, 0.32930440, 0.00982542
0.03191581, 0.43585760
-0.26714300, 0.31122100, -0.35057400
-0.74051420, 0.67160240, 0.02426678
0.08642939, 0.49423160
-0.36848200, 0.09087600, -0.35778000
-0.94396750, 0.32981800, 0.01206044
0.03283405, 0.49511350
-0.26709700, 0.30180600, -0.04937800
-0.73229380, 0.68092270, 0.00948280
0.08559439, 0.42771850
-0.24272800, 0.32543100, -0.35133700
-0.27318330, 0.96134000, 0.03458678
0.09271285, 0.49421990
-0.24268200, 0.31601600, -0.05014000
-0.27421090, 0.96118840, 0.03041859
0.09198086, 0.42775930
0.25901600, 0.32557600, -0.76813600
0.33590010, 0.94169010, 0.01976783
0.20365550, 0.58562440
0.00868400, 0.34909600, -0.76729500
0.03340852, 0.99921230, 0.02141645
0.14873840, 0.58505160
0.28243100, 0.30976900, -0.76743100
0.78140530, 0.62384220, 0.01505322
0.20947590, 0.58571760
0.36874800, 0.08139800, -0.77407900
0.96413750, 0.26522230, 0.00979818
0.26312310, 0.58596310
-0.26707600, 0.32811000, -0.76677500
-0.73898480, 0.67356190, 0.01469087
0.08799762, 0.58623150
-0.36844400, 0.10600400, -0.77319900
-0.94383500, 0.33025780, 0.01026333
0.03435495, 0.58693140
-0.24266100, 0.34232000, -0.76753700
-0.27236860, 0.96197490, 0.02048844
0.09381662, 0.58608900
0.36874800, 0.09159100, -1.05897000
0.69493000, 0.28033770, -0.66218050
0.26239280, 0.64895370
-0.36844500, 0.11619600, -1.05809000
-0.67649150, 0.32800200, -0.65937390
0.03561726, 0.64991470
-0.01082400, -0.30172800, 1.08734100
0.11186580, -0.11507230, 0.98703820
0.69020620, 0.97582020
0.40050800, -0.12699600, 1.06109400
0.11186580, -0.11507230, 0.98703820
0.82319060, 0.91381700
-0.00457200, -0.11515000, 1.10838500
0.11186580, -0.11507230, 0.98703820
0.69020620, 0.91375670
0.40050800, -0.12699600, 1.06109400
0.11186570, -0.11507190, 0.98703830
0.82319060, 0.91381700
-0.01082400, -0.30172800, 1.08734100
0.11186570, -0.11507190, 0.98703830
0.69020620, 0.97582020
0.39425500, -0.31357400, 1.04005100
0.11186570, -0.11507190, 0.98703830
0.82289430, 0.97580910
0.39425500, -0.31357400, 1.04005100
0.04883198, -0.78673820, 0.61535230
0.53529800, 0.96296620
-0.01082400, -0.30172800, 1.08734100
0.04883198, -0.78673820, 0.61535230
0.41728460, 0.97334330
0.40629800, -0.35407100, 0.98731900
0.04883198, -0.78673820, 0.61535230
0.53921430, 0.95161130
0.39425500, -0.31357400, 1.04005100
0.99944110, -0.03342130, -0.00063694
0.50658170, 0.17856910
0.40054400, -0.12465700, 0.99552500
0.99944110, -0.03342130, -0.00063694
0.51951510, 0.13553510
0.40050800, -0.12699600, 1.06109400
0.99944110, -0.03342130, -0.00063694
0.50439480, 0.13553380
0.40054400, -0.12465700, 0.99552500
0.97751220, 0.01699897, 0.21019260
0.51951510, 0.13553510
0.39425500, -0.31357400, 1.04005100
0.97751220, 0.01699897, 0.21019260
0.50658170, 0.17856910
0.40629800, -0.35407100, 0.98731900
0.97751220, 0.01699897, 0.21019260
0.51951490, 0.18860340
-0.35509000, -0.05915700, -0.05744000
0.00003343, -0.03722867, 0.99930680
0.54400120, 0.29569580
-0.36872100, 0.07990000, -0.05225900
0.00003343, -0.03722867, 0.99930680
0.53982950, 0.26159570
-0.40294700, -0.06023900, -0.05747900
0.00003343, -0.03722867, 0.99930680
0.53297430, 0.29675760
-0.36872100, 0.07990000, -0.05225900
0.00016394, -0.03721589, 0.99930720
0.53982950, 0.26159570
-0.35509000, -0.05915700, -0.05744000
0.00016394, -0.03721589, 0.99930720
0.54400120, 0.29569580
-0.35032800, 0.08196600, -0.05218600
0.00016394, -0.03721589, 0.99930720
0.54400940, 0.26098120
-0.36272100, -0.28748600, -0.06560800
-0.00000025, -0.03574785, 0.99936090
0.54399560, 0.34553030
-0.40294700, -0.06023900, -0.05747900
-0.00000025, -0.03574785, 0.99936090
0.53297430, 0.29675760
-0.41057700, -0.28856800, -0.06564700
-0.00000025, -0.03574785, 0.99936090
0.53305180, 0.34709240
-0.40294700, -0.06023900, -0.05747900
-0.00000010, -0.03574782, 0.99936090
0.53297430, 0.29675760
-0.36272100, -0.28748600, -0.06560800
-0.00000010, -0.03574782, 0.99936090
0.54399560, 0.34553030
-0.35509000, -0.05915700, -0.05744000
-0.00000010, -0.03574782, 0.99936090
0.54400120, 0.29569580
-0.40294700, -0.07610300, 0.38592900
-0.99068100, 0.13611560, 0.00486998
0.34013860, 0.13549170
-0.36872100, 0.07990000, -0.05225900
-0.97148560, 0.23694680, 0.00847750
0.23792970, 0.10277990
-0.40294700, -0.06023900, -0.05747900
-0.99072070, 0.13582670, 0.00485967
0.23788240, 0.13549170
-0.36872100, 0.06400500, 0.39202300
-0.97148570, 0.23694650, 0.00847737
0.34038770, 0.10277990
-0.41057700, -0.28856800, -0.06564700
-0.99944280, 0.03335871, 0.00119362
0.23788280, 0.18841420
-0.41057700, -0.30443200, 0.37776100
-0.99944280, 0.03335859, 0.00119367
0.34013880, 0.18841420
-0.37469400, -0.07962500, 0.36894700
0.98953130, -0.14422650, -0.00516005
0.96163100, 0.73328750
-0.34082600, 0.06447900, -0.03594700
0.96747760, -0.25279490, -0.00904446
0.86389330, 0.69973770
-0.34082600, 0.04979200, 0.37457600
0.96747790, -0.25279400, -0.00904414
0.96186910, 0.69973770
-0.37469500, -0.06496600, -0.04076800
0.98957650, -0.14391610, -0.00514909
0.86384800, 0.73328750
-0.38174700, -0.27599300, -0.04831700
0.99944270, -0.03335885, -0.00119360
0.86384840, 0.78756590
-0.38174700, -0.29065200, 0.36139800
0.99944270, -0.03335884, -0.00119360
0.96163120, 0.78756590
-0.36872100, 0.06400500, 0.39202300
0.46936660, 0.88243880, 0.03157185
0.96590630, 0.69616980
-0.34082600, 0.06447900, -0.03594700
0.46936660, 0.88243880, 0.03157185
0.86389330, 0.69973770
-0.36872100, 0.07990000, -0.05225900
0.46936660, 0.88243880, 0.03157185
0.85987360, 0.69616980
-0.34082600, 0.06447900, -0.03594700
0.46936650, 0.88243880, 0.03157184
0.86389330, 0.69973770
-0.36872100, 0.06400500, 0.39202300
0.46936650, 0.88243880, 0.03157184
0.96590630, 0.69616980
-0.34082600, 0.04979200, 0.37457600
0.46936650, 0.88243880, 0.03157184
0.96186910, 0.69973770
-0.36872100, 0.07990000, -0.05225900
0.47085850, -0.08903967, -0.87770400
0.85987360, 0.69616980
-0.37469500, -0.06496600, -0.04076800
0.50187640, -0.03770418, -0.86411710
0.86384800, 0.73328750
-0.40294700, -0.06023900, -0.05747900
0.50403000, -0.03794150, -0.86285230
0.85982450, 0.73247020
-0.34082600, 0.06447900, -0.03594700
0.46567450, -0.08904490, -0.88046480
0.86389330, 0.69973770
-0.38174700, -0.27599300, -0.04831700
0.51075450, 0.01367956, -0.85961780
0.86384840, 0.78756590
-0.41057700, -0.28856800, -0.06564700
0.51075450, 0.01367956, -0.85961780
0.85982500, 0.79119870
-0.41057700, -0.28856800, -0.06564700
0.41592060, -0.90881940, -0.03251570
0.85982500, 0.79119870
-0.38174700, -0.29065200, 0.36139800
0.41592060, -0.90881940, -0.03251570
0.96163120, 0.78756590
-0.41057700, -0.30443200, 0.37776100
0.41592060, -0.90881940, -0.03251570
0.96564890, 0.79119870
-0.38174700, -0.29065200, 0.36139800
0.41592000, -0.90881970, -0.03251566
0.96163120, 0.78756590
-0.41057700, -0.28856800, -0.06564700
0.41592000, -0.90881970, -0.03251566
0.85982500, 0.79119870
-0.38174700, -0.27599300, -0.04831700
0.41592000, -0.90881970, -0.03251566
0.86384840, 0.78756590
-0.41057700, -0.30443200, 0.37776100
0.51020800, -0.04776942, 0.85872340
0.96564890, 0.79119870
-0.37469400, -0.07962500, 0.36894700
0.50238030, -0.10704430, 0.85799510
0.96163100, 0.73328750
-0.40294700, -0.07610300, 0.38592900
0.50015190, -0.10631050, 0.85938710
0.96564870, 0.73247020
-0.38174700, -0.29065200, 0.36139800
0.51020810, -0.04776945, 0.85872330
0.96163120, 0.78756590
-0.34082600, 0.04979200, 0.37457600
0.47068340, -0.15390700, 0.86877490
0.96186910, 0.69973770
-0.36872100, 0.06400500, 0.39202300
0.46726750, -0.15202560, 0.87094740
0.96590630, 0.69616980
-0.10434300, 0.29213300, 0.36311300
-0.07704095, 0.57334490, 0.81568390
0.65517100, 0.54510940
-0.10379600, 0.30894100, 0.35134100
-0.12717580, 0.56338680, 0.81634650
0.65510430, 0.53846410
-0.27307500, 0.28270700, 0.30130500
-0.81698900, 0.56357640, 0.12210880
0.59693880, 0.53805230
-0.24268200, 0.30332100, 0.30468200
-0.39893720, 0.56466110, 0.72250050
0.60726460, 0.53286700
-0.26709700, 0.29037100, 0.27022700
-0.71601330, 0.69694600, 0.03989064
0.59122050, 0.53541370
0.36874800, 0.03827300, 0.43129000
0.55614040, 0.54531440, 0.62716830
0.81480320, 0.61577800
0.34573800, 0.05955100, 0.43154100
0.49408740, 0.57424500, 0.65277890
0.80794950, 0.61623950
0.11338500, 0.07039600, 0.51288900
0.17772950, 0.57105680, 0.80144010
0.72854940, 0.63030790
0.11373200, 0.08106000, 0.50542000
0.18893120, 0.55920310, 0.80721550
0.72854550, 0.62609510
0.30076400, 0.04952400, 0.46568400
0.25682960, 0.78196390, 0.56795330
0.79164270, 0.62556230
0.36900300, 0.03938100, 0.39114200
-0.89190390, -0.44464420, -0.08245611
0.66006190, 0.10285000
0.27841200, 0.23541000, 0.31396000
-0.89190390, -0.44464420, -0.08245611
0.68997790, 0.05073249
0.29337200, 0.21711900, 0.25077800
-0.89190390, -0.44464420, -0.08245611
0.69413880, 0.05549514
0.27841200, 0.23541000, 0.31396000
-0.84076810, -0.48403580, -0.24252480
0.68997790, 0.05073249
0.36900300, 0.03938100, 0.39114200
-0.84076810, -0.48403580, -0.24252480
0.66006190, 0.10285000
0.34573800, 0.05955100, 0.43154100
-0.84076810, -0.48403580, -0.24252480
0.65315630, 0.09965378
-0.36872100, 0.06400500, 0.39202300
0.82467360, -0.48284540, -0.29457400
0.34038770, 0.10277990
-0.27307500, 0.28270700, 0.30130500
0.82467360, -0.48284540, -0.29457400
0.31301950, 0.05404717
-0.34043500, 0.08285800, 0.44030700
0.82467360, -0.48284540, -0.29457400
0.34964360, 0.10270600
-0.27307500, 0.28270700, 0.30130500
0.91303000, -0.40742190, -0.01958541
0.31301950, 0.05404717
-0.36872100, 0.06400500, 0.39202300
0.91303000, -0.40742190, -0.01958541
0.34038770, 0.10277990
-0.27943300, 0.27085500, 0.25146200
0.91303000, -0.40742190, -0.01958541
0.30630910, 0.05542308
0.30352200, -0.29615400, 0.85899700
-0.00000070, -0.25881840, 0.96592600
0.41976960, 0.03872603
0.44517300, -0.25112100, 0.85899700
-0.00000062, 0.25881810, 0.96592610
0.43207480, 0.07210439
0.30352200, -0.25112100, 0.85899700
-0.00000023, 0.25881690, 0.96592640
0.43207480, 0.03872603
0.44517300, -0.29615500, 0.85899700
-0.00000006, -0.25882060, 0.96592540
0.41976960, 0.07210439
0.44517300, -0.21212000, 0.83648100
-0.00000033, 0.70710600, 0.70710750
0.44437980, 0.07210439
0.30352200, -0.21212000, 0.83648100
-0.00000057, 0.70710650, 0.70710700
0.44437980, 0.03872603
0.44517300, -0.18960400, 0.79748000
-0.00000047, 0.96592590, 0.25881890
0.45668490, 0.07210439
0.30352200, -0.18960400, 0.79748000
-0.00000049, 0.96592590, 0.25881880
0.45668490, 0.03872603
0.44517300, -0.18960400, 0.75244700
-0.00000030, 0.96592590, -0.25881870
0.46899010, 0.07210439
0.30352200, -0.18960400, 0.75244700
0.00000009, 0.96592620, -0.25881770
0.46899010, 0.03872603
0.44517300, -0.21212000, 0.71344600
0.00000044, 0.70710830, -0.70710520
0.48129510, 0.07210439
0.30352200, -0.21212000, 0.71344600
0.00000028, 0.70710770, -0.70710580
0.48129510, 0.03872603
0.44517300, -0.25112100, 0.69092900
0.00000035, 0.25881820, -0.96592610
0.49360020, 0.07210439
0.30352200, -0.25112100, 0.69092900
-0.00000003, 0.25881720, -0.96592630
0.49360020, 0.03872603
0.44517300, -0.29615400, 0.69092900
-0.00000024, -0.25882030, -0.96592550
0.50315990, 0.07210439
0.30352200, -0.29615400, 0.69092900
-0.00000005, -0.25881930, -0.96592580
0.50315990, 0.03872603
0.30352200, -0.29615400, 0.69092900
-0.00000005, -0.25881930, -0.96592580
0.36098950, 0.03872603
0.44517300, -0.33515500, 0.71344600
-0.00000020, -0.70710580, -0.70710780
0.37054910, 0.07210439
0.30352200, -0.33515500, 0.71344600
0.00000000, -0.70710520, -0.70710830
0.37054910, 0.03872603
0.44517300, -0.29615400, 0.69092900
-0.00000024, -0.25882030, -0.96592550
0.36098950, 0.07210439
0.44517300, -0.35767200, 0.75244600
0.00000000, -0.96592590, -0.25881880
0.38285420, 0.07210416
0.30352200, -0.35767200, 0.75244600
0.00000022, -0.96592560, -0.25881990
0.38285420, 0.03872603
0.44517300, -0.35767200, 0.79748000
0.00000016, -0.96592560, 0.25881970
0.39515930, 0.07210439
0.30352200, -0.35767200, 0.79748000
0.00000091, -0.96592630, 0.25881720
0.39515930, 0.03872603
0.44517300, -0.33515500, 0.83648000
0.00000099, -0.70710870, 0.70710480
0.40746450, 0.07210439
0.30352200, -0.33515500, 0.83648100
0.00000044, -0.70710740, 0.70710620
0.40746450, 0.03872603
0.30352200, -0.25112100, 0.85899700
-1.00000000, -0.00000135, 0.00000000
0.63379700, 0.04557103
0.30352200, -0.25112100, 0.69092900
-1.00000000, -0.00000055, -0.00000002
0.59589530, 0.05567497
0.30352200, -0.29615400, 0.85899700
-1.00000000, -0.00000051, 0.00000020
0.63650690, 0.05568701
0.30352200, -0.21212000, 0.83648100
-1.00000000, -0.00000065, -0.00000022
0.62635340, 0.03815264
0.30352200, -0.18960400, 0.79748000
-1.00000000, 0.00000087, -0.00000050
0.61617620, 0.03544921
0.30352200, -0.18960400, 0.75244700
-1.00000000, -0.00000073, 0.00000042
0.60602960, 0.03818280
0.30352200, -0.21212000, 0.71344600
-1.00000000, -0.00000073, 0.00000042
0.59863190, 0.04557151
0.30352200, -0.33515500, 0.71344600
-1.00000000, -0.00000057, -0.00000043
0.60603490, 0.07318419
0.30352200, -0.29615400, 0.69092900
-1.00000000, -0.00000085, -0.00000147
0.59859110, 0.06575209
0.30352200, -0.35767200, 0.75244600
-1.00000000, 0.00000058, 0.00000163
0.61620000, 0.07590348
0.30352200, -0.35767200, 0.79748000
-1.00000000, -0.00000138, -0.00000013
0.62635950, 0.07318550
0.30352200, -0.33515500, 0.83648100
-1.00000000, -0.00000079, -0.00000019
0.63378380, 0.06578511
0.44517300, -0.29615500, 0.85899700
1.00000000, 0.00000133, 0.00000013
0.63650690, 0.05566472
0.44517300, -0.25112100, 0.69092900
1.00000000, 0.00000042, -0.00000045
0.59589530, 0.05567676
0.44517300, -0.25112100, 0.85899700
1.00000000, 0.00000068, 0.00000023
0.63378380, 0.04556626
0.44517300, -0.21212000, 0.83648100
1.00000000, -0.00000025, 0.00000007
0.62635970, 0.03816634
0.44517300, -0.18960400, 0.79748000
1.00000000, 0.00000046, 0.00000009
0.61620010, 0.03544837
0.44517300, -0.18960400, 0.75244700
1.00000000, -0.00000177, 0.00000115
0.60603500, 0.03816754
0.44517300, -0.21212000, 0.71344600
1.00000000, 0.00000316, -0.00000378
0.59859140, 0.04559952
0.44517300, -0.29615400, 0.69092900
1.00000000, 0.00000000, 0.00000000
0.59863190, 0.06577986
0.44517300, -0.33515500, 0.71344600
1.00000000, -0.00000028, -0.00000104
0.60602940, 0.07316881
0.44517300, -0.35767200, 0.75244600
1.00000000, -0.00000056, -0.00000159
0.61617640, 0.07590276
0.44517300, -0.35767200, 0.79748000
1.00000000, 0.00000072, -0.00000035
0.62635340, 0.07319909
0.44517300, -0.33515500, 0.83648000
1.00000000, 0.00000110, 0.00000011
0.63379690, 0.06578046
-0.29135000, -0.29615500, 0.85899700
-0.00000024, -0.25881700, 0.96592640
0.41976960, 0.03872603
-0.43300100, -0.25112100, 0.85899700
-0.00000041, 0.25881810, 0.96592610
0.43207480, 0.07210439
-0.43300100, -0.29615500, 0.85899700
-0.00000089, -0.25881930, 0.96592580
0.41976960, 0.07210439
-0.29135000, -0.25112100, 0.85899700
-0.00000005, 0.25881900, 0.96592580
0.43207480, 0.03872603
-0.43300100, -0.21212100, 0.83648100
-0.00000011, 0.70710640, 0.70710710
0.44437980, 0.07210439
-0.29135000, -0.21212100, 0.83648100
-0.00000046, 0.70710570, 0.70710790
0.44437980, 0.03872603
-0.43300100, -0.18960400, 0.79748000
-0.00000040, 0.96592580, 0.25881920
0.45668490, 0.07210439
-0.29135000, -0.18960400, 0.79748000
-0.00000061, 0.96592560, 0.25881980
0.45668490, 0.03872603
-0.43300100, -0.18960400, 0.75244600
-0.00000018, 0.96592640, -0.25881690
0.46899010, 0.07210439
-0.29135000, -0.18960400, 0.75244700
-0.00000036, 0.96592660, -0.25881620
0.46899010, 0.03872603
-0.43300100, -0.21212000, 0.71344600
-0.00000052, 0.70710740, -0.70710620
0.48129510, 0.07210439
-0.29135000, -0.21212000, 0.71344600
-0.00000046, 0.70710720, -0.70710640
0.48129510, 0.03872603
-0.43300100, -0.25112100, 0.69092900
-0.00000041, 0.25881620, -0.96592660
0.49360020, 0.07210439
-0.29135000, -0.25112100, 0.69092900
0.00000012, 0.25881480, -0.96592690
0.49360020, 0.03872603
-0.43300100, -0.29615500, 0.69092900
0.00000040, -0.25881720, -0.96592630
0.50315990, 0.07210439
-0.29135000, -0.29615400, 0.69092900
0.00000113, -0.25881930, -0.96592580
0.50315990, 0.03872603
-0.29135000, -0.29615400, 0.69092900
0.00000113, -0.25881930, -0.96592580
0.36098950, 0.03872603
-0.43300100, -0.33515500, 0.71344600
0.00000159, -0.70710590, -0.70710770
0.37054910, 0.07210439
-0.43300100, -0.29615500, 0.69092900
0.00000040, -0.25881720, -0.96592630
0.36098950, 0.07210439
-0.29135000, -0.33515500, 0.71344600
0.00000106, -0.70710460, -0.70710890
0.37054910, 0.03872603
-0.43300100, -0.35767200, 0.75244600
0.00000101, -0.96592580, -0.25881920
0.38285420, 0.07210416
-0.29135000, -0.35767200, 0.75244600
0.00000043, -0.96592520, -0.25882130
0.38285420, 0.03872603
-0.43300100, -0.35767200, 0.79748000
0.00000085, -0.96592620, 0.25881750
0.39515930, 0.07210439
-0.29135000, -0.35767200, 0.79748000
0.00000096, -0.96592610, 0.25881800
0.39515930, 0.03872603
-0.43300100, -0.33515500, 0.83648000
0.00000015, -0.70710740, 0.70710620
0.40746450, 0.07210439
-0.29135000, -0.33515500, 0.83648100
0.00000000, -0.70710720, 0.70710640
0.40746450, 0.03872603
-0.29135000, -0.25112100, 0.85899700
1.00000000, 0.00000022, 0.00000045
0.63379700, 0.04557103
-0.29135000, -0.29615500, 0.85899700
1.00000000, 0.00000037, 0.00000033
0.63650690, 0.05568701
-0.29135000, -0.25112100, 0.69092900
1.00000000, 0.00000044, 0.00000008
0.59589530, 0.05567497
-0.29135000, -0.21212100, 0.83648100
1.00000000, 0.00000011, 0.00000023
0.62635340, 0.03815264
-0.29135000, -0.18960400, 0.79748000
1.00000000, 0.00000151, 0.00000003
0.61617620, 0.03544921
-0.29135000, -0.18960400, 0.75244700
1.00000000, -0.00000021, 0.00000083
0.60602960, 0.03818280
-0.29135000, -0.21212000, 0.71344600
1.00000000, 0.00000378, -0.00000316
0.59863190, 0.04557151
-0.29135000, -0.33515500, 0.71344600
1.00000000, 0.00000094, 0.00000266
0.60603490, 0.07318419
-0.29135000, -0.29615400, 0.69092900
1.00000000, 0.00000000, -0.00000085
0.59859110, 0.06575209
-0.29135000, -0.35767200, 0.75244600
1.00000000, -0.00000036, 0.00000061
0.61620000, 0.07590348
-0.29135000, -0.35767200, 0.79748000
1.00000000, -0.00000097, -0.00000025
0.62635950, 0.07318550
-0.29135000, -0.33515500, 0.83648100
1.00000000, -0.00000050, -0.00000003
0.63378380, 0.06578511
-0.43300100, -0.29615500, 0.85899700
-1.00000000, 0.00000000, 0.00000000
0.63650690, 0.05566472
-0.43300100, -0.25112100, 0.85899700
-1.00000000, -0.00000078, 0.00000000
0.63378380, 0.04556626
-0.43300100, -0.25112100, 0.69092900
-1.00000000, 0.00000023, 0.00000036
0.59589530, 0.05567676
-0.43300100, -0.21212100, 0.83648100
-1.00000000, -0.00000086, -0.00000029
0.62635970, 0.03816634
-0.43300100, -0.18960400, 0.79748000
-1.00000000, 0.00000194, -0.00000112
0.61620010, 0.03544837
-0.43300100, -0.18960400, 0.75244600
-1.00000000, 0.00000247, -0.00000123
0.60603500, 0.03816754
-0.43300100, -0.21212000, 0.71344600
-1.00000000, -0.00000169, 0.00000293
0.59859140, 0.04559952
-0.43300100, -0.29615500, 0.69092900
-1.00000000, 0.00000085, 0.00000147
0.59863190, 0.06577986
-0.43300100, -0.33515500, 0.71344600
-1.00000000, 0.00000085, 0.00000147
0.60602940, 0.07316881
-0.43300100, -0.35767200, 0.75244600
-1.00000000, 0.00000056, 0.00000097
0.61617640, 0.07590276
-0.43300100, -0.35767200, 0.79748000
-1.00000000, -0.00000045, -0.00000009
0.62635340, 0.07319909
-0.43300100, -0.33515500, 0.83648000
-1.00000000, -0.00000034, -0.00000020
0.63379690, 0.06578046
0.30352200, -0.18881500, -0.58746000
0.00000003, 1.00000000, -0.00000026
0.41976960, 0.03872603
0.44517300, -0.20047000, -0.63095900
-0.00000001, 0.86602620, -0.49999860
0.43207480, 0.07210439
0.30352200, -0.20047000, -0.63095900
-0.00000012, 0.86602600, -0.49999900
0.43207480, 0.03872603
0.44517300, -0.18881500, -0.58746000
0.00000017, 1.00000000, 0.00000018
0.41976960, 0.07210439
0.44517300, -0.23231400, -0.66280300
-0.00000007, 0.49999990, -0.86602550
0.44437980, 0.07210439
0.30352200, -0.23231400, -0.66280300
-0.00000005, 0.50000000, -0.86602540
0.44437980, 0.03872603
0.44517300, -0.27581300, -0.67445800
-0.00000001, 0.00000163, -1.00000000
0.45668490, 0.07210439
0.30352200, -0.27581300, -0.67445800
-0.00000043, 0.00000032, -1.00000000
0.45668490, 0.03872603
0.44517300, -0.31931200, -0.66280300
-0.00000050, -0.49999970, -0.86602560
0.46899010, 0.07210439
0.30352200, -0.31931200, -0.66280300
-0.00000054, -0.50000010, -0.86602530
0.46899010, 0.03872603
0.44517300, -0.35115600, -0.63095900
-0.00000016, -0.86602630, -0.49999850
0.48129510, 0.07210439
0.30352200, -0.35115600, -0.63095900
0.00000012, -0.86602580, -0.49999930
0.48129510, 0.03872603
0.44517300, -0.36281100, -0.58746000
0.00000011, -1.00000000, 0.00000013
0.49360020, 0.07210439
0.30352200, -0.36281100, -0.58746000
0.00000002, -1.00000000, 0.00000009
0.49360020, 0.03872603
0.44517300, -0.35115600, -0.54396100
-0.00000019, -0.86602510, 0.50000060
0.50315990, 0.07210439
0.30352200, -0.35115600, -0.54396100
0.00000011, -0.86602570, 0.49999950
0.50315990, 0.03872603
0.30352200, -0.35115600, -0.54396100
0.00000011, -0.86602570, 0.49999950
0.36098950, 0.03872603
0.44517300, -0.31931200, -0.51211700
-0.00000008, -0.49999970, 0.86602560
0.37054910, 0.07210439
0.30352200, -0.31931200, -0.51211700
-0.00000006, -0.49999960, 0.86602560
0.37054910, 0.03872603
0.44517300, -0.35115600, -0.54396100
-0.00000019, -0.86602510, 0.50000060
0.36098950, 0.07210439
0.44517300, -0.27581300, -0.50046100
-0.00000028, 0.00000022, 1.00000000
0.38285420, 0.07210416
0.30352200, -0.27581300, -0.50046200
-0.00000031, 0.00000028, 1.00000000
0.38285420, 0.03872603
0.44517300, -0.23231400, -0.51211700
-0.00000016, 0.49999850, 0.86602620
0.39515930, 0.07210439
0.30352200, -0.23231400, -0.51211700
0.00000027, 0.49999750, 0.86602690
0.39515930, 0.03872603
0.44517300, -0.20047000, -0.54396100
0.00000021, 0.86602500, 0.50000080
0.40746450, 0.07210439
0.30352200, -0.20047000, -0.54396000
0.00000037, 0.86602470, 0.50000130
0.40746450, 0.03872603
0.30352200, -0.20047000, -0.63095900
-1.00000000, -0.00000024, 0.00000043
0.63379700, 0.04557103
0.30352200, -0.36281100, -0.58746000
-1.00000000, 0.00000025, 0.00000074
0.59589530, 0.05567497
0.30352200, -0.18881500, -0.58746000
-1.00000000, -0.00000055, 0.00000000
0.63650690, 0.05568701
0.30352200, -0.23231400, -0.66280300
-1.00000000, -0.00000030, 0.00000126
0.62635340, 0.03815264
0.30352200, -0.27581300, -0.67445800
-1.00000000, -0.00000093, -0.00000027
0.61617620, 0.03544921
0.30352200, -0.31931200, -0.66280300
-1.00000000, 0.00000188, 0.00000235
0.60602960, 0.03818280
0.30352200, -0.35115600, -0.63095900
-1.00000000, 0.00000583, 0.00000463
0.59863190, 0.04557151
0.30352200, -0.31931200, -0.51211700
-1.00000000, -0.00000049, -0.00000023
0.60603490, 0.07318419
0.30352200, -0.35115600, -0.54396100
-1.00000000, -0.00000164, 0.00000044
0.59859110, 0.06575209
0.30352200, -0.27581300, -0.50046200
-1.00000000, -0.00000018, -0.00000047
0.61620000, 0.07590348
0.30352200, -0.23231400, -0.51211700
-1.00000000, -0.00000024, -0.00000035
0.62635950, 0.07318550
0.30352200, -0.20047000, -0.54396000
-1.00000000, -0.00000044, 0.00000033
0.63378380, 0.06578511
0.44517300, -0.18881500, -0.58746000
1.00000000, -0.00000022, 0.00000000
0.63650690, 0.05566472
0.44517300, -0.36281100, -0.58746000
1.00000000, 0.00000107, -0.00000022
0.59589530, 0.05567676
0.44517300, -0.20047000, -0.63095900
1.00000000, -0.00000003, -0.00000011
0.63378380, 0.04556626
0.44517300, -0.23231400, -0.66280300
1.00000000, 0.00000033, 0.00000108
0.62635970, 0.03816634
0.44517300, -0.27581300, -0.67445800
1.00000000, -0.00000001, 0.00000087
0.61620010, 0.03544837
0.44517300, -0.31931200, -0.66280300
1.00000000, -0.00000130, -0.00000075
0.60603500, 0.03816754
0.44517300, -0.35115600, -0.63095900
1.00000000, 0.00000567, 0.00000327
0.59859140, 0.04559952
0.44517300, -0.35115600, -0.54396100
1.00000000, 0.00000687, -0.00000447
0.59863190, 0.06577986
0.44517300, -0.31931200, -0.51211700
1.00000000, 0.00000083, -0.00000099
0.60602940, 0.07316881
0.44517300, -0.27581300, -0.50046100
1.00000000, -0.00000060, 0.00000016
0.61617640, 0.07590276
0.44517300, -0.23231400, -0.51211700
1.00000000, 0.00000012, -0.00000122
0.62635340, 0.07319909
0.44517300, -0.20047000, -0.54396100
1.00000000, 0.00000007, -0.00000026
0.63379690, 0.06578046
-0.29135000, -0.18881500, -0.58746000
-0.00000030, 1.00000000, 0.00000056
0.41976960, 0.03872603
-0.43300100, -0.20047000, -0.63095900
-0.00000024, 0.86602590, -0.49999920
0.43207480, 0.07210439
-0.43300100, -0.18881500, -0.58746000
0.00000026, 1.00000000, -0.00000141
0.41976960, 0.07210439
-0.29135000, -0.20047000, -0.63095900
-0.00000046, 0.86602620, -0.49999850
0.43207480, 0.03872603
-0.43300100, -0.23231400, -0.66280300
-0.00000002, 0.50000170, -0.86602440
0.44437980, 0.07210439
-0.29135000, -0.23231400, -0.66280300
0.00000075, 0.49999990, -0.86602550
0.44437980, 0.03872603
-0.43300100, -0.27581300, -0.67445800
0.00000120, -0.00000028, -1.00000000
0.45668490, 0.07210439
-0.29135000, -0.27581300, -0.67445800
0.00000050, 0.00000183, -1.00000000
0.45668490, 0.03872603
-0.43300100, -0.31931200, -0.66280300
0.00000025, -0.50000080, -0.86602500
0.46899010, 0.07210439
-0.29135000, -0.31931200, -0.66280300
-0.00000075, -0.49999810, -0.86602650
0.46899010, 0.03872603
-0.43300100, -0.35115600, -0.63095900
-0.00000029, -0.86602560, -0.49999960
0.48129510, 0.07210439
-0.29135000, -0.35115600, -0.63095900
-0.00000008, -0.86602590, -0.49999910
0.48129510, 0.03872603
-0.43300100, -0.36281200, -0.58746000
0.00000018, -1.00000000, -0.00000052
0.49360020, 0.07210439
-0.29135000, -0.36281200, -0.58746000
0.00000046, -1.00000000, 0.00000018
0.49360020, 0.03872603
-0.43300100, -0.35115600, -0.54396100
0.00000068, -0.86602470, 0.50000130
0.50315990, 0.07210439
-0.29135000, -0.35115600, -0.54396100
0.00000047, -0.86602510, 0.50000050
0.50315990, 0.03872603
-0.29135000, -0.35115600, -0.54396100
0.00000047, -0.86602510, 0.50000050
0.36098950, 0.03872603
-0.43300100, -0.31931200, -0.51211700
0.00000040, -0.49999780, 0.86602660
0.37054910, 0.07210439
-0.43300100, -0.35115600, -0.54396100
0.00000068, -0.86602470, 0.50000130
0.36098950, 0.07210439
-0.29135000, -0.31931200, -0.51211700
0.00000003, -0.49999870, 0.86602620
0.37054910, 0.03872603
-0.43300100, -0.27581300, -0.50046200
-0.00000003, -0.00000128, 1.00000000
0.38285420, 0.07210416
-0.29135000, -0.27581300, -0.50046200
0.00000030, -0.00000028, 1.00000000
0.38285420, 0.03872603
-0.43300100, -0.23231400, -0.51211700
0.00000013, 0.49999590, 0.86602780
0.39515930, 0.07210439
-0.29135000, -0.23231400, -0.51211700
0.00000071, 0.49999760, 0.86602680
0.39515930, 0.03872603
-0.43300100, -0.20047000, -0.54396000
0.00000018, 0.86602460, 0.50000150
0.40746450, 0.07210439
-0.29135000, -0.20047000, -0.54396100
0.00000047, 0.86602520, 0.50000040
0.40746450, 0.03872603
-0.29135000, -0.20047000, -0.63095900
1.00000000, 0.00000005, 0.00000017
0.63379700, 0.04557103
-0.29135000, -0.18881500, -0.58746000
1.00000000, 0.00000033, 0.00000022
0.63650690, 0.05568701
-0.29135000, -0.36281200, -0.58746000
1.00000000, -0.00000048, 0.00000014
0.59589530, 0.05567497
-0.29135000, -0.23231400, -0.66280300
1.00000000, -0.00000004, -0.00000084
0.62635340, 0.03815264
-0.29135000, -0.27581300, -0.67445800
1.00000000, 0.00000093, 0.00000071
0.61617620, 0.03544921
-0.29135000, -0.31931200, -0.66280300
1.00000000, 0.00000124, 0.00000122
0.60602960, 0.03818280
-0.29135000, -0.35115600, -0.63095900
1.00000000, -0.00000305, -0.00000126
0.59863190, 0.04557151
-0.29135000, -0.31931200, -0.51211700
1.00000000, -0.00000136, 0.00000078
0.60603490, 0.07318419
-0.29135000, -0.35115600, -0.54396100
1.00000000, -0.00000425, 0.00000245
0.59859110, 0.06575209
-0.29135000, -0.27581300, -0.50046200
1.00000000, 0.00000027, -0.00000071
0.61620000, 0.07590348
-0.29135000, -0.23231400, -0.51211700
1.00000000, 0.00000033, -0.00000058
0.62635950, 0.07318550
-0.29135000, -0.20047000, -0.54396100
1.00000000, 0.00000029, -0.00000063
0.63378380, 0.06578511
-0.43300100, -0.18881500, -0.58746000
-1.00000000, -0.00000088, 0.00000000
0.63650690, 0.05566472
-0.43300100, -0.20047000, -0.63095900
-1.00000000, -0.00000092, 0.00000006
0.63378380, 0.04556626
-0.43300100, -0.36281200, -0.58746000
-1.00000000, -0.00000007, -0.00000011
0.59589530, 0.05567676
-0.43300100, -0.23231400, -0.66280300
-1.00000000, -0.00000060, 0.00000048
0.62635970, 0.03816634
-0.43300100, -0.27581300, -0.67445800
-1.00000000, 0.00000039, 0.00000214
0.61620010, 0.03544837
-0.43300100, -0.31931200, -0.66280300
-1.00000000, 0.00000049, 0.00000231
0.60603500, 0.03816754
-0.43300100, -0.35115600, -0.63095900
-1.00000000, -0.00000088, 0.00000152
0.59859140, 0.04559952
-0.43300100, -0.35115600, -0.54396100
-1.00000000, 0.00000359, -0.00000359
0.59863190, 0.06577986
-0.43300100, -0.31931200, -0.51211700
-1.00000000, -0.00000014, -0.00000144
0.60602940, 0.07316881
-0.43300100, -0.27581300, -0.50046200
-1.00000000, -0.00000041, -0.00000135
0.61617640, 0.07590276
-0.43300100, -0.23231400, -0.51211700
-1.00000000, -0.00000063, -0.00000093
0.62635340, 0.07319909
-0.43300100, -0.20047000, -0.54396000
-1.00000000, -0.00000082, -0.00000044
0.63379690, 0.06578046
0.38966000, -0.10257900, 0.37703500
0.93342190, 0.04009371, 0.35653340
0.66031060, 0.13556030
0.52987900, 0.03246700, -0.04677900
0.92530300, 0.14235380, 0.35149650
0.76251510, 0.10285000
0.37097900, 0.04029900, 0.36834600
0.92530310, 0.14235350, 0.35149640
0.66006190, 0.10285000
0.54824700, -0.11039600, -0.03727300
0.93343090, 0.03980201, 0.35654250
0.76256210, 0.13556030
0.53334000, -0.33850800, -0.03867400
0.93166270, -0.06307895, 0.35780670
0.76256250, 0.18848060
0.37475300, -0.33069100, 0.37563400
0.93166270, -0.06307893, 0.35780670
0.66031100, 0.18848060
0.36903800, -0.10426100, 0.35113400
-0.93313520, -0.04828126, -0.35626910
0.86446650, 0.61975690
0.49651400, 0.02069500, -0.04127900
-0.92310640, -0.15852160, -0.35035040
0.96189660, 0.58610120
0.51557400, -0.11148400, -0.03169300
-0.93314730, -0.04796788, -0.35627960
0.96194180, 0.61975690
0.34968900, 0.02793200, 0.34230200
-0.92310670, -0.15852080, -0.35035020
0.86422920, 0.58610120
0.50179700, -0.32231000, -0.03298700
-0.93166270, 0.06307872, -0.35780660
0.96194140, 0.67420670
0.35526100, -0.31508800, 0.34983900
-0.93166270, 0.06307896, -0.35780670
0.86446630, 0.67420670
0.37097900, 0.04029900, 0.36834600
-0.35101880, 0.92398300, -0.15179350
0.86020460, 0.58252200
0.49651400, 0.02069500, -0.04127900
-0.35101880, 0.92398300, -0.15179350
0.96189660, 0.58610120
0.34968900, 0.02793200, 0.34230200
-0.35101880, 0.92398300, -0.15179350
0.86422920, 0.58610120
0.49651400, 0.02069500, -0.04127900
-0.35101970, 0.92398260, -0.15179370
0.96189660, 0.58610120
0.37097900, 0.04029900, 0.36834600
-0.35101970, 0.92398260, -0.15179370
0.86020460, 0.58252200
0.52987900, 0.03246700, -0.04677900
-0.35101970, 0.92398260, -0.15179370
0.96590370, 0.58252200
0.52987900, 0.03246700, -0.04677900
-0.13662420, -0.08981487, -0.98654300
0.96590370, 0.58252200
0.51557400, -0.11148400, -0.03169300
-0.16465040, -0.03507993, -0.98572800
0.96194180, 0.61975690
0.49651400, 0.02069500, -0.04127900
-0.13083240, -0.09046642, -0.98726830
0.96189660, 0.58610120
0.54824700, -0.11039600, -0.03727300
-0.16712440, -0.03504109, -0.98531290
0.96595260, 0.61893700
0.50179700, -0.32231000, -0.03298700
-0.16889020, 0.01708649, -0.98548670
0.96194140, 0.67420670
0.53334000, -0.33850800, -0.03867400
-0.16889020, 0.01708651, -0.98548670
0.96595220, 0.67785100
0.53334000, -0.33850800, -0.03867400
-0.47392200, -0.86495340, -0.16508630
0.96595220, 0.67785100
0.35526100, -0.31508800, 0.34983900
-0.47392200, -0.86495340, -0.16508630
0.86446630, 0.67420670
0.50179700, -0.32231000, -0.03298700
-0.47392200, -0.86495340, -0.16508630
0.96194140, 0.67420670
0.35526100, -0.31508800, 0.34983900
-0.47392220, -0.86495330, -0.16508640
0.86446630, 0.67420670
0.53334000, -0.33850800, -0.03867400
-0.47392220, -0.86495330, -0.16508640
0.96595220, 0.67785100
0.37475300, -0.33069100, 0.37563400
-0.47392220, -0.86495330, -0.16508640
0.86046120, 0.67785100
0.37475300, -0.33069100, 0.37563400
-0.78295030, 0.04735518, 0.62027930
0.86046120, 0.67785100
0.36903800, -0.10426100, 0.35113400
-0.78188100, -0.01235242, 0.62330530
0.86446650, 0.61975690
0.35526100, -0.31508800, 0.34983900
-0.78295040, 0.04735515, 0.62027910
0.86446630, 0.67420670
0.38966000, -0.10257900, 0.37703500
-0.78022340, -0.01176374, 0.62539030
0.86046150, 0.61893700
0.34968900, 0.02793200, 0.34230200
-0.76135670, -0.06141117, 0.64541820
0.86422920, 0.58610120
0.37097900, 0.04029900, 0.36834600
-0.75874700, -0.05975480, 0.64863880
0.86020460, 0.58252200
# Number of Faces:
780
# Face Data:
0, 1, 2
0, 3, 4
3, 0, 2
5, 6, 7
6, 5, 8
4, 9, 10
9, 4, 3
11, 12, 13
12, 11, 14
15, 16, 17
16, 15, 18
19, 20, 21
20, 22, 21
22, 20, 23
23, 24, 22
24, 23, 25
26, 27, 28
27, 26, 29
8, 30, 31
32, 33, 34
33, 32, 35
22, 36, 37
36, 22, 24
28, 38, 39
38, 28, 27
34, 40, 41
40, 34, 33
37, 36, 42
39, 43, 44
43, 39, 38
45, 46, 47
46, 48, 47
13, 49, 50
49, 13, 12
43, 51, 52
51, 43, 38
53, 29, 54
29, 53, 27
17, 55, 56
55, 17, 16
57, 27, 58
27, 57, 38
59, 27, 53
27, 59, 58
38, 57, 60
60, 51, 38
61, 62, 63
63, 62, 64
64, 62, 65
66, 67, 68
67, 66, 69
69, 70, 67
70, 71, 67
71, 70, 72
72, 73, 71
73, 74, 71
74, 73, 75
5, 76, 77
78, 79, 80
79, 78, 81
79, 82, 80
82, 79, 83
80, 84, 85
84, 80, 82
86, 87, 88
86, 89, 87
90, 91, 92
91, 90, 85
85, 93, 91
93, 85, 84
94, 85, 95
85, 94, 80
96, 85, 90
85, 96, 95
80, 94, 97
97, 78, 80
98, 99, 100
100, 99, 101
101, 99, 102
103, 104, 105
104, 103, 106
106, 107, 104
107, 108, 104
108, 107, 109
109, 110, 108
110, 86, 108
86, 110, 89
111, 26, 112
26, 111, 113
112, 114, 111
114, 112, 115
115, 116, 114
116, 115, 83
83, 117, 116
117, 83, 79
79, 118, 117
118, 79, 81
119, 54, 120
54, 121, 120
121, 54, 29
29, 113, 121
113, 29, 26
118, 119, 120
119, 118, 122
118, 81, 122
123, 124, 125
124, 123, 126
127, 128, 129
128, 127, 130
131, 132, 133
132, 131, 134
135, 136, 137
136, 135, 138
138, 139, 136
139, 138, 140
141, 142, 143
125, 144, 145
144, 125, 124
129, 146, 147
146, 129, 128
148, 132, 149
132, 148, 133
137, 150, 151
150, 137, 136
136, 152, 150
152, 136, 139
143, 153, 154
153, 143, 142
145, 144, 155
154, 153, 156
157, 5, 158
5, 157, 8
159, 2, 1
2, 159, 160
159, 161, 160
161, 159, 162
163, 158, 164
158, 163, 157
162, 165, 161
165, 162, 166
11, 167, 168
167, 11, 13
169, 16, 18
16, 169, 170
19, 21, 171
171, 172, 173
172, 171, 21
173, 174, 175
174, 173, 172
176, 177, 178
177, 176, 179
157, 180, 181
157, 30, 8
30, 157, 181
32, 182, 183
182, 32, 34
172, 184, 174
184, 172, 185
179, 186, 177
186, 179, 187
188, 189, 190
189, 188, 191
34, 192, 182
192, 34, 41
185, 193, 184
187, 194, 186
194, 187, 195
196, 197, 198
197, 196, 199
198, 197, 48
198, 48, 46
178, 200, 201
200, 178, 177
170, 55, 16
55, 170, 202
203, 177, 186
177, 203, 204
205, 200, 177
177, 204, 205
186, 206, 203
206, 186, 207
208, 209, 210
209, 211, 210
211, 212, 210
213, 211, 214
211, 213, 212
214, 211, 215
215, 209, 216
209, 215, 211
216, 209, 217
217, 208, 218
208, 217, 209
5, 219, 158
219, 5, 77
158, 219, 220
221, 222, 223
222, 221, 224
221, 225, 226
225, 221, 223
227, 228, 229
228, 227, 230
228, 231, 229
223, 232, 225
232, 223, 233
86, 88, 234
234, 88, 235
234, 235, 236
237, 238, 233
238, 237, 239
233, 240, 232
240, 233, 238
241, 233, 223
233, 241, 242
243, 237, 233
233, 242, 243
223, 244, 241
244, 223, 222
245, 246, 247
246, 248, 247
248, 249, 247
250, 251, 252
251, 250, 253
252, 251, 254
254, 255, 256
255, 254, 251
256, 255, 257
257, 234, 236
234, 257, 255
258, 176, 259
176, 258, 260
260, 261, 262
261, 260, 258
262, 263, 226
263, 262, 261
226, 264, 221
264, 226, 263
221, 265, 224
265, 221, 264
266, 267, 201
201, 268, 178
268, 201, 267
178, 259, 176
259, 178, 268
265, 266, 269
266, 265, 267
265, 269, 224
270, 271, 272
271, 270, 273
274, 275, 276
275, 274, 277
276, 278, 279
278, 276, 275
279, 280, 281
280, 279, 278
282, 283, 284
283, 282, 285
286, 287, 288
287, 286, 289
288, 290, 291
290, 288, 287
292, 293, 294
273, 144, 271
144, 273, 295
277, 146, 275
146, 277, 147
296, 297, 298
297, 296, 299
300, 301, 302
301, 300, 303
285, 149, 283
149, 285, 148
289, 150, 287
150, 289, 151
287, 152, 290
152, 287, 150
292, 304, 293
304, 292, 154
295, 155, 144
154, 156, 304
305, 145, 306
145, 305, 125
145, 307, 306
307, 145, 155
155, 308, 307
308, 155, 295
295, 309, 308
309, 295, 273
310, 297, 299
297, 310, 311
311, 312, 297
312, 311, 313
314, 315, 316
315, 314, 317
317, 318, 315
318, 317, 319
320, 298, 321
298, 320, 322
322, 296, 298
296, 322, 323
324, 325, 296
325, 326, 299
297, 327, 303
327, 297, 312
316, 315, 328
315, 329, 328
329, 315, 318
321, 300, 330
300, 321, 298
298, 303, 300
303, 298, 297
331, 188, 190
188, 331, 332
208, 210, 333
210, 334, 333
334, 210, 212
335, 189, 191
189, 335, 336
65, 337, 338
337, 65, 62
339, 74, 340
99, 98, 341
342, 228, 230
228, 342, 343
249, 344, 247
344, 249, 345
346, 227, 229
227, 346, 347
348, 349, 350
349, 348, 351
352, 353, 354
353, 352, 355
356, 357, 358
357, 356, 359
360, 361, 362
361, 360, 363
350, 364, 365
364, 350, 349
354, 353, 366
362, 361, 367
358, 368, 369
368, 358, 357
362, 367, 370
365, 369, 368
369, 365, 364
366, 353, 371
348, 372, 351
372, 348, 373
352, 374, 355
374, 352, 375
356, 376, 359
376, 356, 377
360, 378, 363
378, 360, 379
373, 380, 372
380, 373, 381
375, 382, 374
379, 383, 378
377, 384, 376
384, 377, 385
383, 379, 386
381, 385, 380
385, 381, 384
382, 387, 374
388, 389, 390
389, 388, 391
392, 393, 394
393, 392, 395
396, 397, 398
397, 396, 399
400, 401, 402
401, 400, 403
391, 404, 389
404, 391, 405
395, 406, 393
403, 407, 401
399, 408, 397
408, 399, 409
403, 410, 407
405, 409, 404
409, 405, 408
406, 411, 393
388, 412, 413
412, 388, 390
392, 414, 415
414, 392, 394
396, 416, 417
416, 396, 398
400, 418, 419
418, 400, 402
413, 420, 421
420, 413, 412
415, 414, 422
419, 418, 423
417, 424, 425
424, 417, 416
419, 423, 426
421, 425, 424
425, 421, 420
422, 414, 427
428, 429, 430
429, 428, 431
432, 430, 433
430, 432, 428
434, 432, 433
435, 436, 437
436, 435, 438
436, 439, 440
439, 436, 438
441, 440, 439
442, 443, 444
443, 442, 445
445, 446, 443
446, 445, 447
447, 444, 446
444, 447, 442
444, 448, 449
448, 444, 443
443, 450, 448
450, 443, 446
446, 449, 450
449, 446, 444
449, 451, 452
451, 449, 448
448, 453, 451
453, 448, 450
450, 452, 453
452, 450, 449
452, 454, 455
454, 452, 451
451, 456, 454
456, 451, 453
453, 455, 456
455, 453, 452
455, 457, 458
457, 455, 454
454, 459, 457
459, 454, 456
456, 458, 459
458, 456, 455
458, 445, 442
445, 458, 457
457, 447, 445
447, 457, 459
459, 442, 447
442, 459, 458
460, 461, 462
461, 460, 463
464, 465, 466
465, 464, 467
468, 467, 464
467, 468, 469
469, 465, 467
465, 469, 470
470, 466, 465
466, 470, 471
471, 464, 466
464, 471, 468
472, 102, 99
99, 341, 472
473, 245, 247
247, 344, 473
474, 475, 476
475, 474, 477
478, 479, 480
479, 478, 481
482, 483, 484
483, 482, 485
486, 487, 488
487, 486, 489
488, 490, 491
490, 488, 487
474, 489, 486
489, 474, 476
492, 487, 489
487, 492, 493
493, 494, 487
494, 490, 487
490, 494, 495
483, 491, 490
491, 483, 485
496, 488, 491
488, 496, 497
497, 498, 488
498, 486, 488
486, 498, 499
500, 501, 502
501, 500, 503
504, 505, 506
505, 504, 507
508, 509, 510
509, 508, 511
512, 513, 514
513, 512, 515
516, 517, 518
517, 516, 519
518, 517, 520
516, 521, 519
521, 516, 522
522, 523, 521
524, 525, 526
525, 527, 526
527, 525, 528
528, 529, 527
529, 528, 530
530, 531, 529
531, 530, 532
533, 534, 535
534, 533, 536
536, 537, 534
537, 536, 538
538, 526, 537
526, 538, 524
526, 539, 540
539, 526, 527
527, 541, 539
541, 527, 529
529, 542, 541
542, 529, 531
535, 543, 544
543, 535, 534
534, 545, 543
545, 534, 537
537, 540, 545
540, 537, 526
540, 522, 516
522, 540, 539
539, 523, 522
523, 539, 541
541, 546, 523
546, 541, 542
544, 520, 547
520, 544, 543
543, 518, 520
518, 543, 545
545, 516, 518
516, 545, 540
325, 299, 296
548, 549, 550
551, 552, 553
554, 555, 556
557, 558, 559
560, 561, 562
563, 564, 565
566, 567, 568
569, 570, 571
572, 573, 574
575, 576, 577
576, 575, 578
575, 579, 580
579, 575, 577
581, 582, 583
582, 581, 584
581, 585, 584
585, 581, 586
587, 588, 589
590, 591, 592
593, 594, 595
594, 593, 596
595, 597, 598
597, 595, 594
599, 600, 601
602, 603, 604
605, 606, 607
606, 605, 608
607, 609, 610
609, 607, 606
437, 611, 435
611, 437, 612
612, 613, 611
613, 612, 614
613, 614, 615
613, 434, 433
434, 613, 615
439, 616, 441
616, 439, 617
429, 618, 619
618, 429, 431
618, 617, 619
617, 618, 620
617, 620, 616
621, 622, 623
624, 625, 626
627, 628, 629
630, 631, 632
633, 634, 635
634, 633, 636
635, 637, 638
637, 635, 634
638, 639, 640
639, 638, 637
640, 641, 642
641, 640, 639
642, 643, 644
643, 642, 641
644, 645, 646
645, 644, 643
646, 647, 648
647, 646, 645
649, 650, 651
650, 649, 652
651, 653, 654
653, 651, 650
654, 655, 656
655, 654, 653
656, 657, 658
657, 656, 655
658, 636, 633
636, 658, 657
659, 660, 661
662, 660, 659
663, 660, 662
664, 660, 663
665, 660, 664
666, 660, 667
668, 660, 666
669, 660, 668
670, 660, 669
661, 660, 670
671, 672, 673
673, 672, 674
674, 672, 675
675, 672, 676
676, 672, 677
678, 672, 679
679, 672, 680
680, 672, 681
681, 672, 682
682, 672, 671
683, 684, 685
684, 683, 686
686, 687, 684
687, 686, 688
688, 689, 687
689, 688, 690
690, 691, 689
691, 690, 692
692, 693, 691
693, 692, 694
694, 695, 693
695, 694, 696
696, 697, 695
697, 696, 698
699, 700, 701
700, 699, 702
702, 703, 700
703, 702, 704
704, 705, 703
705, 704, 706
706, 707, 705
707, 706, 708
708, 685, 707
685, 708, 683
709, 710, 711
712, 709, 711
713, 712, 711
714, 713, 711
715, 714, 711
716, 717, 711
718, 716, 711
719, 718, 711
720, 719, 711
710, 720, 711
721, 722, 723
722, 724, 723
724, 725, 723
725, 726, 723
726, 727, 723
728, 729, 723
729, 730, 723
730, 731, 723
731, 732, 723
732, 721, 723
733, 734, 735
734, 733, 736
735, 737, 738
737, 735, 734
738, 739, 740
739, 738, 737
740, 741, 742
741, 740, 739
742, 743, 744
743, 742, 741
744, 745, 746
745, 744, 743
746, 747, 748
747, 746, 745
749, 750, 751
750, 749, 752
751, 753, 754
753, 751, 750
754, 755, 756
755, 754, 753
756, 757, 758
757, 756, 755
758, 736, 733
736, 758, 757
759, 760, 761
762, 760, 759
763, 760, 762
764, 760, 763
765, 760, 764
766, 760, 767
768, 760, 766
769, 760, 768
770, 760, 769
761, 760, 770
771, 772, 773
773, 772, 774
774, 772, 775
775, 772, 776
776, 772, 777
778, 772, 779
779, 772, 780
780, 772, 781
781, 772, 782
782, 772, 771
783, 784, 785
784, 783, 786
786, 787, 784
787, 786, 788
788, 789, 787
789, 788, 790
790, 791, 789
791, 790, 792
792, 793, 791
793, 792, 794
794, 795, 793
795, 794, 796
796, 797, 795
797, 796, 798
799, 800, 801
800, 799, 802
802, 803, 800
803, 802, 804
804, 805, 803
805, 804, 806
806, 807, 805
807, 806, 808
808, 785, 807
785, 808, 783
809, 810, 811
812, 809, 811
813, 812, 811
814, 813, 811
815, 814, 811
816, 817, 811
818, 816, 811
819, 818, 811
820, 819, 811
810, 820, 811
821, 822, 823
822, 824, 823
824, 825, 823
825, 826, 823
826, 827, 823
828, 829, 823
829, 830, 823
830, 831, 823
831, 832, 823
832, 821, 823
833, 834, 835
834, 833, 836
833, 837, 836
837, 833, 838
839, 840, 841
840, 839, 842
839, 843, 844
843, 839, 841
845, 846, 847
848, 849, 850
851, 852, 853
852, 851, 854
854, 855, 852
855, 854, 856
857, 858, 859
860, 861, 862
863, 864, 865
864, 863, 866
866, 867, 864
867, 866, 868
