# Project Zomboid Mesh
# File Version:
1.00000000
# Model Name:
Vehicles_PickUpVanBurnt
# Vertex Stride Element Count:
3
# Vertex Stride Size (in bytes):
76
# Vertex Stride Data:
# (Int)    Offset
# (String) Type
0
VertexArray
12
NormalArray
24
TextureCoordArray
# Vertex Count:
811
# Vertex Buffer:
-0.14742100, 0.26033500, 0.30979700
-0.26011770, 0.41289160, 0.87284550
0.65278760, 0.52473410
-0.03509600, 0.28583400, 0.32834200
-0.11345170, 0.49800520, 0.85972060
0.69396080, 0.52700010
-0.03509600, 0.29464300, -0.07932600
-0.03131399, 0.99944840, 0.01106572
0.69396100, 0.37774710
-0.28572200, 0.27447200, -0.07932600
-0.32641410, 0.94440510, 0.03940506
0.60186850, 0.37774800
-0.28572200, 0.23643300, 0.26724900
-0.47237730, 0.49293480, 0.73066750
0.60186850, 0.50773640
-0.42103000, -0.35366000, -0.11263700
0.01994801, -0.99948580, -0.02510514
0.30142420, 0.70868740
-0.42103000, -0.35366000, 0.37078400
0.44721360, -0.89442720, 0.00000000
0.30116730, 0.81631800
-0.42103000, -0.35366000, -0.07336900
-0.44721360, 0.89442720, 0.00000000
0.30116730, 0.71791240
-0.42103000, -0.35366000, 0.41172900
0.01987434, -0.99846180, 0.05175931
0.30166580, 0.82625660
-0.30934600, 0.25901600, -0.07805600
-0.75849100, 0.65146700, 0.01679672
0.59153230, 0.37821340
-0.30934600, 0.22097700, 0.23328000
-0.77829230, 0.61686300, 0.11722270
0.59153230, 0.49530040
-0.02919900, -0.00082400, 1.08712500
-0.00126262, 0.06325773, 0.99799640
0.69020620, 0.88031140
-0.43240900, -0.10983400, 1.04703800
-0.11189660, -0.02560480, 0.99338990
0.55713960, 0.91368740
-0.02718500, -0.10174700, 1.09387500
0.00009652, -0.00484286, 0.99998830
0.69020620, 0.91375670
-0.40492700, -0.02822900, 1.04702800
-0.10869170, 0.03672316, 0.99339690
0.56677170, 0.88682840
-0.39873600, 0.03237100, -1.07948600
-0.69174880, 0.26771520, -0.67068040
0.52607100, 0.37286400
-0.02718400, -0.10175000, -1.09852700
-0.00015989, 0.00801137, -0.99996790
0.41532540, 0.41667220
-0.42061700, -0.10960300, -1.08859900
-0.02196681, 0.04029574, -0.99894630
0.53352270, 0.41658820
-0.03022500, 0.05059100, -1.09852600
-0.00273708, 0.13714120, -0.99054770
0.41532540, 0.36957360
-0.03053700, 0.05528700, 0.49831500
-0.08477439, 0.98750030, -0.13287760
0.69108360, 0.66986310
-0.14292700, 0.04903900, 0.49212500
-0.06496581, 0.99614300, -0.05897921
0.65316270, 0.66772260
-0.03041400, 0.06004100, 0.53357100
-0.07112884, 0.99432160, -0.07915239
0.69108340, 0.68205170
-0.33162600, 0.03856200, 0.53354100
-0.15525760, 0.98603520, 0.06024647
0.58934960, 0.68204120
-0.33059100, 0.04393000, 0.44569700
-0.19392950, 0.90429530, 0.38031740
0.58973480, 0.65167120
-0.39972100, 0.02141600, 0.56979600
-0.68794910, 0.72387100, 0.05231494
0.56626800, 0.69457580
-0.39873700, 0.03237100, 0.41172700
-0.86241430, 0.48187940, 0.15502850
0.56667360, 0.63992640
-0.39873700, 0.03237100, 0.41172700
-0.86241430, 0.48187940, 0.15502850
0.34964360, 0.10270600
-0.43247500, -0.10983900, 0.56979600
-0.98598390, 0.16216390, -0.03922563
0.38607310, 0.13546590
-0.39972100, 0.02141600, 0.56979600
-0.68794910, 0.72387100, 0.05231494
0.38607310, 0.10523730
-0.42589900, -0.10970800, 0.41172700
-0.99511620, 0.09354687, -0.03150924
0.34964360, 0.13546590
-0.23058600, -0.33404500, 0.57016600
0.01981740, -0.99485550, 0.09934648
0.35672210, 0.86049270
-0.44220500, -0.33826800, 0.56979800
0.01968228, -0.99484220, 0.09950721
0.29509250, 0.86041120
-0.03041400, 0.06004100, 0.53357100
-0.01986301, 0.99522850, 0.09552819
0.69108340, 0.68205170
-0.33039200, -0.00393400, 0.98092100
-0.06667629, 0.97593960, 0.20759630
0.58947970, 0.83671440
-0.02954400, 0.01645100, 0.98095100
-0.01976988, 0.99055920, 0.13565230
0.69108340, 0.83672510
-0.33162600, 0.03856200, 0.53354100
-0.07082057, 0.99300070, 0.09451951
0.58934960, 0.68204120
-0.40428000, -0.01806100, 0.98142700
-0.65956180, 0.74701670, 0.08333235
0.56446490, 0.83688930
-0.33039200, -0.00393400, 0.98092100
-0.18591310, 0.97634390, 0.11040330
0.58947970, 0.83671440
-0.43244600, -0.10984100, 0.98142700
-0.98188860, 0.18758640, 0.02657367
0.48094040, 0.13546640
-0.40428000, -0.01806100, 0.98142700
-0.65956180, 0.74701670, 0.08333235
0.48094040, 0.11435340
-0.40492700, -0.02822900, 1.04702800
-0.07311978, 0.96819350, 0.23927980
0.56414320, 0.85987230
-0.02919900, -0.00082400, 1.08712500
-0.01969525, 0.98681910, 0.16062450
0.69108360, 0.87343240
-0.40492700, -0.02822900, 1.04702800
-0.79446630, 0.60127990, 0.08535715
0.56414320, 0.85987230
-0.43240900, -0.10983400, 1.04703800
-0.98469110, 0.17202020, 0.02814963
0.49606130, 0.13546510
-0.40492700, -0.02822900, 1.04702800
-0.79446630, 0.60127990, 0.08535715
0.49605890, 0.11670380
-0.44215400, -0.33932100, 0.98142900
0.01696070, -0.77398710, 0.63297420
0.29510090, 0.95161130
-0.23053600, -0.33509800, 0.98092300
-0.02477732, -0.87097710, 0.49069850
0.35673060, 0.95149920
-0.42867200, -0.29711300, 1.03267900
0.00439756, -0.79806730, 0.60255240
0.30090010, 0.96213080
-0.02344700, -0.28902500, 1.07951600
0.01813753, -0.90877550, 0.41689090
0.41728460, 0.97334330
-0.42867200, -0.29711300, 1.03267900
-0.11292630, -0.07819791, 0.99052140
0.55714820, 0.97577210
-0.02344700, -0.28902500, 1.07951600
0.00152494, -0.07641577, 0.99707490
0.69020620, 0.97582020
-0.44215400, -0.33932100, 0.98142900
-0.98193170, 0.00144860, 0.18922980
0.48094080, 0.18853690
-0.42867200, -0.29711300, 1.03267900
-0.95745280, -0.04101155, 0.28566100
0.49275200, 0.17882970
-0.44220500, -0.33826800, 0.56979800
-0.99304400, 0.00822732, -0.11745610
0.38607350, 0.18829300
-0.42103000, -0.35366000, 0.41172900
-0.99769140, -0.01837922, -0.06537608
0.34964390, 0.19195350
-0.02353100, -0.28482600, -1.09852500
0.01287060, -0.64487390, -0.76418060
0.41532540, 0.47327260
-0.42224500, -0.29278400, -1.09261900
0.00266049, -0.66028720, -0.75100850
0.53514430, 0.47311790
-0.44595100, -0.16262500, 0.89352800
-0.98026000, 0.19484980, 0.03352398
0.46068250, 0.14762130
-0.44595000, -0.16295200, 0.64045300
-0.98009650, 0.19426640, -0.04088258
0.40235750, 0.14769720
-0.44536600, -0.19247200, 0.60881900
-0.97938310, 0.06199458, -0.19226390
0.39506650, 0.15453250
-0.44535800, -0.19226300, 0.92516300
-0.98843070, 0.05965438, 0.13944880
0.46797340, 0.15448420
-0.23058600, -0.33404500, 0.57016600
-0.99349850, -0.11353580, 0.00838522
0.35672210, 0.86049270
-0.23093200, -0.31598900, 0.77366200
-0.99643260, -0.08438566, -0.00105997
0.35672630, 0.90557900
-0.24999200, -0.15904400, 0.64044000
-0.99316570, -0.11661740, 0.00470728
0.35208880, 0.87255810
-0.24999300, -0.15871600, 0.89351500
-0.99313930, -0.11684560, -0.00461999
0.35209140, 0.93563770
-0.23053600, -0.33509800, 0.98092300
-0.99479680, -0.10164110, -0.00696157
0.35673060, 0.95149920
-0.44215400, -0.33932100, 0.98142900
-0.04129657, -0.40143700, -0.91495510
0.29510090, 0.95161130
-0.24999300, -0.15871600, 0.89351500
-0.00448172, -0.84539580, -0.53412160
0.35209140, 0.93563770
-0.23053600, -0.33509800, 0.98092300
0.00670732, -0.44342510, -0.89628640
0.35673060, 0.95149920
-0.44535800, -0.19226300, 0.92516300
-0.04536496, -0.53292790, -0.84494370
0.29502280, 0.93914520
-0.44595100, -0.16262500, 0.89352800
0.01852312, -0.93001940, -0.36704340
0.29502240, 0.93213630
-0.24999200, -0.15904400, 0.64044000
-0.03235528, -0.83628580, 0.54733820
0.35208880, 0.87255810
-0.44595000, -0.16295200, 0.64045300
0.01857221, -0.92991330, 0.36730960
0.29502080, 0.87606540
-0.44536600, -0.19247200, 0.60881900
-0.01497073, -0.51185300, 0.85894260
0.29501920, 0.86905660
-0.23058600, -0.33404500, 0.57016600
-0.23552550, -0.33101760, 0.91375880
0.35672210, 0.86049270
-0.44220500, -0.33826800, 0.56979800
0.00347985, -0.25846710, 0.96601380
0.29509250, 0.86041120
-0.43542600, -0.34079000, -0.37873700
0.01992984, -0.99858140, -0.04937566
0.29705120, 0.65025540
-0.22380700, -0.33656600, -0.37873700
0.01992995, -0.99858140, -0.04937557
0.35868080, 0.65025540
-0.43542600, -0.34079000, -0.37873700
-0.99856810, 0.01776347, 0.05046137
0.16746830, 0.18890790
-0.42589900, -0.10970800, -0.11263900
-0.99576690, 0.09137835, 0.00991066
0.22879440, 0.13546590
-0.42589900, -0.10970800, -0.37872200
-0.99056050, 0.13531790, 0.02188378
0.16747150, 0.13546590
-0.42103000, -0.35366000, -0.11263700
-0.99943660, -0.01837764, 0.02808417
0.22879490, 0.19195350
-0.39876000, 0.03210500, -0.37871900
-0.96022130, 0.27924000, 0.00026000
0.16747150, 0.10270610
-0.39873700, 0.03237100, -0.11012800
-0.96039470, 0.27863650, -0.00195471
0.22937350, 0.10270600
-0.39873700, 0.03237100, -0.79441300
-0.96010910, 0.27962160, -0.00155176
0.07166876, 0.10270610
-0.42589900, -0.10970800, -0.79441300
-0.99014210, 0.13679920, -0.03007707
0.07166876, 0.13546600
-0.22384800, -0.33596100, -0.79441200
-0.00216592, -0.96967880, 0.24437350
0.35867230, 0.55815920
-0.42224500, -0.29278400, -1.09261900
0.00266049, -0.66028720, -0.75100850
0.30160990, 0.49311510
-0.02353100, -0.28482600, -1.09852500
0.01287060, -0.64487390, -0.76418060
0.41728460, 0.49078110
-0.43546700, -0.34018500, -0.79441200
0.01666519, -0.83500750, 0.54998610
0.29704260, 0.55815920
-0.43546700, -0.34018500, -0.79441200
-0.99776020, 0.03193693, -0.05877654
0.07166882, 0.18876770
-0.42061700, -0.10960300, -1.08859900
-0.99591470, 0.08668668, -0.02528398
0.00386874, 0.13546620
-0.42224500, -0.29278400, -1.09261900
-0.99903820, 0.00981387, -0.04273649
0.00294204, 0.17785750
-0.39873600, 0.03237100, -1.07948600
-0.69174880, 0.26771520, -0.67068040
0.00596900, 0.10270610
-0.43922800, -0.16380200, -0.46800800
-0.98163480, 0.18796280, 0.03260605
0.14689410, 0.14792500
-0.43922700, -0.16412900, -0.72108300
-0.98145830, 0.18763810, -0.03913520
0.08856874, 0.14800080
-0.43864300, -0.19364900, -0.75271800
-0.98200340, 0.06017393, -0.17902060
0.08127805, 0.15483600
-0.43863500, -0.19344100, -0.43637400
-0.98922730, 0.05789831, 0.13445140
0.15418480, 0.15478780
-0.22384800, -0.33596100, -0.79441200
-0.99434510, -0.10619680, 0.00005134
0.35867230, 0.55815920
-0.22383300, -0.33600400, -0.58787500
-0.99535200, -0.09630317, -0.00001150
0.35867650, 0.60391940
-0.24326900, -0.16022100, -0.72109700
-0.99395050, -0.10982870, 0.00009140
0.35403900, 0.57089840
-0.24327000, -0.15989400, -0.46802200
-0.99396620, -0.10968640, -0.00002352
0.35404160, 0.63397810
-0.22380700, -0.33656600, -0.37873700
-0.99440090, -0.10567380, -0.00016071
0.35868080, 0.65025540
-0.43542600, -0.34079000, -0.37873700
-0.03918005, -0.40848060, -0.91192570
0.29705120, 0.65025540
-0.24327000, -0.15989400, -0.46802200
-0.00347843, -0.84723060, -0.53121390
0.35404160, 0.63397810
-0.22380700, -0.33656600, -0.37873700
0.00898604, -0.45023640, -0.89286420
0.35868080, 0.65025540
-0.43863500, -0.19344100, -0.43637400
-0.04440683, -0.53644830, -0.84276410
0.29697290, 0.63748570
-0.43922800, -0.16380200, -0.46800800
0.01852353, -0.93001960, -0.36704280
0.29697260, 0.63047670
-0.24326900, -0.16022100, -0.72109700
-0.03067802, -0.83963010, 0.54229150
0.35403900, 0.57089840
-0.43922700, -0.16412900, -0.72108300
0.01857169, -0.92991330, 0.36730950
0.29697090, 0.57440600
-0.43864300, -0.19364900, -0.75271800
-0.01373005, -0.51898240, 0.85467470
0.29696940, 0.56739710
-0.32058900, 0.20017500, 0.21522400
-0.89633790, 0.44074650, 0.04817630
0.30630910, 0.05542308
-0.30934600, 0.22097700, 0.23328000
-0.77829230, 0.61686300, 0.11722270
0.31269570, 0.05361688
-0.39899600, 0.03204600, 0.37156500
-0.94427610, 0.32914340, 0.00269970
0.34038770, 0.10277990
-0.32058900, 0.23821300, -0.04503500
-0.88080980, 0.47347020, 0.00032673
0.24437530, 0.05542308
-0.30934600, 0.25901600, -0.07805600
-0.75849100, 0.65146700, 0.01679672
0.23676490, 0.05065995
-0.39899600, 0.03204700, -0.07300100
-0.95987730, 0.28030590, -0.00801614
0.23792970, 0.10277990
-0.42569600, -0.10981500, -0.07320700
-0.99645580, 0.08399891, 0.00448076
0.23788240, 0.13549170
-0.42113500, -0.33837100, -0.07320500
-0.99992290, -0.01224315, 0.00209351
0.23788280, 0.18841420
-0.42103000, -0.35366000, 0.37078400
-0.99997660, -0.00684143, -0.00000004
0.34020750, 0.19195350
-0.42113500, -0.33837100, 0.37048600
-0.99992360, -0.01220041, -0.00198677
0.34013880, 0.18841420
-0.42569600, -0.10981500, 0.37048500
-0.99657170, 0.08257506, -0.00511177
0.34013860, 0.13549170
-0.42103000, -0.35366000, -0.07336900
-0.99997660, -0.00684389, -0.00000009
0.23784520, 0.19195350
-0.32058900, 0.20017500, 0.21522400
0.68902580, -0.71910720, -0.09015745
0.97427790, 0.53547720
-0.28525300, 0.26666200, -0.04503500
0.36065370, -0.92467280, -0.12210310
0.96390970, 0.47404130
-0.28525300, 0.22862400, 0.26274000
0.18948440, -0.93986080, 0.28417860
0.96390370, 0.54634090
-0.32058900, 0.23821300, -0.04503500
0.62309580, -0.77392320, -0.11311270
0.97427790, 0.47404300
-0.32058900, 0.23821300, -0.04503500
0.13840920, -0.17519540, 0.97475610
0.55862390, 0.21438180
-0.38073900, 0.03509100, -0.07300100
0.02004179, -0.13645980, 0.99044290
0.54400940, 0.26098120
-0.28525300, 0.26666200, -0.04503500
0.03239321, -0.13019630, 0.99095890
0.56687530, 0.20810890
-0.39899600, 0.03204700, -0.07300100
0.02389546, -0.14329930, 0.98939090
0.53982950, 0.26159570
-0.42113500, -0.33837100, -0.07320500
-0.07238846, 0.99736450, 0.00489457
0.97485170, 0.97077870
-0.32358200, -0.33374400, 0.42671800
-0.03006365, 0.99954800, 0.00018272
0.95655850, 0.89088880
-0.37340400, -0.33473900, -0.07320500
-0.04963728, 0.99876290, 0.00296030
0.96671390, 0.97213710
-0.42113500, -0.33837100, 0.37048600
-0.04737763, 0.99887700, 0.00000008
0.97343470, 0.89592920
-0.42113500, -0.33837100, 0.37048600
0.49901920, 0.00995438, -0.86653380
0.97343470, 0.89592920
-0.32814400, -0.10518800, 0.42671600
0.32656270, -0.16704470, -0.93029720
0.95855620, 0.85386340
-0.32358200, -0.33374400, 0.42671800
0.34981260, 0.00697603, -0.93679370
0.95655850, 0.89088880
-0.42569600, -0.10981500, 0.37048500
0.45091740, -0.09235179, -0.88777510
0.97663380, 0.85506680
-0.33092400, 0.03608500, 0.37729100
0.17845760, -0.22888370, -0.95695620
0.95991600, 0.82969560
-0.39899600, 0.03204600, 0.37156500
0.08430097, -0.00827770, -0.99640600
0.97107190, 0.83086940
-0.39899600, 0.03204600, 0.37156500
-0.04932397, 0.99230610, -0.11355950
0.97107190, 0.83086940
-0.33059100, 0.04393000, 0.44569700
-0.01338312, 0.99340660, -0.11386060
0.95939390, 0.81847440
-0.33092400, 0.03608500, 0.37729100
-0.02750971, 0.99347790, -0.11065700
0.95991600, 0.82969560
-0.03489700, 0.28469400, -0.04503500
0.05481676, -0.99777980, -0.03782389
0.90648550, 0.47403380
-0.14654100, 0.25366800, 0.30583700
0.05293220, -0.86661290, 0.49616560
0.93199930, 0.55707000
-0.03005400, 0.04203700, -0.07300100
0.00234488, -0.11749580, 0.99307060
0.62417200, 0.26098260
-0.03489700, 0.28469400, -0.04503500
0.00228406, -0.11444820, 0.99342660
0.62417190, 0.20514330
-0.02267300, -0.32779100, -0.07320500
-0.01995000, 0.99980100, -0.00000479
0.90772510, 0.97433240
-0.02267300, -0.32779100, 0.48453900
-0.01995027, 0.99980100, -0.00000518
0.90894540, 0.88521360
-0.02723500, -0.09923500, 0.48453700
0.00502982, -0.25201240, -0.96771090
0.90920390, 0.85086500
-0.02267300, -0.32779100, 0.48453900
0.00000024, -0.00000584, -1.00000000
0.90894540, 0.88521360
-0.03005400, 0.04203700, 0.40266000
0.00904975, -0.45342790, -0.89124700
0.90934690, 0.82546370
-0.14292700, 0.04903900, 0.49212500
-0.01932590, 0.99416810, -0.10609550
0.92813580, 0.81043680
-0.03005400, 0.04203700, 0.40266000
-0.05779139, 0.98691270, -0.15054400
0.90934690, 0.82546370
-0.03495800, 0.27892900, 0.32462400
0.08817142, -0.83453260, 0.54385770
0.90648530, 0.55854270
-0.03053700, 0.05528700, 0.49831500
-0.08525863, 0.98687770, -0.13712490
0.90934560, 0.80933540
0.37639800, -0.33774500, 0.41172900
0.01998090, -0.99846370, 0.05168048
0.53286040, 0.82620590
0.37639900, -0.33774500, -0.11263700
0.01994805, -0.99948640, -0.02508029
0.53312710, 0.70870580
0.07735900, 0.29363700, 0.32215200
0.16251590, 0.48703360, 0.85812990
0.73513440, 0.52473410
0.21613500, 0.28448800, -0.07932600
0.28710240, 0.95789170, -0.00396790
0.78605300, 0.37774800
0.21613500, 0.28448800, 0.27572300
0.45323250, 0.54272430, 0.70712850
0.78605300, 0.50773640
0.37639800, -0.33774500, 0.37078500
0.00000000, 1.00000000, 0.00000000
0.53340210, 0.81631800
0.37639900, -0.33774500, -0.07336900
0.00000000, -1.00000000, 0.00000000
0.53340210, 0.71791240
0.24035700, 0.26998700, -0.07805600
0.74125440, 0.67106430, -0.01464952
0.79638880, 0.37821340
0.24035700, 0.26998700, 0.24175400
0.73120000, 0.67517960, 0.09736032
0.79638880, 0.49530040
0.37804000, -0.09365900, 1.04703800
0.11282900, -0.02111945, 0.99339000
0.82326090, 0.91387590
0.34732300, -0.01321500, 1.04702800
0.10713970, 0.04103075, 0.99339700
0.81377880, 0.88702530
0.33872000, 0.04708900, -1.07948600
0.68026700, 0.29316860, -0.67178040
0.30457850, 0.37290570
0.36624900, -0.09389800, -1.08859900
0.02034148, 0.04114017, -0.99894630
0.29711580, 0.41656380
0.08185300, 0.06844400, 0.49212500
0.02343240, 0.97715000, 0.21125530
0.72900380, 0.66772260
0.27141600, 0.05059800, 0.53354100
0.13787490, 0.98752020, 0.07612100
0.79281720, 0.68204120
0.27016700, 0.05592000, 0.44569700
0.13058520, 0.98948470, 0.06218930
0.79243200, 0.65167120
0.34014100, 0.03618200, 0.56979700
0.65851820, 0.75074420, 0.05231505
0.81589910, 0.69457580
0.33872000, 0.04708900, 0.41172700
0.87509730, 0.48372740, 0.01457368
0.81549320, 0.63992640
0.33872000, 0.04708900, 0.41172700
0.87509730, 0.48372740, 0.01457368
0.65335850, 0.09938508
0.37810600, -0.09366100, 0.56979700
0.97894950, 0.20018400, -0.03980186
0.61437810, 0.13553460
0.37153000, -0.09379200, 0.41172700
0.99068550, 0.13259880, -0.03098016
0.65080620, 0.13553460
0.34014100, 0.03618200, 0.56979700
0.65851820, 0.75074420, 0.05231505
0.61437810, 0.10530720
0.39607000, -0.32153800, 0.56979800
0.02002887, -0.99483510, 0.09950799
0.53922280, 0.86041120
0.18532300, -0.32574400, 0.57016600
0.01989400, -0.99485400, 0.09934676
0.47784710, 0.86049270
0.27187800, 0.00808600, 0.98092100
0.02768250, 0.97782280, 0.20759630
0.79268690, 0.83671440
0.27141600, 0.05059800, 0.53354100
0.03114288, 0.99503580, 0.09451945
0.79281720, 0.68204120
0.34627100, -0.00308100, 0.98142700
0.62922990, 0.77273880, 0.08333318
0.81770240, 0.83688930
0.27187800, 0.00808600, 0.98092100
0.14680760, 0.98298450, 0.11040360
0.79268690, 0.83671440
0.37807700, -0.09366400, 0.98142700
0.97390200, 0.22534340, 0.02711281
0.51951510, 0.13553510
0.34627100, -0.00308100, 0.98142700
0.62922990, 0.77273880, 0.08333318
0.51951510, 0.11442300
0.18694300, -0.34689100, 0.67341500
0.01984783, -0.99446340, -0.10319230
0.47784700, 0.88709080
-0.22891500, -0.35624500, 0.87690900
0.01985818, -0.99498470, 0.09803572
0.35673060, 0.92845410
-0.22896500, -0.35519200, 0.67341500
0.01984632, -0.99438930, -0.10390390
0.35672210, 0.88709080
0.18693500, -0.34794500, 0.87690900
0.01985962, -0.99505730, 0.09729666
0.47783860, 0.92845410
0.34732300, -0.01321500, 1.04702800
0.03442989, 0.97034000, 0.23927990
0.81802950, 0.85974360
0.34732300, -0.01321500, 1.04702800
0.76984140, 0.63250140, 0.08535923
0.81802950, 0.85974360
0.37804000, -0.09365900, 1.04703800
0.97739300, 0.20970570, 0.02695297
0.50439480, 0.13553380
0.34732300, -0.01321500, 1.04702800
0.76984140, 0.63250140, 0.08535923
0.50439660, 0.11677320
0.39606200, -0.32259200, 0.98142900
0.01392861, -0.77403590, 0.63298850
0.53921430, 0.95161130
0.38177700, -0.28093800, 1.03267900
0.02753549, -0.79775390, 0.60235410
0.53381050, 0.96219840
0.18531500, -0.32679800, 0.98092300
0.05950941, -0.86929430, 0.49069960
0.47783860, 0.95149920
0.38177700, -0.28093800, 1.03267900
0.11595630, -0.07362952, 0.99052150
0.82319190, 0.97595480
0.39606200, -0.32259200, 0.98142900
0.98239630, 0.03934887, 0.18261750
0.51951490, 0.18860340
0.38177700, -0.28093800, 1.03267900
0.96297780, -0.00144962, 0.26957670
0.50770370, 0.17889650
0.39607000, -0.32153800, 0.56979800
0.99222700, 0.04613536, -0.11557270
0.61437770, 0.18835950
0.37639800, -0.33774500, 0.41172900
0.99779850, 0.02144695, -0.06275494
0.65080590, 0.19201970
0.37518400, -0.27686900, -1.09261900
0.02368583, -0.65928790, -0.75151740
0.29549750, 0.47309960
0.39367700, -0.14586700, 0.89352800
0.97170500, 0.23380690, 0.03352335
0.53977190, 0.14768950
0.39368900, -0.14619400, 0.64045300
0.97156470, 0.23321810, -0.04088189
0.59809480, 0.14776530
0.39428400, -0.17571400, 0.60881900
0.97540060, 0.09853538, -0.19719160
0.60538520, 0.15460030
0.39426700, -0.17550600, 0.92516300
0.98502500, 0.09676807, 0.14269400
0.53248160, 0.15455210
0.18532300, -0.32574400, 0.57016600
0.69898500, -0.26059230, 0.66596660
0.47784710, 0.86049270
0.19773100, -0.15010800, 0.64044000
0.59716480, -0.68195470, 0.42229360
0.48248030, 0.87255810
0.18494800, -0.30768800, 0.77366200
0.99986920, -0.01617414, 0.00004349
0.47784280, 0.90557900
0.19771900, -0.14978100, 0.89351500
0.59352930, -0.69126310, -0.41216290
0.48247780, 0.93563770
0.18531500, -0.32679800, 0.98092300
0.65664960, -0.35596130, -0.66490810
0.47783860, 0.95149920
0.39606200, -0.32259200, 0.98142900
0.05726869, -0.39968520, -0.91486170
0.53921430, 0.95161130
0.39426700, -0.17550600, 0.92516300
0.06646401, -0.53125490, -0.84460090
0.53954650, 0.93914520
0.39367700, -0.14586700, 0.89352800
0.01859972, -0.93001790, -0.36704320
0.53954680, 0.93213630
0.39368900, -0.14619400, 0.64045300
0.01854660, -0.92991410, 0.36730900
0.53954850, 0.87606540
0.39428400, -0.17571400, 0.60881900
0.03543628, -0.51129870, 0.85867220
0.53955020, 0.86905660
0.39607000, -0.32153800, 0.56979800
0.00684269, -0.25840940, 0.96601130
0.53922280, 0.86041120
0.17865100, -0.32853400, -0.37873700
0.01993000, -0.99858140, -0.04937562
0.47588840, 0.65025540
0.38939800, -0.32432800, -0.37873700
0.01993006, -0.99858140, -0.04937568
0.53726420, 0.65025540
0.37153000, -0.09379200, -0.11263900
0.99139030, 0.13059620, 0.00948121
0.77164990, 0.13553460
0.38939800, -0.32432800, -0.37873700
0.99720680, 0.05527398, 0.05023283
0.83297370, 0.18897450
0.37153000, -0.09379200, -0.37872200
0.98460180, 0.17337120, 0.02240014
0.83297030, 0.13553460
0.37639900, -0.33774500, -0.11263700
0.99941780, 0.02151589, 0.02647665
0.77164950, 0.19201970
0.33872000, 0.04708900, -0.37872200
0.94827310, 0.31745550, -0.00024959
0.83297030, 0.10277620
0.33872000, 0.04708900, -0.11012800
0.94860140, 0.31646930, -0.00162761
0.77107130, 0.10277610
-0.22223500, -0.35530000, -0.47714000
0.01986775, -0.99546410, 0.09303996
0.35868080, 0.62845340
0.18024000, -0.34666100, -0.69620300
0.01986356, -0.99525370, -0.09526502
0.47589690, 0.57991840
0.18022300, -0.34726800, -0.47714000
0.01986912, -0.99553170, 0.09231331
0.47588840, 0.62845340
-0.22227600, -0.35469500, -0.69620400
0.01986219, -0.99518570, -0.09597324
0.35867230, 0.57991840
0.18022300, -0.34725900, -0.48018700
0.96699090, 0.25480970, 0.00078084
0.47588850, 0.62777840
0.33872000, 0.04708900, -0.79441300
0.94861580, 0.31643000, 0.00030921
0.92876890, 0.10277620
0.37153000, -0.09379300, -0.79441300
0.98409190, 0.17499790, -0.03064010
0.92876890, 0.13553460
0.17866800, -0.32792800, -0.79441200
0.04085495, -0.96882020, 0.24437340
0.47589690, 0.55815920
0.37518400, -0.27686900, -1.09261900
0.02368583, -0.65928790, -0.75151740
0.53295650, 0.49312160
0.38941500, -0.32372200, -0.79441200
0.01665685, -0.83458280, 0.55063060
0.53727260, 0.55815920
0.38941500, -0.32372200, -0.79441200
0.99585660, 0.06906969, -0.05915144
0.92876880, 0.18883420
0.36624900, -0.09389800, -1.08859900
0.99178870, 0.12553520, -0.02441408
0.99656620, 0.13553480
0.37518400, -0.27686900, -1.09261900
0.99797410, 0.04961023, -0.03983070
0.99749270, 0.17792430
0.33872000, 0.04708900, -1.07948600
0.68026700, 0.29316860, -0.67178040
0.99446590, 0.10277620
0.38700700, -0.14731200, -0.46800800
0.97335290, 0.22698230, 0.03260659
0.85354680, 0.14799320
0.38701900, -0.14763900, -0.72108300
0.97318970, 0.22665020, -0.03913538
0.91186970, 0.14806890
0.38761400, -0.17715800, -0.75271800
0.97820420, 0.09686600, -0.18366700
0.91916010, 0.15490380
0.38759700, -0.17695000, -0.43637400
0.98590860, 0.09506596, 0.13764740
0.84625660, 0.15485560
0.17866800, -0.32792800, -0.79441200
0.99880500, -0.04887169, 0.00005546
0.47589690, 0.55815920
0.19106100, -0.15155300, -0.72109700
0.99764100, -0.06861720, 0.00204076
0.48053020, 0.57089840
0.17865400, -0.32797100, -0.58787500
0.99996830, 0.00789672, 0.00097036
0.47589270, 0.60391940
0.19008900, -0.14992100, -0.46793700
0.99785660, -0.06540913, 0.00196363
0.48052760, 0.63397810
0.17865100, -0.32853400, -0.37873700
0.99909890, -0.04244289, -0.00009703
0.47588840, 0.65025540
0.38939800, -0.32432800, -0.37873700
0.05373355, -0.40533890, -0.91258590
0.53726420, 0.65025540
0.19008900, -0.14992100, -0.46793700
0.03240023, -0.84809910, -0.52884610
0.48052760, 0.63397810
0.38759700, -0.17695000, -0.43637400
0.06156629, -0.53447580, -0.84293840
0.53759630, 0.63748570
0.17865100, -0.32853400, -0.37873700
0.00892613, -0.44722970, -0.89437460
0.47588840, 0.65025540
0.38700700, -0.14731200, -0.46800800
0.01371306, -0.93048070, -0.36608430
0.53759660, 0.63047670
0.19106100, -0.15155300, -0.72109700
0.06244871, -0.83765950, 0.54261110
0.48053020, 0.57089840
0.38701900, -0.14763900, -0.72108300
0.01854715, -0.92991380, 0.36730950
0.53759840, 0.57440600
0.38761400, -0.17715800, -0.75271800
0.03447919, -0.51844970, 0.85441270
0.53759990, 0.56739710
0.25242100, 0.24964900, 0.22369900
0.87475320, 0.48327420, 0.03539688
0.69413880, 0.05549514
0.33899200, 0.04677500, 0.37156500
0.94594930, 0.32429960, 0.00311838
0.66006190, 0.10285000
0.24035700, 0.26998700, 0.24175400
0.73120000, 0.67517960, 0.09736032
0.68997790, 0.05073249
0.25242100, 0.24964900, -0.04503500
0.88584640, 0.46234750, -0.03886960
0.75607010, 0.05549538
0.24035700, 0.26998700, -0.07805600
0.74125440, 0.67106430, -0.01464952
0.76367990, 0.05073249
0.33899200, 0.04677600, -0.07300100
0.94792850, 0.31838220, -0.00801911
0.76251510, 0.10285000
0.37133100, -0.09390700, -0.07320700
0.99231060, 0.12369140, 0.00448156
0.76256250, 0.13556030
0.37589300, -0.32246400, -0.07320500
0.99961510, 0.02766434, 0.00209376
0.76256200, 0.18848060
0.37639800, -0.33774500, 0.37078500
0.99945330, 0.03306170, 0.00000008
0.66024150, 0.19201970
0.37589300, -0.32246400, 0.37048600
0.99961420, 0.02770568, -0.00198637
0.66031060, 0.18848060
0.37133100, -0.09390700, 0.37048500
0.99248330, 0.12227310, -0.00511017
0.66031090, 0.13556030
0.37639900, -0.33774500, -0.07336900
0.99945330, 0.03306169, 0.00000009
0.76259960, 0.19201970
0.25242100, 0.24964900, 0.22369900
-0.59553910, -0.80332640, -0.00000012
0.83869440, 0.53547140
0.21597800, 0.27666600, -0.04503500
-0.32873650, -0.94442170, 0.00000014
0.84906240, 0.47403620
0.25242100, 0.24964900, -0.04503500
-0.59554150, -0.80332450, 0.00000039
0.83869440, 0.47403740
0.21597800, 0.27666600, 0.27121400
-0.06431192, -0.93566380, 0.34698320
0.84906830, 0.54633550
0.25242100, 0.24964900, -0.04503500
-0.13130970, -0.18057890, 0.97475590
0.68972030, 0.21438170
0.32062900, 0.04908900, -0.07300100
-0.01024612, -0.09628820, 0.99530080
0.70433590, 0.26098060
0.33899200, 0.04677600, -0.07300100
-0.00652302, -0.05189155, 0.99863140
0.70851590, 0.26159480
0.21597800, 0.27666600, -0.04503500
-0.02717296, -0.13138520, 0.99095890
0.68146870, 0.20810870
0.32349400, -0.09218200, -0.07320700
-0.00003320, -0.00075949, 0.99999970
0.70433780, 0.29327860
0.37133100, -0.09390700, -0.07320700
-0.00002387, -0.00065339, 0.99999980
0.71526130, 0.29389080
0.32805600, -0.32073900, -0.07320500
-0.00000005, 0.00000699, 1.00000000
0.70434920, 0.34552970
0.37589300, -0.32246400, -0.07320500
-0.00000005, 0.00000699, 1.00000000
0.71527240, 0.34613870
0.37589300, -0.32246400, -0.07320500
0.03253494, 0.99945860, 0.00489453
0.84074030, 0.96936920
0.27823300, -0.32173300, 0.42671800
-0.00985113, 0.99995150, 0.00017426
0.86120020, 0.88999080
0.37589300, -0.32246400, 0.37048600
0.00748352, 0.99997200, 0.00000000
0.84419550, 0.89472780
0.32805600, -0.32073900, -0.07320500
0.00974206, 0.99994810, 0.00296470
0.84882720, 0.97082130
0.37589300, -0.32246400, 0.37048600
-0.49901820, -0.00996471, -0.86653420
0.84419550, 0.89472780
0.27367200, -0.09317600, 0.42671600
-0.31963700, -0.17994180, -0.93029730
0.85979850, 0.85315820
0.37133100, -0.09390700, 0.37048500
-0.44687270, -0.11027020, -0.88777550
0.84168990, 0.85408590
0.27823300, -0.32173300, 0.42671800
-0.34981180, -0.00698728, -0.93679390
0.86120020, 0.88999080
0.27081300, 0.04809500, 0.37729100
-0.16918230, -0.23582200, -0.95695630
0.85876000, 0.82919470
0.33899200, 0.04677500, 0.37156500
-0.08390234, -0.01163473, -0.99640610
0.84760000, 0.83022890
0.27081300, 0.04809500, 0.37729100
0.01139793, 0.99115230, -0.13223930
0.85876000, 0.82919470
0.27016700, 0.05592000, 0.44569700
0.02996368, 0.99310610, -0.11332480
0.85928690, 0.81808910
0.33899200, 0.04677500, 0.37156500
0.00969100, 0.99348400, -0.11355940
0.84760000, 0.83022890
0.07674600, 0.28694100, 0.31819200
0.10180120, -0.84383680, 0.52685480
0.88097130, 0.55706670
0.30162500, 0.03315900, -0.01626600
0.46236420, 0.50719590, 0.72730430
0.47573780, 0.22987540
-0.35711300, -0.18278600, -0.01647200
-0.76957330, 0.34859500, 0.53501270
0.33961950, 0.27120760
0.30571400, -0.16953100, -0.01647100
0.81081200, 0.34603830, 0.47206080
0.47245780, 0.27066110
-0.36111500, 0.01993200, -0.01626600
-0.48222180, 0.48835030, 0.72730750
0.33622740, 0.22975280
0.30601500, -0.18460300, 0.21255100
0.52435090, 0.60222010, 0.60198590
0.47212780, 0.31826620
-0.37340400, -0.33474300, 0.21255300
-0.73238500, 0.08492260, 0.67557410
0.33536310, 0.34762930
0.32805600, -0.32074300, 0.21255300
0.72990580, 0.11817870, 0.67325430
0.47791310, 0.34581480
-0.35681300, -0.19783200, 0.21255100
-0.54575540, 0.58161440, 0.60322110
0.34054980, 0.31893590
0.08185300, 0.06844400, 0.49212500
-0.05213492, 0.97844230, -0.19983180
0.89055240, 0.81028000
-0.28572200, 0.23643300, 0.26724900
-0.47237730, 0.49293480, 0.73066750
0.96413840, 0.54839650
-0.14742100, 0.26033500, 0.30979700
-0.26011770, 0.41289160, 0.87284550
0.93224340, 0.55883190
-0.03509600, 0.28583400, 0.32834200
-0.11345170, 0.49800520, 0.85972060
0.90648510, 0.56033640
0.07735900, 0.29363700, 0.32215200
0.16251590, 0.48703360, 0.85812990
0.88072740, 0.55882820
0.21613500, 0.28448800, 0.27572300
0.45323250, 0.54272430, 0.70712850
0.84883350, 0.54839060
-0.38073900, 0.03509100, -0.07300100
-0.67122540, 0.62466910, 0.39905520
0.32023220, 0.23249700
-0.37796600, -0.10618200, -0.07320700
-0.94822310, -0.00336196, 0.31758720
0.33733570, 0.25642310
-0.37340400, -0.33474400, -0.01647000
-0.99779910, 0.05319718, 0.03958619
0.30626510, 0.28129720
-0.37340400, -0.33473900, -0.07320500
-0.99980090, -0.01995454, -0.00000036
0.30111290, 0.27352880
-0.37340400, -0.33473900, -0.07320500
0.01980415, -0.99980390, -0.00008547
0.54399560, 0.34553030
-0.02267300, -0.32779600, -0.01647000
0.01995434, -0.99980090, 0.00003033
0.62417200, 0.33256360
-0.37340400, -0.33474400, -0.01647000
0.01980414, -0.99980390, -0.00004203
0.54399480, 0.33256390
-0.02267300, -0.32779100, -0.07320500
0.01995436, -0.99980090, -0.00008604
0.62417200, 0.34553070
0.32805600, -0.32074400, -0.01647000
0.02010444, -0.99979790, -0.00004207
0.70434930, 0.33256360
0.32805600, -0.32073900, -0.07320500
0.02010438, -0.99979790, -0.00008540
0.70434920, 0.34552970
0.32805600, -0.32073900, -0.07320500
0.99009200, 0.11736770, 0.07708885
0.51101650, 0.27217900
0.32805600, -0.32074400, -0.01647000
0.98890540, 0.14852190, 0.00273015
0.50599660, 0.28001070
0.32349400, -0.09218200, -0.07320700
0.94646980, 0.01878709, 0.32224520
0.47453000, 0.25578140
0.32062900, 0.04908900, -0.07300100
0.64577030, 0.65094030, 0.39907090
0.49156170, 0.23178430
0.32062900, 0.04908900, -0.07300100
0.64577030, 0.65094030, 0.39907090
0.47804740, 0.21772660
-0.03005400, 0.04203700, -0.07300100
-0.01924889, 0.96445360, 0.26355000
0.40587200, 0.21780510
-0.38073900, 0.03509100, -0.07300100
-0.67122540, 0.62466910, 0.39905520
0.33369630, 0.21788380
-0.37340400, -0.33474300, 0.21255300
-0.73238500, 0.08492260, 0.67557410
0.31487370, 0.32465110
-0.37340400, -0.33474300, 0.21255300
0.01985944, -0.99980280, 0.00008605
0.54399470, 0.28021930
0.32805600, -0.32074300, 0.21255300
0.02004919, -0.99979900, 0.00008605
0.70434950, 0.28021920
0.32805600, -0.32074300, 0.21255300
0.72990580, 0.11817870, 0.67325430
0.49802570, 0.32346510
-0.23058600, -0.33404500, 0.57016600
0.01954751, -0.97941530, -0.20090690
0.35672210, 0.86049270
0.18532300, -0.32574400, 0.57016600
0.01954754, -0.97941530, -0.20090700
0.47784710, 0.86049270
0.18694300, -0.34689100, 0.67341500
0.99828880, 0.05840142, -0.00296999
0.47784700, 0.88709080
0.18693500, -0.34794500, 0.87690900
0.99833840, 0.05753339, 0.00321967
0.47783860, 0.92845410
0.18531500, -0.32679800, 0.98092300
0.01955319, -0.97970530, 0.19948710
0.47783860, 0.95149920
-0.23053600, -0.33509800, 0.98092300
0.01955323, -0.97970540, 0.19948700
0.35673060, 0.95149920
-0.22896500, -0.35519200, 0.67341500
-0.99873140, -0.05032107, -0.00181147
0.35672210, 0.88709080
-0.22891500, -0.35624500, 0.87690900
-0.99713180, -0.07568495, -0.00014591
0.35673060, 0.92845410
-0.23093200, -0.31598900, 0.77366200
-0.99824290, -0.05914789, 0.00355127
0.35672630, 0.90557900
-0.22896500, -0.35519200, 0.67341500
-0.99824290, -0.05914790, 0.00355127
0.35672210, 0.88709080
-0.22227600, -0.35469500, -0.69620400
-0.99652490, -0.08329564, 0.00005054
0.35867230, 0.57991840
-0.22384800, -0.33596100, -0.79441200
0.01959988, -0.98204200, -0.18764180
0.35867230, 0.55815920
0.17866800, -0.32792800, -0.79441200
0.01959985, -0.98204200, -0.18764170
0.47589690, 0.55815920
0.18022300, -0.34725900, -0.48018700
0.99659990, 0.08239292, 0.00024610
0.47588850, 0.62777840
0.18022300, -0.34726800, -0.47714000
0.99662850, 0.08204548, 0.00030290
0.47588840, 0.62845340
0.17865100, -0.32853400, -0.37873700
0.01960124, -0.98211040, 0.18728310
0.47588840, 0.65025540
-0.22380700, -0.33656600, -0.37873700
0.01960125, -0.98211040, 0.18728300
0.35868080, 0.65025540
-0.03576200, -0.34093800, 1.13460100
-0.09490014, -0.18670020, 0.97782260
0.12751400, 0.04165924
-0.43597500, -0.22817800, 1.08563400
-0.58803810, -0.08402637, 0.80445680
0.02115563, 0.01723802
-0.43959600, -0.32060100, 1.07410800
-0.58159430, -0.05382033, 0.81169660
0.02115563, 0.04165924
-0.03279600, -0.24851500, 1.15362000
-0.09525882, -0.19770460, 0.97562220
0.12751400, 0.01723802
-0.03279600, -0.24851500, 1.15362000
0.01230187, 0.92191180, 0.38720440
0.12751400, 0.01723802
-0.42811600, -0.21616900, 1.05398500
-0.24877500, 0.94703640, 0.20305890
0.02231977, 0.01400614
-0.43597500, -0.22817800, 1.08563400
-0.15343340, 0.93591810, 0.31704180
0.02115563, 0.01723802
-0.02964200, -0.23628300, 1.12456800
0.01209130, 0.92109720, 0.38914480
0.12751400, 0.01400614
-0.02964200, -0.23628300, 1.12456800
0.09299446, 0.13309460, -0.98673090
0.12751400, 0.01400614
-0.43285700, -0.32082400, 1.04826000
0.56942070, 0.02929107, -0.82152430
0.02231977, 0.04165924
-0.42811600, -0.21616900, 1.05398500
0.60271100, -0.00072262, -0.79795920
0.02231977, 0.01400614
-0.03346600, -0.34093800, 1.10836500
0.09358672, 0.14899190, -0.98439980
0.12751400, 0.04165924
-0.03346600, -0.34093800, 1.10836500
-0.04964731, -0.99875740, -0.00434217
0.12751400, 0.04165924
-0.43959600, -0.32060100, 1.07410800
-0.04964771, -0.99875740, -0.00434148
0.02115563, 0.04165924
-0.43285700, -0.32082400, 1.04826000
-0.02430704, -0.99481390, -0.09876503
0.02231977, 0.04165924
-0.03576200, -0.34093800, 1.13460100
-0.04964732, -0.99875740, -0.00434214
0.12751400, 0.04165924
-0.45543800, -0.22702700, 1.04328500
-0.99951120, 0.02717892, -0.01544839
0.01535431, 0.01723802
-0.45987300, -0.31945000, 1.04106700
-0.99703930, 0.02909443, 0.07117632
0.01513288, 0.04165924
-0.45543800, -0.22702700, 1.04328500
-0.36364880, 0.93138890, -0.01656320
0.01535431, 0.01723802
-0.45987300, -0.31945000, 1.04106700
0.02271990, -0.96279500, -0.26927620
0.01513288, 0.04165924
-0.44489700, -0.30886600, 1.02063100
0.09001323, -0.02424206, -0.99564550
0.02227810, 0.03869689
-0.44030200, -0.22663300, 1.01519200
0.32277070, -0.04681744, -0.94531860
0.01841537, 0.01696837
-0.44489700, -0.30886600, 1.02063100
0.06589156, -0.90495570, -0.42037290
0.02227810, 0.03869689
-0.44030200, -0.22663300, 1.01519200
-0.31186300, 0.93741430, -0.15490590
0.01841537, 0.01696837
0.37606300, -0.26885300, 1.15667800
0.42852640, -0.13494440, 0.89339530
0.23387200, 0.01723802
0.37244200, -0.36127600, 1.14515200
0.42395340, -0.10418680, 0.89967140
0.23387200, 0.04165924
0.37503600, -0.25639800, 1.12425200
0.30251480, 0.91942160, 0.25129420
0.23270810, 0.01400614
0.37606300, -0.26885300, 1.15667800
0.18824510, 0.91880190, 0.34693920
0.23387200, 0.01723802
0.37029400, -0.36105300, 1.11852700
-0.41275430, 0.07849064, -0.90745420
0.23270810, 0.04165924
0.37503600, -0.25639800, 1.12425200
-0.45243550, 0.05213133, -0.89027210
0.23270810, 0.01400614
0.37244200, -0.36127600, 1.14515200
-0.04964776, -0.99875740, -0.00434421
0.23387200, 0.04165924
0.37029400, -0.36105300, 1.11852700
-0.05773186, -0.99313930, -0.10169220
0.23270810, 0.04165924
0.40258500, -0.27000400, 1.11835200
0.98477080, -0.07221316, 0.15815090
0.23989480, 0.01723802
0.39814900, -0.36242700, 1.11613400
0.96753330, -0.06931012, 0.24305440
0.23967330, 0.04165924
0.40258500, -0.27000400, 1.11835200
0.45156600, 0.89055580, 0.05475841
0.23989480, 0.01723802
0.39814900, -0.36242700, 1.11613400
-0.07110184, -0.95809510, -0.27748560
0.23967330, 0.04165924
0.38806300, -0.35058800, 1.09350600
0.08185616, -0.02383103, -0.99635920
0.23661240, 0.03869689
0.39265800, -0.26835600, 1.08806700
-0.15717690, -0.02277834, -0.98730770
0.23274980, 0.01696837
0.38806300, -0.35058800, 1.09350600
-0.08149549, -0.89757220, -0.43326960
0.23661240, 0.03869689
0.39265800, -0.26835600, 1.08806700
0.42538150, 0.90048720, -0.09040675
0.23274980, 0.01696837
-0.00200800, -0.35127500, -1.19737400
0.09045862, 0.27656920, -0.95672710
0.87449460, 0.04006022
-0.41471900, -0.27236200, -1.20841800
-0.41585580, 0.27053380, -0.86826000
0.76813140, 0.01391214
-0.00873800, -0.25358500, -1.17109500
0.09129551, 0.26454530, -0.96004210
0.87449460, 0.01391214
-0.40731500, -0.36685200, -1.24226100
-0.35226030, 0.31354620, -0.88181710
0.76813150, 0.04006022
-0.00873800, -0.25358500, -1.17109500
-0.03382250, 0.99760870, -0.06027294
0.87449460, 0.01391214
-0.41403700, -0.27144400, -1.17287300
-0.33635270, 0.93368680, 0.12286480
0.76929560, 0.01016861
-0.01224800, -0.25168200, -1.13877400
-0.03359117, 0.99748550, -0.06240451
0.87449460, 0.01016861
-0.41471900, -0.27236200, -1.20841800
-0.22294670, 0.97460650, -0.02090561
0.76813140, 0.01391214
-0.01224800, -0.25168200, -1.13877400
-0.08680329, -0.32640940, 0.94123440
0.87449460, 0.01016861
-0.40497100, -0.37660600, -1.21831100
0.40721080, -0.32167760, 0.85481160
0.76929560, 0.04006022
-0.00410200, -0.36120700, -1.17389500
-0.08803308, -0.31009660, 0.94662050
0.87449460, 0.04006022
-0.41403700, -0.27144400, -1.17287300
0.38873940, -0.34315330, 0.85505990
0.76929560, 0.01016861
-0.00410200, -0.36120700, -1.17389500
0.07774957, -0.92066110, -0.38254170
0.87449460, 0.04006022
-0.40731500, -0.36685200, -1.24226100
-0.02989256, -0.92674820, -0.37449210
0.76813150, 0.04006022
-0.00200800, -0.35127500, -1.19737400
0.07774954, -0.92066120, -0.38254140
0.87449460, 0.04006022
-0.40497100, -0.37660600, -1.21831100
-0.08548372, -0.94242680, -0.32330210
0.76929560, 0.04006022
-0.44099400, -0.28901200, -1.17368900
-0.97821680, -0.01645843, -0.20693220
0.76210830, 0.01391214
-0.43339300, -0.37192800, -1.21377500
-0.95540240, 0.05072995, -0.29091690
0.76233000, 0.03791350
-0.44099400, -0.28901200, -1.17368900
-0.49880570, 0.74480130, 0.44324250
0.76210830, 0.01391214
-0.43339300, -0.37192800, -1.21377500
-0.19212640, -0.95711190, -0.21685070
0.76233000, 0.03791350
-0.42362500, -0.37817300, -1.18402900
0.03850425, -0.42305780, 0.90528420
0.76539130, 0.03664654
-0.43022300, -0.30763900, -1.14868200
0.10605270, -0.43262310, 0.89531560
0.76925400, 0.01359957
-0.42362500, -0.37817300, -1.18402900
-0.18304260, -0.97249200, -0.14406480
0.76539130, 0.03664654
-0.43022300, -0.30763900, -1.14868200
-0.42810110, 0.62664720, 0.65118560
0.76925400, 0.01359957
0.39621900, -0.23966500, -1.12229100
0.56579680, 0.31011680, -0.76400360
0.98085740, 0.01391214
0.40362300, -0.33415500, -1.15613400
0.50324360, 0.34804120, -0.79095720
0.98085740, 0.04006022
0.38802700, -0.23910400, -1.08768900
0.22768250, 0.95642940, 0.18276610
0.97969350, 0.01016861
0.39621900, -0.23966500, -1.12229100
0.14405750, 0.98940430, 0.01806909
0.98085740, 0.01391214
0.39709300, -0.34426600, -1.13312700
-0.61595310, -0.34639330, 0.70754030
0.97969350, 0.04006022
0.38802700, -0.23910400, -1.08768900
-0.53765080, -0.36410290, 0.76050030
0.97969350, 0.01016861
0.40362300, -0.33415500, -1.15613400
0.18144540, -0.91822720, -0.35204600
0.98085740, 0.04006022
0.39709300, -0.34426600, -1.13312700
0.23748500, -0.91848280, -0.31621220
0.97969350, 0.04006022
0.41586700, -0.25446300, -1.08268600
0.99799490, 0.06322531, 0.00295267
0.98665870, 0.01391214
0.42346800, -0.33737900, -1.12277200
0.98855850, 0.13216200, -0.07270077
0.98688050, 0.03791350
0.41586700, -0.25446300, -1.08268600
0.33384530, 0.77837460, 0.53167690
0.98665870, 0.01391214
0.42346800, -0.33737900, -1.12277200
0.33536670, -0.90828790, -0.25008430
0.98688050, 0.03791350
0.40647100, -0.35159700, -1.09002400
-0.25454530, -0.39322020, 0.88350700
0.98323110, 0.03771633
0.40160900, -0.27409900, -1.06033700
-0.22510460, -0.37613980, 0.89880290
0.98359760, 0.01610249
0.40647100, -0.35159700, -1.09002400
0.32865630, -0.91665820, -0.22742650
0.98323110, 0.03771633
0.40160900, -0.27409900, -1.06033700
0.23074080, 0.65321110, 0.72116150
0.98359760, 0.01610249
-0.14292700, 0.04903900, 0.49212500
-0.14096990, 0.59437880, 0.79173310
0.65602080, 0.62981120
-0.03079100, 0.06805200, 0.48881800
-0.05024932, 0.59573270, 0.80160930
0.69206580, 0.62601690
-0.14312700, 0.05908700, 0.48454100
-0.14665190, 0.59921060, 0.78704510
0.65597990, 0.62573550
-0.03053700, 0.05528700, 0.49831500
-0.05200205, 0.59565370, 0.80155630
0.69206990, 0.63116490
-0.33059100, 0.04393000, 0.44569700
-0.19392950, 0.90429530, 0.38031740
0.59382600, 0.62603810
-0.37717700, 0.05547200, 0.41788500
-0.62309870, 0.47535820, 0.62111400
0.57957060, 0.62023060
-0.39873700, 0.03237100, 0.41172700
-0.86241430, 0.48187940, 0.15502850
0.56972740, 0.62288260
-0.03480200, 0.27109000, 0.33931300
-0.13542120, 0.58997320, 0.79598540
0.69200000, 0.54497980
0.07735900, 0.29363700, 0.32215200
0.18075520, 0.58340500, 0.79181200
0.72846570, 0.53902910
-0.03509600, 0.28583400, 0.32834200
-0.12278510, 0.59114960, 0.79716120
0.69199520, 0.53903330
0.07764200, 0.27946200, 0.33285100
0.16089100, 0.59663950, 0.78621590
0.72847090, 0.54477460
0.23285200, 0.26051400, 0.27802600
0.70811040, 0.54870140, 0.44441700
0.78304800, 0.53847400
0.21613500, 0.28448800, 0.27572300
0.45323250, 0.54272430, 0.70712850
0.77523710, 0.53301470
0.24035700, 0.26998700, 0.24175400
0.73120000, 0.67517960, 0.09736032
0.78872250, 0.52913090
0.09446300, 0.08143800, 0.30680200
-0.51610200, 0.80182160, 0.30119910
0.83647770, 0.39293810
0.19039100, 0.06432900, 0.31216200
-0.09140013, -0.50731280, 0.85690120
0.86852200, 0.39770220
0.19922900, 0.08352900, 0.30680200
0.48369860, 0.82177520, 0.30119960
0.87161330, 0.39293810
0.10406000, 0.06260600, 0.31216200
0.11156880, -0.50326250, 0.85690100
0.83956890, 0.39770220
0.19022900, 0.07242400, 0.29033400
-0.10499130, 0.17365630, -0.97919370
0.86852200, 0.39746460
0.10389800, 0.07070100, 0.29033400
0.09797899, 0.17770640, -0.97919380
0.83956890, 0.39746460
0.23495500, -0.00490700, 0.28615400
-0.19617290, -0.34453570, 0.91804750
0.88299850, 0.41945630
0.25331000, -0.00049100, 0.27524000
0.99980090, 0.01995398, -0.00000064
0.88918140, 0.41933750
0.23479400, 0.00318900, 0.26432600
-0.20976540, 0.33643380, -0.91804720
0.88299850, 0.41921820
0.19318900, -0.07586600, 0.26014600
-0.09797806, -0.17770630, 0.97919390
0.86852200, 0.44121010
0.20262400, -0.08660200, 0.24367800
0.51610220, -0.80182150, -0.30119900
0.87161330, 0.44573660
0.19302700, -0.06777000, 0.23831800
-0.11156890, 0.50326250, -0.85690090
0.86852200, 0.44097230
0.10685800, -0.07758900, 0.26014600
0.10499030, -0.17365630, 0.97919380
0.83956890, 0.44121010
0.09785900, -0.08869300, 0.24367800
-0.48369850, -0.82177560, -0.30119880
0.83647770, 0.44573660
0.10669600, -0.06949300, 0.23831800
0.09140005, 0.50731310, -0.85690100
0.83956890, 0.44097230
0.06229400, -0.00835300, 0.28615400
0.20976490, -0.33643390, 0.91804740
0.82509240, 0.41945630
0.04377800, -0.00467300, 0.27524000
-0.99980090, -0.01995385, -0.00000015
0.81890980, 0.41933750
0.06213200, -0.00025700, 0.26432600
0.19617430, 0.34453540, -0.91804740
0.82509240, 0.41921820
0.13765900, -0.07910000, 0.48398000
0.00684590, -0.34301480, 0.93930510
0.84288570, 0.42310780
0.16227700, -0.07860900, 0.48398000
0.00684590, -0.34301470, 0.93930510
0.86803410, 0.42310780
0.14973700, -0.06729200, 0.48820300
0.00684590, -0.34301470, 0.93930510
0.85545990, 0.41219690
0.15019900, -0.09041600, 0.47975600
0.00684591, -0.34301490, 0.93930500
0.85545990, 0.43401880
0.13611800, -0.00187100, 0.27249900
-0.82028630, 0.18174800, -0.54230820
0.84288590, 0.41710440
0.16073600, -0.00138000, 0.27249900
0.81238160, 0.21433190, -0.54230800
0.86803420, 0.41710440
0.14865800, -0.01318800, 0.26827600
0.01135136, -0.56874730, -0.82243400
0.85546010, 0.42801530
0.14819600, 0.00993600, 0.27672300
-0.01925543, 0.96482660, -0.26218090
0.85546010, 0.40619360
0.13765900, -0.07910000, 0.48398000
-0.99980090, -0.01995477, -0.00000062
0.84288570, 0.42310780
0.14973700, -0.06729200, 0.48820300
-0.01874303, 0.93911770, 0.34308410
0.85545990, 0.41219690
0.16227700, -0.07860900, 0.48398000
0.99980090, 0.01995383, 0.00000047
0.86803410, 0.42310780
0.15019900, -0.09041600, 0.47975600
0.01874272, -0.93911770, -0.34308390
0.85545990, 0.43401880
-0.22223500, -0.35530000, -0.47714000
-0.99654230, -0.08308649, -0.00009640
0.35868080, 0.62845340
0.18024000, -0.34666100, -0.69620300
0.99646700, 0.08398543, 0.00009654
0.47589690, 0.57991840
-0.03495100, 0.28741500, -1.03261000
-0.01567129, 0.78722210, -0.61647050
0.14897760, 0.63663510
-0.39873600, 0.03237100, -1.07948600
-0.69174880, 0.26771520, -0.67068040
0.06570457, 0.69321080
-0.28557700, 0.26724400, -1.03076700
-0.25286210, 0.76961160, -0.58630940
0.09412429, 0.63748050
-0.03022500, 0.05059100, -1.09852600
-0.00273708, 0.13714120, -0.99054770
0.14969970, 0.69140630
-0.30920200, 0.25178800, -1.03080000
-0.63746890, 0.57262220, -0.51549710
0.08799875, 0.63872110
0.33872000, 0.04708900, -1.07948600
0.68026700, 0.29316860, -0.67178040
0.23144260, 0.69420640
0.21628000, 0.27726000, -1.03076700
0.22187770, 0.77910520, -0.58631500
0.20378260, 0.63701700
0.24050200, 0.26275900, -1.03080000
0.61124370, 0.59909650, -0.51716970
0.20991870, 0.63820540
-0.03509600, 0.29464300, -0.07932600
-0.03131399, 0.99944840, 0.01106572
0.14806010, 0.42702480
0.21616200, 0.28312700, -0.38066600
0.28607870, 0.95820610, 0.00019210
0.20397690, 0.49374920
-0.03506900, 0.29328200, -0.38066600
-0.01995437, 0.99980090, 0.00014021
0.14834670, 0.49344310
0.21613500, 0.28448800, -0.07932600
0.28710240, 0.95789170, -0.00396790
0.20414080, 0.42728510
0.24038500, 0.26862600, -0.37939600
0.74942210, 0.66209250, -0.00029169
0.21026110, 0.49370810
0.24035700, 0.26998700, -0.07805600
0.74125440, 0.67106430, -0.01464952
0.21052440, 0.42719060
0.33872000, 0.04708900, -0.37872200
0.94827310, 0.31745550, -0.00024959
0.26375060, 0.49413200
0.33872000, 0.04708900, -0.11012800
0.94860140, 0.31646930, -0.00162761
0.26426830, 0.43486520
-0.39873700, 0.03237100, -0.11012800
-0.96039470, 0.27863650, -0.00195471
0.03191581, 0.43585760
-0.30931900, 0.25765500, -0.37939600
-0.77529210, 0.63160280, 0.00023811
0.08642939, 0.49423160
-0.39876000, 0.03210500, -0.37871900
-0.96022130, 0.27924000, 0.00026000
0.03283405, 0.49511350
-0.30934600, 0.25901600, -0.07805600
-0.75849100, 0.65146700, 0.01679672
0.08559439, 0.42771850
-0.28569400, 0.27311100, -0.38066600
-0.32408340, 0.94602850, 0.00019214
0.09271285, 0.49421990
-0.28572200, 0.27447200, -0.07932600
-0.32641410, 0.94440510, 0.03940506
0.09198086, 0.42775930
0.21612300, 0.28512500, -0.79720400
0.28521000, 0.95836410, -0.01391460
0.20365550, 0.58562440
-0.03510800, 0.29528000, -0.79720400
-0.01992048, 0.99969890, -0.01432419
0.14873840, 0.58505150
0.24034500, 0.27062400, -0.79593400
0.74702590, 0.66475530, -0.00726157
0.20947590, 0.58571760
0.33872000, 0.04708900, -0.79441300
0.94861580, 0.31643000, 0.00030921
0.26312310, 0.58596310
-0.30935900, 0.25965300, -0.79593400
-0.77385100, 0.63329790, -0.00940166
0.08799762, 0.58623150
-0.39873700, 0.03237100, -0.79441300
-0.96010910, 0.27962160, -0.00155176
0.03435495, 0.58693140
-0.28573400, 0.27510900, -0.79720400
-0.32327700, 0.94620200, -0.01392009
0.09381662, 0.58608900
0.33872000, 0.04708900, -1.07948600
0.68026700, 0.29316860, -0.67178040
0.26239280, 0.64895370
-0.39873600, 0.03237100, -1.07948600
-0.69174880, 0.26771520, -0.67068040
0.03561726, 0.64991470
-0.37796600, -0.10618200, -0.07320700
0.00011164, -0.00147084, 0.99999890
0.54399470, 0.29121260
-0.39899600, 0.03204700, -0.07300100
0.00011164, -0.00147084, 0.99999890
0.53982950, 0.26159570
-0.42569600, -0.10981500, -0.07320700
0.00011164, -0.00147084, 0.99999890
0.53549400, 0.29243820
-0.39899600, 0.03204700, -0.07300100
0.00024120, -0.00145113, 0.99999890
0.53982950, 0.26159570
-0.37796600, -0.10618200, -0.07320700
0.00024120, -0.00145113, 0.99999890
0.54399470, 0.29121260
-0.38073900, 0.03509100, -0.07300100
0.00024120, -0.00145113, 0.99999890
0.54400940, 0.26098120
-0.37340400, -0.33473900, -0.07320500
-0.00000093, 0.00000697, 1.00000000
0.54399560, 0.34553030
-0.42569600, -0.10981500, -0.07320700
-0.00000093, 0.00000697, 1.00000000
0.53549400, 0.29243820
-0.42113500, -0.33837100, -0.07320500
-0.00000093, 0.00000697, 1.00000000
0.53426800, 0.34581270
-0.42569600, -0.10981500, -0.07320700
-0.00000083, 0.00000699, 1.00000000
0.53549400, 0.29243820
-0.37340400, -0.33473900, -0.07320500
-0.00000083, 0.00000699, 1.00000000
0.54399560, 0.34553030
-0.37796600, -0.10618200, -0.07320700
-0.00000083, 0.00000699, 1.00000000
0.54399470, 0.29121260
0.37133100, -0.09390700, 0.37048500
0.99242090, 0.12288530, 0.00000024
0.66031060, 0.13556030
0.33899200, 0.04677600, -0.07300100
0.97458230, 0.22402970, 0.00000023
0.76251510, 0.10285000
0.33899200, 0.04677500, 0.37156500
0.97458240, 0.22402930, 0.00000005
0.66006190, 0.10285000
0.37133200, -0.09390700, -0.07320700
0.99245670, 0.12259580, 0.00000027
0.76256210, 0.13556030
0.37589300, -0.32246400, -0.07320500
0.99980090, 0.01995445, 0.00000031
0.76256250, 0.18848060
0.37589300, -0.32246400, 0.37048600
0.99980090, 0.01995421, 0.00000043
0.66031100, 0.18848060
0.34302700, -0.09765400, 0.35364000
-0.99138020, -0.13101630, -0.00000009
0.86446650, 0.61975690
0.31090100, 0.03232400, -0.05614700
-0.97078750, -0.23994070, -0.00000013
0.96189660, 0.58610120
0.34302700, -0.09765400, -0.05633700
-0.99142130, -0.13070510, -0.00000020
0.96194180, 0.61975690
0.31090100, 0.03232400, 0.35463800
-0.97078780, -0.23993980, 0.00000015
0.86422920, 0.58610120
0.34724300, -0.30889200, -0.05633600
-0.99980090, -0.01995450, -0.00000022
0.96194140, 0.67420670
0.34724300, -0.30889200, 0.35364100
-0.99980090, -0.01995438, -0.00000028
0.86446630, 0.67420670
0.33899200, 0.04677500, 0.37156500
-0.45746260, 0.88922880, 0.00000001
0.86020460, 0.58252200
0.31090100, 0.03232400, -0.05614700
-0.45746260, 0.88922880, 0.00000001
0.96189660, 0.58610120
0.31090100, 0.03232400, 0.35463800
-0.45746260, 0.88922880, 0.00000001
0.86422920, 0.58610120
0.31090100, 0.03232400, -0.05614700
-0.45746500, 0.88922760, 0.00000020
0.96189660, 0.58610120
0.33899200, 0.04677500, 0.37156500
-0.45746500, 0.88922760, 0.00000020
0.86020460, 0.58252200
0.33899200, 0.04677600, -0.07300100
-0.45746500, 0.88922760, 0.00000020
0.96590370, 0.58252200
0.33899200, 0.04677600, -0.07300100
-0.47243270, -0.11403050, -0.87395900
0.96590370, 0.58252200
0.34302700, -0.09765400, -0.05633700
-0.50275310, -0.06183012, -0.86221600
0.96194180, 0.61975690
0.31090100, 0.03232400, -0.05614700
-0.46725040, -0.11420410, -0.87671800
0.96189660, 0.58610120
0.37133200, -0.09390700, -0.07320700
-0.50490920, -0.06199303, -0.86094340
0.96595260, 0.61893700
0.34724300, -0.30889200, -0.05633600
-0.51093810, -0.01020368, -0.85955690
0.96194140, 0.67420670
0.37589300, -0.32246400, -0.07320500
-0.51093800, -0.01020368, -0.85955700
0.96595220, 0.67785100
0.37589300, -0.32246400, -0.07320500
-0.42809550, -0.90373360, -0.00000029
0.96595220, 0.67785100
0.34724300, -0.30889200, 0.35364100
-0.42809550, -0.90373360, -0.00000029
0.86446630, 0.67420670
0.34724300, -0.30889200, -0.05633600
-0.42809550, -0.90373360, -0.00000029
0.96194140, 0.67420670
0.34724300, -0.30889200, 0.35364100
-0.42809610, -0.90373320, -0.00000034
0.86446630, 0.67420670
0.37589300, -0.32246400, -0.07320500
-0.42809610, -0.90373320, -0.00000034
0.96595220, 0.67785100
0.37589300, -0.32246400, 0.37048600
-0.42809610, -0.90373320, -0.00000034
0.86046120, 0.67785100
0.37589300, -0.32246400, 0.37048600
-0.51039220, -0.01018146, 0.85988150
0.86046120, 0.67785100
0.34302700, -0.09765400, 0.35364000
-0.50336200, -0.06954480, 0.86127250
0.86446650, 0.61975690
0.34724300, -0.30889200, 0.35364100
-0.51039220, -0.01018146, 0.85988150
0.86446630, 0.67420670
0.37133100, -0.09390700, 0.37048500
-0.50112320, -0.06879158, 0.86263740
0.86046150, 0.61893700
0.31090100, 0.03232400, 0.35463800
-0.47229000, -0.11641300, 0.87372200
0.86422920, 0.58610120
0.33899200, 0.04677500, 0.37156500
-0.46884790, -0.11450110, 0.87582600
0.86020460, 0.58252200
-0.14708400, 0.24345500, 0.32253800
-0.31332770, 0.56784200, 0.76117090
0.65517310, 0.54531120
-0.14742100, 0.26033500, 0.30979700
-0.31185730, 0.55910190, 0.76821230
0.65510430, 0.53846410
-0.30422300, 0.21195100, 0.26900900
-0.71500720, 0.58336600, 0.38529060
0.59985540, 0.53923370
-0.28572200, 0.23643300, 0.26724900
-0.47237730, 0.49293480, 0.73066750
0.60726460, 0.53286700
-0.30934600, 0.22097700, 0.23328000
-0.77829230, 0.61686300, 0.11722270
0.59141060, 0.53464030
0.08166300, 0.07798400, 0.48492500
0.11637060, 0.59958910, 0.79180220
0.72854580, 0.62644140
0.08185300, 0.06844400, 0.49212500
0.09949327, 0.60341750, 0.79119430
0.72854940, 0.63030790
0.31710900, 0.06906300, 0.41835000
0.59987210, 0.44502450, 0.66491100
0.80762080, 0.61959250
0.27016700, 0.05592000, 0.44569700
0.24977740, 0.63282720, 0.73289910
0.79164270, 0.62556230
0.33872000, 0.04708900, 0.41172700
0.64623990, 0.44178070, 0.62225710
0.81466000, 0.61530230
-0.39899600, 0.03204600, 0.37156500
0.84324550, -0.52057390, -0.13393970
0.34038770, 0.10277990
-0.30422300, 0.21195100, 0.26900900
0.84324550, -0.52057390, -0.13393970
0.31269570, 0.05361688
-0.37717700, 0.05547200, 0.41788500
0.84324550, -0.52057390, -0.13393970
0.34964360, 0.10270600
-0.30422300, 0.21195100, 0.26900900
0.84042760, -0.52321280, -0.14117300
0.31269570, 0.05361688
-0.39899600, 0.03204600, 0.37156500
0.84042760, -0.52321280, -0.14117300
0.34038770, 0.10277990
-0.32058900, 0.20017500, 0.21522400
0.84042760, -0.52321280, -0.14117300
0.30630910, 0.05542308
0.33899200, 0.04677500, 0.37156500
-0.83934660, -0.50492910, -0.20135510
0.66006190, 0.10285000
0.23285200, 0.26051400, 0.27802600
-0.83934660, -0.50492910, -0.20135510
0.68997790, 0.05073249
0.25242100, 0.24964900, 0.22369900
-0.83934660, -0.50492910, -0.20135510
0.69413880, 0.05549514
0.23285200, 0.26051400, 0.27802600
-0.85331690, -0.49518250, -0.16323160
0.68997790, 0.05073249
0.33899200, 0.04677500, 0.37156500
-0.85331690, -0.49518250, -0.16323160
0.66006190, 0.10285000
0.31710900, 0.06906300, 0.41835000
-0.85331690, -0.49518250, -0.16323160
0.65335850, 0.09938508
-0.43233600, -0.10981700, 0.36103000
-0.96812620, 0.08364329, 0.23608360
0.34013860, 0.13549170
-0.51490600, 0.00893700, -0.08236300
-0.95595560, 0.18527530, 0.22764440
0.23792970, 0.10277990
-0.53918000, -0.13273000, -0.06899500
-0.96814630, 0.08335276, 0.23610420
0.23788240, 0.13549170
-0.40785200, 0.03189600, 0.34851000
-0.95595570, 0.18527480, 0.22764430
0.34038770, 0.10277990
-0.53203200, -0.36098400, -0.05860700
-0.97006930, -0.01936091, 0.24205500
0.23788280, 0.18841420
-0.42518800, -0.33807100, 0.37141700
-0.97006930, -0.01936088, 0.24205500
0.34013880, 0.18841420
-0.40876800, -0.11331400, 0.33798000
0.96752910, -0.09179763, -0.23550070
0.96163100, 0.73328750
-0.48288900, -0.00351000, -0.07226500
0.95308300, -0.20130140, -0.22607660
0.86389330, 0.69973770
-0.38396900, 0.01770400, 0.32586700
0.95308320, -0.20130070, -0.22607650
0.96186910, 0.69973770
-0.50749300, -0.13448600, -0.05936900
0.96755320, -0.09148548, -0.23552340
0.86384800, 0.73328750
-0.50088700, -0.34544500, -0.04976800
0.97006930, 0.01936097, -0.24205490
0.86384840, 0.78756590
-0.40216200, -0.32427200, 0.34758100
0.97006930, 0.01936119, -0.24205510
0.96163120, 0.78756590
-0.40785200, 0.03189600, 0.34851000
0.39838720, 0.90532490, -0.14722270
0.96590630, 0.69616980
-0.48288900, -0.00351000, -0.07226500
0.39838720, 0.90532490, -0.14722270
0.86389330, 0.69973770
-0.51490600, 0.00893700, -0.08236300
0.39838720, 0.90532490, -0.14722270
0.85987360, 0.69616980
-0.48288900, -0.00351000, -0.07226500
0.39838860, 0.90532420, -0.14722290
0.86389330, 0.69973770
-0.40785200, 0.03189600, 0.34851000
0.39838860, 0.90532420, -0.14722290
0.96590630, 0.69616980
-0.38396900, 0.01770400, 0.32586700
0.39838860, 0.90532420, -0.14722290
0.96186910, 0.69973770
-0.51490600, 0.00893700, -0.08236300
0.25322310, -0.14036610, -0.95717050
0.85987360, 0.69616980
-0.50749300, -0.13448600, -0.05936900
0.28279600, -0.08647836, -0.95527370
0.86384800, 0.73328750
-0.53918000, -0.13273000, -0.06899500
0.28520040, -0.08649068, -0.95455750
0.85982450, 0.73247020
-0.48288900, -0.00351000, -0.07226500
0.24754480, -0.14088540, -0.95857860
0.86389330, 0.69973770
-0.50088700, -0.34544500, -0.04976800
0.28875750, -0.03450188, -0.95678040
0.86384840, 0.78756590
-0.53203200, -0.36098400, -0.05860700
0.28875750, -0.03450187, -0.95678040
0.85982500, 0.79119870
-0.53203200, -0.36098400, -0.05860700
0.46067540, -0.88501330, -0.06730230
0.85982500, 0.79119870
-0.40216200, -0.32427200, 0.34758100
0.46067540, -0.88501330, -0.06730230
0.96163120, 0.78756590
-0.42518800, -0.33807100, 0.37141700
0.46067540, -0.88501330, -0.06730230
0.96564890, 0.79119870
-0.40216200, -0.32427200, 0.34758100
0.46067590, -0.88501300, -0.06730251
0.96163120, 0.78756590
-0.53203200, -0.36098400, -0.05860700
0.46067590, -0.88501300, -0.06730251
0.85982500, 0.79119870
-0.50088700, -0.34544500, -0.04976800
0.46067590, -0.88501300, -0.06730251
0.86384840, 0.78756590
-0.42518800, -0.33807100, 0.37141700
0.70227870, 0.05429552, 0.70982860
0.96564890, 0.79119870
-0.40876800, -0.11331400, 0.33798000
0.69880440, -0.00514691, 0.71529430
0.96163100, 0.73328750
-0.43233600, -0.10981700, 0.36103000
0.69692510, -0.00441284, 0.71713040
0.96564870, 0.73247020
-0.40216200, -0.32427200, 0.34758100
0.70227860, 0.05429553, 0.70982870
0.96163120, 0.78756590
-0.38396900, 0.01770400, 0.32586700
0.67405870, -0.05249434, 0.73681010
0.96186910, 0.69973770
-0.40785200, 0.03189600, 0.34851000
0.67113240, -0.05061303, 0.73960780
0.96590630, 0.69616980
0.27871100, -0.29615400, 0.85899700
0.00000005, -0.25881900, 0.96592580
0.41976960, 0.03872603
0.42036200, -0.25112100, 0.85899700
0.00000012, 0.25881810, 0.96592610
0.43207480, 0.07210439
0.27871100, -0.25112100, 0.85899800
0.00000004, 0.25881840, 0.96592600
0.43207480, 0.03872603
0.42036200, -0.29615500, 0.85899700
0.00000038, -0.25882070, 0.96592540
0.41976960, 0.07210439
0.42036200, -0.21212000, 0.83648100
-0.00000027, 0.70710590, 0.70710770
0.44437980, 0.07210439
0.27871100, -0.21212000, 0.83648100
-0.00000081, 0.70710700, 0.70710650
0.44437980, 0.03872603
0.42036200, -0.18960300, 0.79748000
-0.00000081, 0.96592590, 0.25881880
0.45668490, 0.07210439
0.27871100, -0.18960400, 0.79748000
-0.00000077, 0.96592590, 0.25881890
0.45668490, 0.03872603
0.42036200, -0.18960400, 0.75244700
-0.00000054, 0.96592580, -0.25881900
0.46899010, 0.07210439
0.27871100, -0.18960400, 0.75244700
-0.00000021, 0.96592610, -0.25881800
0.46899010, 0.03872603
0.42036200, -0.21212000, 0.71344600
-0.00000014, 0.70710730, -0.70710620
0.48129510, 0.07210439
0.27871100, -0.21212000, 0.71344600
-0.00000001, 0.70710770, -0.70710580
0.48129510, 0.03872603
0.42036200, -0.25112100, 0.69092900
0.00000026, 0.25881920, -0.96592580
0.49360020, 0.07210439
0.27871100, -0.25112100, 0.69092900
-0.00000010, 0.25881810, -0.96592610
0.49360020, 0.03872603
0.42036200, -0.29615400, 0.69092900
-0.00000035, -0.25882040, -0.96592550
0.50315990, 0.07210439
0.27871100, -0.29615400, 0.69092900
-0.00000032, -0.25881990, -0.96592560
0.50315990, 0.03872603
0.27871100, -0.29615400, 0.69092900
-0.00000032, -0.25881990, -0.96592560
0.36098950, 0.03872603
0.42036200, -0.33515500, 0.71344600
-0.00000028, -0.70710620, -0.70710740
0.37054910, 0.07210439
0.27871100, -0.33515500, 0.71344600
0.00000008, -0.70710550, -0.70710800
0.37054910, 0.03872603
0.42036200, -0.29615400, 0.69092900
-0.00000035, -0.25882040, -0.96592550
0.36098950, 0.07210439
0.42036200, -0.35767200, 0.75244600
0.00000023, -0.96592560, -0.25881970
0.38285420, 0.07210416
0.27871100, -0.35767200, 0.75244700
0.00000023, -0.96592560, -0.25881980
0.38285420, 0.03872603
0.42036300, -0.35767200, 0.79748000
0.00000041, -0.96592580, 0.25881900
0.39515930, 0.07210439
0.27871200, -0.35767200, 0.79748000
0.00000083, -0.96592620, 0.25881760
0.39515930, 0.03872603
0.42036200, -0.33515500, 0.83648000
0.00000084, -0.70710850, 0.70710500
0.40746450, 0.07210439
0.27871100, -0.33515500, 0.83648100
0.00000058, -0.70710780, 0.70710570
0.40746450, 0.03872603
0.27871100, -0.25112100, 0.85899800
-1.00000000, -0.00000084, -0.00000034
0.63379700, 0.04557103
0.27871100, -0.25112100, 0.69092900
-1.00000000, -0.00000052, -0.00000065
0.59589530, 0.05567497
0.27871100, -0.29615400, 0.85899700
-1.00000000, -0.00000064, -0.00000017
0.63650690, 0.05568701
0.27871100, -0.21212000, 0.83648100
-1.00000000, -0.00000028, -0.00000032
0.62635340, 0.03815264
0.27871100, -0.18960400, 0.79748000
-1.00000000, -0.00000056, -0.00000021
0.61617620, 0.03544921
0.27871100, -0.18960400, 0.75244700
-1.00000000, -0.00000071, -0.00000022
0.60602960, 0.03818280
0.27871100, -0.21212000, 0.71344600
-1.00000000, 0.00000127, -0.00000220
0.59863190, 0.04557151
0.27871100, -0.33515500, 0.71344600
-1.00000000, -0.00000127, -0.00000220
0.60603490, 0.07318419
0.27871100, -0.29615400, 0.69092900
-1.00000000, -0.00000127, -0.00000220
0.59859110, 0.06575209
0.27871100, -0.35767200, 0.75244700
-1.00000000, 0.00000092, 0.00000159
0.61620000, 0.07590348
0.27871200, -0.35767200, 0.79748000
-1.00000000, -0.00000134, -0.00000026
0.62635950, 0.07318550
0.27871100, -0.33515500, 0.83648100
-1.00000000, -0.00000102, -0.00000059
0.63378380, 0.06578511
0.42036200, -0.29615500, 0.85899700
1.00000000, 0.00000229, -0.00000007
0.63650690, 0.05566472
0.42036200, -0.25112100, 0.69092900
1.00000000, 0.00000064, 0.00000060
0.59589530, 0.05567676
0.42036200, -0.25112100, 0.85899700
1.00000000, 0.00000186, 0.00000045
0.63378380, 0.04556626
0.42036200, -0.21212000, 0.83648100
1.00000000, -0.00000119, 0.00000032
0.62635970, 0.03816634
0.42036200, -0.18960300, 0.79748000
1.00000000, 0.00000000, 0.00000000
0.61620010, 0.03544837
0.42036200, -0.18960400, 0.75244700
1.00000000, 0.00000000, 0.00000000
0.60603500, 0.03816754
0.42036200, -0.21212000, 0.71344600
1.00000000, 0.00000000, 0.00000000
0.59859140, 0.04559952
0.42036200, -0.29615400, 0.69092900
1.00000000, 0.00000254, 0.00000779
0.59863190, 0.06577986
0.42036200, -0.33515500, 0.71344600
1.00000000, 0.00000074, 0.00000106
0.60602940, 0.07316881
0.42036200, -0.35767200, 0.75244600
1.00000000, -0.00000078, -0.00000197
0.61617640, 0.07590276
0.42036300, -0.35767200, 0.79748000
1.00000000, 0.00000074, -0.00000070
0.62635340, 0.07319909
0.42036200, -0.33515500, 0.83648000
1.00000000, 0.00000082, -0.00000032
0.63379690, 0.06578046
-0.31616000, -0.29615500, 0.85899700
0.00000031, -0.25881840, 0.96592600
0.41976960, 0.03872603
-0.45781100, -0.25112100, 0.85899700
-0.00000007, 0.25881820, 0.96592610
0.43207480, 0.07210439
-0.45781100, -0.29615500, 0.85899700
-0.00000005, -0.25881970, 0.96592560
0.41976960, 0.07210439
-0.31616000, -0.25112100, 0.85899700
-0.00000004, 0.25881830, 0.96592610
0.43207480, 0.03872603
-0.45781100, -0.21212100, 0.83648000
-0.00000012, 0.70710700, 0.70710650
0.44437980, 0.07210439
-0.31616000, -0.21212100, 0.83648000
-0.00000056, 0.70710620, 0.70710740
0.44437980, 0.03872603
-0.45781100, -0.18960400, 0.79748000
-0.00000059, 0.96592580, 0.25881900
0.45668490, 0.07210439
-0.31616000, -0.18960400, 0.79748000
-0.00000100, 0.96592560, 0.25882010
0.45668490, 0.03872603
-0.45781100, -0.18960400, 0.75244600
-0.00000043, 0.96592630, -0.25881730
0.46899010, 0.07210439
-0.31616000, -0.18960400, 0.75244600
-0.00000066, 0.96592660, -0.25881630
0.46899010, 0.03872603
-0.45781100, -0.21212100, 0.71344600
-0.00000047, 0.70710680, -0.70710680
0.48129510, 0.07210439
-0.31616000, -0.21212100, 0.71344600
-0.00000076, 0.70710740, -0.70710620
0.48129510, 0.03872603
-0.45781100, -0.25112100, 0.69092900
-0.00000066, 0.25881750, -0.96592620
0.49360020, 0.07210439
-0.31616000, -0.25112100, 0.69092900
0.00000001, 0.25881570, -0.96592670
0.49360020, 0.03872603
-0.45781100, -0.29615500, 0.69092900
0.00000047, -0.25881720, -0.96592630
0.50315990, 0.07210439
-0.31616000, -0.29615500, 0.69092900
0.00000126, -0.25881960, -0.96592570
0.50315990, 0.03872603
-0.31616000, -0.29615500, 0.69092900
0.00000126, -0.25881960, -0.96592570
0.36098950, 0.03872603
-0.45781100, -0.33515500, 0.71344600
0.00000160, -0.70710660, -0.70710690
0.37054910, 0.07210439
-0.45781100, -0.29615500, 0.69092900
0.00000047, -0.25881720, -0.96592630
0.36098950, 0.07210439
-0.31616000, -0.33515500, 0.71344600
0.00000080, -0.70710490, -0.70710860
0.37054910, 0.03872603
-0.45781100, -0.35767200, 0.75244600
0.00000090, -0.96592580, -0.25881910
0.38285420, 0.07210416
-0.31616000, -0.35767200, 0.75244600
0.00000043, -0.96592530, -0.25882080
0.38285420, 0.03872603
-0.45781100, -0.35767200, 0.79748000
0.00000099, -0.96592610, 0.25881810
0.39515930, 0.07210439
-0.31616000, -0.35767200, 0.79748000
0.00000110, -0.96592610, 0.25881810
0.39515930, 0.03872603
-0.45781100, -0.33515500, 0.83648000
0.00000053, -0.70710750, 0.70710610
0.40746450, 0.07210439
-0.31616000, -0.33515500, 0.83648000
0.00000055, -0.70710720, 0.70710630
0.40746450, 0.03872603
-0.31616000, -0.25112100, 0.85899700
1.00000000, 0.00000016, 0.00000068
0.63379700, 0.04557103
-0.31616000, -0.29615500, 0.85899700
1.00000000, -0.00000017, 0.00000064
0.63650690, 0.05568701
-0.31616000, -0.25112100, 0.69092900
1.00000000, 0.00000056, -0.00000029
0.59589530, 0.05567497
-0.31616000, -0.21212100, 0.83648000
1.00000000, 0.00000055, 0.00000064
0.62635340, 0.03815264
-0.31616000, -0.18960400, 0.79748000
1.00000000, 0.00000068, 0.00000068
0.61617620, 0.03544921
-0.31616000, -0.18960400, 0.75244600
1.00000000, 0.00000026, 0.00000067
0.60602960, 0.03818280
-0.31616000, -0.21212100, 0.71344600
1.00000000, 0.00000567, -0.00000474
0.59863190, 0.04557151
-0.31616000, -0.33515500, 0.71344600
1.00000000, 0.00000029, 0.00000109
0.60603490, 0.07318419
-0.31616000, -0.29615500, 0.69092900
1.00000000, -0.00000127, -0.00000474
0.59859110, 0.06575209
-0.31616000, -0.35767200, 0.75244600
1.00000000, -0.00000034, 0.00000035
0.61620000, 0.07590348
-0.31616000, -0.35767200, 0.79748000
1.00000000, 0.00000025, 0.00000079
0.62635950, 0.07318550
-0.31616000, -0.33515500, 0.83648000
1.00000000, 0.00000003, 0.00000080
0.63378380, 0.06578511
-0.45781100, -0.29615500, 0.85899700
-1.00000000, -0.00000073, -0.00000065
0.63650690, 0.05566472
-0.45781100, -0.25112100, 0.85899700
-1.00000000, -0.00000050, -0.00000045
0.63378380, 0.04556626
-0.45781100, -0.25112100, 0.69092900
-1.00000000, 0.00000036, 0.00000021
0.59589530, 0.05567676
-0.45781100, -0.21212100, 0.83648000
-1.00000000, -0.00000011, -0.00000076
0.62635970, 0.03816634
-0.45781100, -0.18960400, 0.79748000
-1.00000000, 0.00000233, -0.00000134
0.61620010, 0.03544837
-0.45781100, -0.18960400, 0.75244600
-1.00000000, 0.00000147, -0.00000085
0.60603500, 0.03816754
-0.45781100, -0.21212100, 0.71344600
-1.00000000, 0.00000147, -0.00000085
0.59859140, 0.04559952
-0.45781100, -0.29615500, 0.69092900
-1.00000000, 0.00000169, 0.00000632
0.59863190, 0.06577986
-0.45781100, -0.33515500, 0.71344600
-1.00000000, 0.00000045, 0.00000167
0.60602940, 0.07316881
-0.45781100, -0.35767200, 0.75244600
-1.00000000, -0.00000022, 0.00000023
0.61617640, 0.07590276
-0.45781100, -0.35767200, 0.79748000
-1.00000000, -0.00000070, -0.00000034
0.62635340, 0.07319909
-0.45781100, -0.33515500, 0.83648000
-1.00000000, -0.00000122, -0.00000070
0.63379690, 0.06578046
0.27871200, -0.18881500, -0.58746000
-0.00000027, 1.00000000, -0.00000026
0.41976960, 0.03872603
0.42036300, -0.20047000, -0.63095900
-0.00000010, 0.86602630, -0.49999830
0.43207480, 0.07210439
0.27871200, -0.20047000, -0.63095900
-0.00000022, 0.86602610, -0.49999880
0.43207480, 0.03872603
0.42036300, -0.18881500, -0.58746000
-0.00000013, 1.00000000, 0.00000006
0.41976960, 0.07210439
0.42036300, -0.23231400, -0.66280300
-0.00000008, 0.49999950, -0.86602570
0.44437980, 0.07210439
0.27871100, -0.23231400, -0.66280300
-0.00000022, 0.49999920, -0.86602590
0.44437980, 0.03872603
0.42036300, -0.27581300, -0.67445800
0.00000001, 0.00000069, -1.00000000
0.45668490, 0.07210439
0.27871200, -0.27581300, -0.67445800
0.00000000, 0.00000080, -1.00000000
0.45668490, 0.03872603
0.42036300, -0.31931200, -0.66280300
0.00000027, -0.49999920, -0.86602590
0.46899010, 0.07210439
0.27871200, -0.31931200, -0.66280300
0.00000027, -0.49999930, -0.86602580
0.46899010, 0.03872603
0.42036300, -0.35115600, -0.63095900
0.00000047, -0.86602620, -0.49999860
0.48129510, 0.07210439
0.27871200, -0.35115600, -0.63095900
0.00000039, -0.86602630, -0.49999830
0.48129510, 0.03872603
0.42036300, -0.36281100, -0.58746000
0.00000035, -1.00000000, 0.00000029
0.49360020, 0.07210439
0.27871200, -0.36281100, -0.58746000
0.00000049, -1.00000000, -0.00000031
0.49360020, 0.03872603
0.42036300, -0.35115600, -0.54396100
0.00000035, -0.86602530, 0.50000020
0.50315990, 0.07210439
0.27871200, -0.35115600, -0.54396100
0.00000072, -0.86602590, 0.49999920
0.50315990, 0.03872603
0.27871200, -0.35115600, -0.54396100
0.00000072, -0.86602590, 0.49999920
0.36098950, 0.03872603
0.42036300, -0.31931200, -0.51211700
0.00000058, -0.49999990, 0.86602540
0.37054910, 0.07210439
0.27871200, -0.31931200, -0.51211700
0.00000052, -0.49999950, 0.86602570
0.37054910, 0.03872603
0.42036300, -0.35115600, -0.54396100
0.00000035, -0.86602530, 0.50000020
0.36098950, 0.07210439
0.42036300, -0.27581300, -0.50046100
0.00000022, -0.00000058, 1.00000000
0.38285420, 0.07210416
0.27871200, -0.27581300, -0.50046100
0.00000003, -0.00000005, 1.00000000
0.38285420, 0.03872603
0.42036300, -0.23231400, -0.51211700
-0.00000016, 0.49999850, 0.86602630
0.39515930, 0.07210439
0.27871200, -0.23231400, -0.51211700
-0.00000006, 0.49999820, 0.86602650
0.39515930, 0.03872603
0.42036200, -0.20047000, -0.54396000
-0.00000008, 0.86602510, 0.50000050
0.40746450, 0.07210439
0.27871200, -0.20047000, -0.54396000
-0.00000014, 0.86602530, 0.50000030
0.40746450, 0.03872603
0.27871200, -0.20047000, -0.63095900
-1.00000000, -0.00000030, 0.00000062
0.63379700, 0.04557103
0.27871200, -0.36281100, -0.58746000
-1.00000000, -0.00000062, 0.00000028
0.59589530, 0.05567497
0.27871200, -0.18881500, -0.58746000
-1.00000000, -0.00000077, -0.00000066
0.63650690, 0.05568701
0.27871100, -0.23231400, -0.66280300
-1.00000000, -0.00000041, 0.00000183
0.62635340, 0.03815264
0.27871200, -0.27581300, -0.67445800
-1.00000000, -0.00000174, -0.00000087
0.61617620, 0.03544921
0.27871200, -0.31931200, -0.66280300
-1.00000000, 0.00000053, 0.00000132
0.60602960, 0.03818280
0.27871200, -0.35115600, -0.63095900
-1.00000000, 0.00000240, 0.00000240
0.59863190, 0.04557151
0.27871200, -0.31931200, -0.51211700
-1.00000000, -0.00000144, -0.00000018
0.60603490, 0.07318419
0.27871200, -0.35115600, -0.54396100
-1.00000000, -0.00000327, 0.00000088
0.59859110, 0.06575209
0.27871200, -0.27581300, -0.50046100
-1.00000000, -0.00000051, -0.00000103
0.61620000, 0.07590348
0.27871200, -0.23231400, -0.51211700
-1.00000000, -0.00000055, -0.00000082
0.62635950, 0.07318550
0.27871200, -0.20047000, -0.54396000
-1.00000000, -0.00000072, -0.00000038
0.63378380, 0.06578511
0.42036300, -0.18881500, -0.58746000
1.00000000, 0.00000000, 0.00000044
0.63650690, 0.05566472
0.42036300, -0.36281100, -0.58746000
1.00000000, 0.00000100, 0.00000025
0.59589530, 0.05567676
0.42036300, -0.20047000, -0.63095900
1.00000000, 0.00000000, 0.00000000
0.63378380, 0.04556626
0.42036300, -0.23231400, -0.66280300
1.00000000, 0.00000036, 0.00000062
0.62635970, 0.03816634
0.42036300, -0.27581300, -0.67445800
1.00000000, 0.00000102, 0.00000190
0.61620010, 0.03544837
0.42036300, -0.31931200, -0.66280300
1.00000000, 0.00000053, 0.00000132
0.60603500, 0.03816754
0.42036300, -0.35115600, -0.63095900
1.00000000, 0.00000240, 0.00000240
0.59859140, 0.04559952
0.42036300, -0.35115600, -0.54396100
1.00000000, 0.00000567, -0.00000327
0.59863190, 0.06577986
0.42036300, -0.31931200, -0.51211700
1.00000000, 0.00000057, -0.00000033
0.60602940, 0.07316881
0.42036300, -0.27581300, -0.50046100
1.00000000, 0.00000000, 0.00000000
0.61617640, 0.07590276
0.42036300, -0.23231400, -0.51211700
1.00000000, 0.00000031, -0.00000053
0.62635340, 0.07319909
0.42036200, -0.20047000, -0.54396000
1.00000000, 0.00000018, 0.00000022
0.63379690, 0.06578046
-0.31616000, -0.18881500, -0.58746000
-0.00000043, 1.00000000, -0.00000031
0.41976960, 0.03872603
-0.45781100, -0.20047100, -0.63095900
-0.00000039, 0.86602600, -0.49999890
0.43207480, 0.07210439
-0.45781100, -0.18881500, -0.58746000
-0.00000024, 1.00000000, -0.00000071
0.41976960, 0.07210439
-0.31616000, -0.20047000, -0.63095900
-0.00000036, 0.86602600, -0.49999890
0.43207480, 0.03872603
-0.45781100, -0.23231400, -0.66280300
0.00000028, 0.50000090, -0.86602490
0.44437980, 0.07210439
-0.31616000, -0.23231400, -0.66280300
0.00000041, 0.50000080, -0.86602490
0.44437980, 0.03872603
-0.45781100, -0.27581300, -0.67445800
0.00000073, -0.00000034, -1.00000000
0.45668490, 0.07210439
-0.31616000, -0.27581300, -0.67445800
-0.00000011, 0.00000208, -1.00000000
0.45668490, 0.03872603
-0.45781100, -0.31931300, -0.66280300
-0.00000008, -0.50000060, -0.86602510
0.46899010, 0.07210439
-0.31616000, -0.31931300, -0.66280300
-0.00000061, -0.49999910, -0.86602590
0.46899010, 0.03872603
-0.45781100, -0.35115600, -0.63095900
-0.00000006, -0.86602570, -0.49999950
0.48129510, 0.07210439
-0.31616000, -0.35115600, -0.63095900
0.00000015, -0.86602590, -0.49999910
0.48129510, 0.03872603
-0.45781100, -0.36281200, -0.58746000
0.00000045, -1.00000000, -0.00000081
0.49360020, 0.07210439
-0.31616000, -0.36281200, -0.58746000
0.00000057, -1.00000000, -0.00000067
0.49360020, 0.03872603
-0.45781100, -0.35115600, -0.54396100
0.00000057, -0.86602550, 0.49999980
0.50315990, 0.07210439
-0.31616000, -0.35115600, -0.54396100
0.00000040, -0.86602590, 0.49999920
0.50315990, 0.03872603
-0.31616000, -0.35115600, -0.54396100
0.00000040, -0.86602590, 0.49999920
0.36098950, 0.03872603
-0.45781100, -0.31931300, -0.51211700
0.00000027, -0.49999800, 0.86602660
0.37054910, 0.07210439
-0.45781100, -0.35115600, -0.54396100
0.00000057, -0.86602550, 0.49999980
0.36098950, 0.07210439
-0.31616000, -0.31931300, -0.51211700
-0.00000001, -0.49999860, 0.86602620
0.37054910, 0.03872603
-0.45781100, -0.27581300, -0.50046200
-0.00000019, -0.00000068, 1.00000000
0.38285420, 0.07210416
-0.31616000, -0.27581300, -0.50046200
0.00000013, 0.00000040, 1.00000000
0.38285420, 0.03872603
-0.45781100, -0.23231400, -0.51211700
-0.00000004, 0.49999660, 0.86602740
0.39515930, 0.07210439
-0.31616000, -0.23231400, -0.51211700
0.00000032, 0.49999770, 0.86602670
0.39515930, 0.03872603
-0.45781100, -0.20047100, -0.54396100
-0.00000016, 0.86602490, 0.50000100
0.40746450, 0.07210439
-0.31616000, -0.20047000, -0.54396100
-0.00000009, 0.86602500, 0.50000080
0.40746450, 0.03872603
-0.31616000, -0.20047000, -0.63095900
1.00000000, 0.00000031, 0.00000115
0.63379700, 0.04557103
-0.31616000, -0.18881500, -0.58746000
1.00000000, 0.00000077, 0.00000066
0.63650690, 0.05568701
-0.31616000, -0.36281200, -0.58746000
1.00000000, 0.00000022, 0.00000058
0.59589530, 0.05567497
-0.31616000, -0.23231400, -0.66280300
1.00000000, 0.00000005, -0.00000068
0.62635340, 0.03815264
-0.31616000, -0.27581300, -0.67445800
1.00000000, 0.00000119, 0.00000119
0.61617620, 0.03544921
-0.31616000, -0.31931300, -0.66280300
1.00000000, 0.00000180, 0.00000180
0.60602960, 0.03818280
-0.31616000, -0.35115600, -0.63095900
1.00000000, 0.00000180, 0.00000180
0.59863190, 0.04557151
-0.31616000, -0.31931300, -0.51211700
1.00000000, -0.00000043, 0.00000025
0.60603490, 0.07318419
-0.31616000, -0.35115600, -0.54396100
1.00000000, -0.00000425, 0.00000245
0.59859110, 0.06575209
-0.31616000, -0.27581300, -0.50046200
1.00000000, 0.00000000, 0.00000000
0.61620000, 0.07590348
-0.31616000, -0.23231400, -0.51211700
1.00000000, 0.00000046, -0.00000080
0.62635950, 0.07318550
-0.31616000, -0.20047000, -0.54396100
1.00000000, 0.00000072, -0.00000138
0.63378380, 0.06578511
-0.45781100, -0.18881500, -0.58746000
-1.00000000, -0.00000066, -0.00000044
0.63650690, 0.05566472
-0.45781100, -0.20047100, -0.63095900
-1.00000000, -0.00000062, 0.00000033
0.63378380, 0.04556626
-0.45781100, -0.36281200, -0.58746000
-1.00000000, -0.00000070, -0.00000004
0.59589530, 0.05567676
-0.45781100, -0.23231400, -0.66280300
-1.00000000, -0.00000047, 0.00000070
0.62635970, 0.03816634
-0.45781100, -0.27581300, -0.67445800
-1.00000000, -0.00000013, 0.00000119
0.61620010, 0.03544837
-0.45781100, -0.31931300, -0.66280300
-1.00000000, 0.00000023, 0.00000165
0.60603500, 0.03816754
-0.45781100, -0.35115600, -0.63095900
-1.00000000, -0.00000207, 0.00000032
0.59859140, 0.04559952
-0.45781100, -0.35115600, -0.54396100
-1.00000000, -0.00000207, -0.00000032
0.59863190, 0.06577986
-0.45781100, -0.31931300, -0.51211700
-1.00000000, 0.00000023, -0.00000165
0.60602940, 0.07316881
-0.45781100, -0.27581300, -0.50046200
-1.00000000, -0.00000068, -0.00000064
0.61617640, 0.07590276
-0.45781100, -0.23231400, -0.51211700
-1.00000000, -0.00000081, -0.00000062
0.62635340, 0.07319909
-0.45781100, -0.20047100, -0.54396100
-1.00000000, -0.00000069, -0.00000093
0.63379690, 0.06578046
# Number of Faces:
744
# Face Data:
0, 1, 2
0, 3, 4
3, 0, 2
5, 6, 7
6, 5, 8
4, 9, 10
9, 4, 3
11, 12, 13
12, 11, 14
15, 16, 17
16, 15, 18
19, 20, 21
20, 22, 21
22, 20, 23
23, 24, 22
24, 23, 25
26, 27, 28
27, 26, 29
8, 30, 31
32, 33, 34
33, 32, 35
22, 36, 37
36, 22, 24
28, 38, 39
38, 28, 27
34, 40, 41
40, 34, 33
37, 36, 42
39, 43, 44
43, 39, 38
45, 46, 47
46, 48, 47
13, 49, 50
49, 13, 12
43, 51, 52
51, 43, 38
53, 29, 54
29, 53, 27
17, 55, 56
55, 17, 16
57, 27, 58
27, 57, 38
59, 27, 53
27, 59, 58
38, 57, 60
60, 51, 38
61, 62, 63
63, 62, 64
64, 62, 65
66, 67, 68
67, 66, 69
69, 70, 67
70, 71, 67
71, 70, 72
72, 73, 71
73, 74, 71
74, 73, 75
5, 76, 77
78, 79, 80
79, 78, 81
79, 82, 80
82, 79, 83
80, 84, 85
84, 80, 82
86, 87, 88
86, 89, 87
90, 91, 92
91, 90, 85
85, 93, 91
93, 85, 84
94, 85, 95
85, 94, 80
96, 85, 90
85, 96, 95
80, 94, 97
97, 78, 80
98, 99, 100
100, 99, 101
101, 99, 102
103, 104, 105
104, 103, 106
106, 107, 104
107, 108, 104
108, 107, 109
109, 110, 108
110, 86, 108
86, 110, 89
111, 26, 112
26, 111, 113
112, 114, 111
114, 112, 115
115, 116, 114
116, 115, 83
83, 117, 116
117, 83, 79
79, 118, 117
118, 79, 81
119, 54, 120
54, 121, 120
121, 54, 29
29, 113, 121
113, 29, 26
118, 119, 120
119, 118, 122
118, 81, 122
123, 124, 125
124, 123, 126
127, 128, 129
128, 127, 130
131, 132, 133
132, 131, 134
135, 136, 137
136, 135, 138
138, 139, 136
139, 138, 140
141, 142, 143
125, 144, 145
144, 125, 124
129, 146, 147
146, 129, 128
148, 132, 149
132, 148, 133
137, 150, 151
150, 137, 136
136, 152, 150
152, 136, 139
143, 153, 154
153, 143, 142
145, 144, 155
154, 153, 156
157, 5, 158
5, 157, 8
159, 2, 1
159, 160, 2
160, 159, 161
162, 158, 163
158, 162, 157
161, 164, 160
164, 161, 165
11, 166, 167
166, 11, 13
168, 16, 18
16, 168, 169
19, 21, 170
170, 171, 172
171, 170, 21
172, 173, 174
173, 172, 171
175, 176, 177
176, 175, 178
157, 179, 180
157, 30, 8
30, 157, 180
32, 181, 182
181, 32, 34
171, 183, 173
183, 171, 184
178, 185, 176
185, 178, 186
187, 188, 189
188, 187, 190
34, 191, 181
191, 34, 41
184, 192, 183
186, 193, 185
193, 186, 194
195, 196, 197
197, 196, 48
197, 48, 46
13, 198, 166
198, 13, 50
193, 199, 185
199, 193, 200
177, 201, 202
201, 177, 176
169, 55, 16
55, 169, 203
204, 176, 185
176, 204, 205
206, 201, 176
176, 205, 206
185, 207, 204
207, 185, 199
208, 209, 210
209, 211, 210
211, 212, 210
213, 211, 214
211, 213, 212
214, 211, 215
215, 209, 216
209, 215, 211
216, 209, 217
217, 208, 218
208, 217, 209
5, 219, 158
219, 5, 77
158, 219, 220
221, 222, 223
222, 221, 224
221, 225, 226
225, 221, 223
227, 228, 229
228, 227, 230
228, 231, 229
223, 232, 225
232, 223, 233
86, 88, 234
234, 88, 235
234, 235, 236
237, 238, 233
238, 237, 239
233, 240, 232
240, 233, 238
241, 233, 223
233, 241, 242
243, 237, 233
233, 242, 243
223, 244, 241
244, 223, 222
245, 246, 247
246, 248, 247
248, 249, 247
250, 251, 252
251, 250, 253
252, 251, 254
254, 255, 256
255, 254, 251
256, 255, 257
257, 234, 236
234, 257, 255
258, 175, 259
175, 258, 260
260, 261, 262
261, 260, 258
262, 263, 226
263, 262, 261
226, 264, 221
264, 226, 263
221, 265, 224
265, 221, 264
266, 267, 202
202, 268, 177
268, 202, 267
177, 259, 175
259, 177, 268
265, 266, 269
266, 265, 267
265, 269, 224
270, 271, 272
271, 270, 273
274, 275, 276
275, 274, 277
276, 278, 279
278, 276, 275
279, 280, 281
280, 279, 278
282, 283, 284
283, 282, 285
286, 287, 288
287, 286, 289
288, 290, 291
290, 288, 287
292, 293, 294
273, 144, 271
144, 273, 295
277, 146, 275
146, 277, 147
296, 297, 298
297, 296, 299
300, 301, 302
301, 300, 303
285, 149, 283
149, 285, 148
289, 150, 287
150, 289, 151
287, 152, 290
152, 287, 150
292, 304, 293
304, 292, 154
295, 155, 144
154, 156, 304
305, 145, 306
145, 305, 125
145, 307, 306
307, 145, 155
155, 308, 307
308, 155, 295
295, 309, 308
309, 295, 273
310, 297, 299
297, 310, 311
311, 312, 297
312, 311, 313
314, 315, 316
315, 314, 317
317, 318, 315
318, 317, 319
320, 298, 321
298, 320, 322
322, 296, 298
296, 322, 323
324, 325, 296
325, 326, 299
297, 327, 303
327, 297, 312
316, 315, 328
315, 329, 328
329, 315, 318
321, 300, 330
300, 321, 298
298, 303, 300
303, 298, 297
331, 187, 189
187, 331, 332
208, 210, 333
210, 334, 333
334, 210, 212
335, 188, 190
188, 335, 336
65, 337, 338
337, 65, 62
339, 74, 340
99, 98, 341
342, 228, 230
228, 342, 343
249, 344, 247
344, 249, 345
346, 227, 229
227, 346, 347
348, 349, 350
349, 348, 351
352, 353, 354
353, 352, 355
356, 357, 358
357, 356, 359
360, 361, 362
361, 360, 363
350, 364, 365
364, 350, 349
354, 353, 366
362, 361, 367
358, 368, 369
368, 358, 357
362, 367, 370
365, 369, 368
369, 365, 364
366, 353, 371
348, 372, 351
372, 348, 373
352, 374, 355
374, 352, 375
356, 376, 359
376, 356, 377
360, 378, 363
378, 360, 379
373, 380, 372
380, 373, 381
375, 382, 374
379, 383, 378
377, 384, 376
384, 377, 385
383, 379, 386
381, 385, 380
385, 381, 384
382, 387, 374
388, 389, 390
389, 388, 391
392, 393, 394
393, 392, 395
396, 397, 398
397, 396, 399
400, 401, 402
401, 400, 403
391, 404, 389
404, 391, 405
395, 406, 393
403, 407, 401
399, 408, 397
408, 399, 409
403, 410, 407
405, 409, 404
409, 405, 408
406, 411, 393
388, 412, 413
412, 388, 390
392, 414, 415
414, 392, 394
396, 416, 417
416, 396, 398
400, 418, 419
418, 400, 402
413, 420, 421
420, 413, 412
415, 414, 422
419, 418, 423
417, 424, 425
424, 417, 416
419, 423, 426
421, 425, 424
425, 421, 420
422, 414, 427
428, 429, 430
429, 428, 431
432, 430, 433
430, 432, 428
434, 432, 433
435, 436, 437
436, 435, 438
436, 439, 440
439, 436, 438
441, 440, 439
442, 443, 444
443, 442, 445
445, 446, 443
446, 445, 447
447, 444, 446
444, 447, 442
444, 448, 449
448, 444, 443
443, 450, 448
450, 443, 446
446, 449, 450
449, 446, 444
449, 451, 452
451, 449, 448
448, 453, 451
453, 448, 450
450, 452, 453
452, 450, 449
452, 454, 455
454, 452, 451
451, 456, 454
456, 451, 453
453, 455, 456
455, 453, 452
455, 457, 458
457, 455, 454
454, 459, 457
459, 454, 456
456, 458, 459
458, 456, 455
458, 445, 442
445, 458, 457
457, 447, 445
447, 457, 459
459, 442, 447
442, 459, 458
460, 461, 462
461, 460, 463
464, 465, 466
465, 464, 467
468, 467, 464
467, 468, 469
469, 465, 467
465, 469, 470
470, 466, 465
466, 470, 471
471, 464, 466
464, 471, 468
472, 102, 99
99, 341, 472
473, 245, 247
247, 344, 473
474, 475, 476
475, 474, 477
476, 475, 478
474, 479, 477
479, 474, 480
480, 481, 479
482, 483, 484
483, 482, 485
485, 486, 483
486, 485, 487
487, 488, 486
488, 487, 489
490, 491, 492
491, 490, 493
493, 494, 491
494, 493, 495
495, 484, 494
484, 495, 482
484, 496, 497
496, 484, 483
483, 498, 496
498, 483, 486
486, 499, 498
499, 486, 488
492, 500, 501
500, 492, 491
491, 502, 500
502, 491, 494
494, 497, 502
497, 494, 484
497, 480, 474
480, 497, 496
496, 481, 480
481, 496, 498
498, 503, 481
503, 498, 499
501, 478, 504
478, 501, 500
500, 476, 478
476, 500, 502
502, 474, 476
474, 502, 497
325, 299, 296
505, 506, 507
508, 509, 510
511, 512, 513
514, 515, 516
517, 518, 519
518, 517, 520
517, 521, 520
521, 517, 522
523, 524, 525
524, 523, 526
523, 527, 528
527, 523, 525
529, 530, 531
532, 533, 534
535, 536, 537
536, 535, 538
538, 539, 536
539, 538, 540
541, 542, 543
544, 545, 546
547, 548, 549
548, 547, 550
550, 551, 548
551, 550, 552
437, 553, 435
553, 437, 554
554, 555, 553
555, 554, 556
555, 556, 557
555, 434, 433
434, 555, 557
431, 558, 429
558, 431, 559
559, 560, 558
560, 559, 561
560, 561, 562
439, 562, 441
562, 439, 560
563, 564, 565
566, 567, 568
569, 570, 571
572, 573, 574
575, 576, 577
576, 575, 578
575, 579, 580
579, 575, 577
581, 582, 583
582, 581, 584
581, 585, 584
585, 581, 586
587, 588, 589
590, 591, 592
593, 594, 595
594, 593, 596
595, 597, 598
597, 595, 594
599, 600, 601
602, 603, 604
605, 606, 607
606, 605, 608
607, 609, 610
609, 607, 606
611, 612, 613
612, 611, 614
613, 615, 616
615, 613, 612
616, 617, 618
617, 616, 615
618, 619, 620
619, 618, 617
620, 621, 622
621, 620, 619
622, 623, 624
623, 622, 621
624, 625, 626
625, 624, 623
627, 628, 629
628, 627, 630
629, 631, 632
631, 629, 628
632, 633, 634
633, 632, 631
634, 635, 636
635, 634, 633
636, 614, 611
614, 636, 635
637, 638, 639
640, 638, 637
641, 638, 640
642, 638, 641
643, 638, 642
644, 638, 645
646, 638, 644
647, 638, 646
648, 638, 647
639, 638, 648
649, 650, 651
651, 650, 652
652, 650, 653
653, 650, 654
654, 650, 655
656, 650, 657
657, 650, 658
658, 650, 659
659, 650, 660
660, 650, 649
661, 662, 663
662, 661, 664
664, 665, 662
665, 664, 666
666, 667, 665
667, 666, 668
668, 669, 667
669, 668, 670
670, 671, 669
671, 670, 672
672, 673, 671
673, 672, 674
674, 675, 673
675, 674, 676
677, 678, 679
678, 677, 680
680, 681, 678
681, 680, 682
682, 683, 681
683, 682, 684
684, 685, 683
685, 684, 686
686, 663, 685
663, 686, 661
687, 688, 689
690, 687, 689
691, 690, 689
692, 691, 689
693, 692, 689
694, 695, 689
696, 694, 689
697, 696, 689
698, 697, 689
688, 698, 689
699, 700, 701
700, 702, 701
702, 703, 701
703, 704, 701
704, 705, 701
706, 707, 701
707, 708, 701
708, 709, 701
709, 710, 701
710, 699, 701
711, 712, 713
712, 711, 714
713, 715, 716
715, 713, 712
716, 717, 718
717, 716, 715
718, 719, 720
719, 718, 717
720, 721, 722
721, 720, 719
722, 723, 724
723, 722, 721
724, 725, 726
725, 724, 723
727, 728, 729
728, 727, 730
729, 731, 732
731, 729, 728
732, 733, 734
733, 732, 731
734, 735, 736
735, 734, 733
736, 714, 711
714, 736, 735
737, 738, 739
740, 738, 737
741, 738, 740
742, 738, 741
743, 738, 742
744, 738, 745
746, 738, 744
747, 738, 746
748, 738, 747
739, 738, 748
749, 750, 751
751, 750, 752
752, 750, 753
753, 750, 754
754, 750, 755
756, 750, 757
757, 750, 758
758, 750, 759
759, 750, 760
760, 750, 749
761, 762, 763
762, 761, 764
764, 765, 762
765, 764, 766
766, 767, 765
767, 766, 768
768, 769, 767
769, 768, 770
770, 771, 769
771, 770, 772
772, 773, 771
773, 772, 774
774, 775, 773
775, 774, 776
777, 778, 779
778, 777, 780
780, 781, 778
781, 780, 782
782, 783, 781
783, 782, 784
784, 785, 783
785, 784, 786
786, 763, 785
763, 786, 761
787, 788, 789
790, 787, 789
791, 790, 789
792, 791, 789
793, 792, 789
794, 795, 789
796, 794, 789
797, 796, 789
798, 797, 789
788, 798, 789
799, 800, 801
800, 802, 801
802, 803, 801
803, 804, 801
804, 805, 801
806, 807, 801
807, 808, 801
808, 809, 801
809, 810, 801
810, 799, 801
