# Project Zomboid Mesh
# File Version:
1.00000000
# Model Name:
Vehicles_PickUpTruckLights
# Vertex Stride Element Count:
3
# Vertex Stride Size (in bytes):
76
# Vertex Stride Data:
# (Int)    Offset
# (String) Type
0
VertexArray
12
NormalArray
24
TextureCoordArray
# Vertex Count:
807
# Vertex Buffer:
-0.11241200, 0.31598400, 0.32226900
-0.18608080, 0.46879960, 0.86348180
0.65278760, 0.52473410
0.00000000, 0.31923400, 0.32845900
-0.00139055, 0.51093130, 0.85962050
0.69396080, 0.52700010
0.00000000, 0.31923400, -0.07920900
0.00000000, 0.99997340, -0.00728981
0.69396100, 0.37774710
-0.25097800, 0.30406800, -0.07920900
-0.30402200, 0.95265810, -0.00363055
0.60186850, 0.37774800
-0.25097800, 0.30406800, 0.27584000
-0.47819080, 0.63759840, 0.60398830
0.60186850, 0.50773640
0.00000000, 0.31923400, -0.07920900
-0.00003561, 0.14529450, -0.98938850
0.13974850, 0.42054260
-0.33817500, 0.07446800, -0.11252200
-0.06711268, 0.12244760, -0.99020330
0.02221392, 0.33068470
-0.25097800, 0.30406800, -0.07920900
-0.05202590, 0.16370920, -0.98513590
0.05245565, 0.41523780
0.00000000, 0.09074700, -0.11252200
-0.00002811, 0.07445823, -0.99722420
0.13980850, 0.33640220
-0.39879400, -0.32123900, -0.11252000
0.00000000, -0.99968480, -0.02510510
0.30149650, 0.70838250
-0.39879400, -0.32123900, 0.37090200
-0.98595460, -0.16701350, -0.00000016
0.30116730, 0.81631800
-0.39879400, -0.32123900, -0.07325200
0.00000000, 1.00000000, 0.00000000
0.30116730, 0.71791240
-0.39879400, -0.32123900, 0.41184600
-0.00005321, -0.99865960, 0.05175929
0.30159030, 0.82594220
-0.27490700, 0.28908600, -0.07793900
-0.75320230, 0.65729660, -0.02544418
0.59153230, 0.37821340
-0.27490700, 0.28908600, 0.24187100
-0.74453290, 0.66058680, 0.09641460
0.59153230, 0.49530040
-0.36880200, 0.06427000, -0.11001100
-0.14756900, 0.19700590, -0.96923270
0.01146798, 0.32732740
-0.27490700, 0.28908600, -0.07793900
-0.18493880, 0.21407230, -0.95915100
0.04403229, 0.41017620
-0.40530500, -0.07723500, 1.04715500
-0.11320980, -0.03888170, 0.99281000
0.55713960, 0.91368740
-0.30204700, 0.00783100, 1.05525300
-0.10783040, 0.03630469, 0.99350620
0.59110680, 0.88551550
-0.40530500, -0.07723500, 1.04715500
-0.11074840, 0.03989049, 0.99304760
0.55713960, 0.91368740
0.00000000, 0.02370800, 1.08724200
-0.00222424, 0.06477170, 0.99789760
0.69020620, 0.88031140
0.00000000, -0.07723500, 1.09399200
-0.00110327, -0.00567465, 0.99998330
0.69020620, 0.91375670
-0.36880200, 0.06427000, -1.07936900
-0.03107070, 0.05331890, -0.99809400
0.52606730, 0.37286200
0.00000000, -0.07723800, -1.09840900
0.00000014, 0.00801331, -0.99996790
0.41532540, 0.41667220
-0.39351100, -0.07723800, -1.08848200
-0.02115797, 0.04072651, -0.99894630
0.53351670, 0.41658820
0.00000000, 0.07513300, -1.09840900
0.00000021, 0.00000150, -1.00000000
0.41532540, 0.36957360
0.00000000, 0.09074700, 0.49843200
0.00000000, 0.98507120, 0.17214750
0.69108360, 0.66986310
-0.11241200, 0.09074700, 0.49224200
-0.05286419, 0.96992510, 0.23759340
0.65316270, 0.66772260
0.00000000, 0.08458600, 0.53368800
-0.00000001, 0.98048400, 0.19659900
0.69108340, 0.68205170
-0.30158100, 0.06912100, 0.53365800
-0.15755280, 0.98457240, 0.07612085
0.58934960, 0.68204120
-0.30043900, 0.07446800, 0.44581400
-0.25997800, 0.87552300, 0.40727250
0.58973480, 0.65167120
-0.37000400, 0.05333700, 0.56991400
-0.67336770, 0.73745450, 0.05231486
0.56626800, 0.69457580
-0.36880200, 0.06427000, 0.41184400
-0.83159320, 0.52692200, 0.17551620
0.56667360, 0.63992640
-0.36880200, 0.06427000, 0.41184400
-0.83159320, 0.52692200, 0.17551620
0.34964360, 0.10270600
-0.40537100, -0.07723800, 0.56991300
-0.98255180, 0.18180600, -0.03922582
0.38607310, 0.13546590
-0.37000400, 0.05333700, 0.56991400
-0.67336770, 0.73745450, 0.05231486
0.38607310, 0.10523730
-0.39879400, -0.07723800, 0.41184400
-0.99305140, 0.11338500, -0.03150912
0.34964360, 0.13546590
-0.20799600, -0.30542800, 0.57028300
-0.00003820, -0.99505290, 0.09934641
0.35672210, 0.86049270
-0.41965700, -0.30542800, 0.56991500
-0.00017297, -0.99503680, 0.09950715
0.29509250, 0.86041120
-0.37535000, 0.01395900, 0.98154400
-0.64452420, 0.76002910, 0.08333305
0.56446490, 0.83688930
-0.30119500, 0.02660900, 0.98103800
-0.16639320, 0.97985940, 0.11040360
0.58947970, 0.83671440
-0.40534200, -0.07724000, 0.98154400
-0.97795000, 0.20714170, 0.02657438
0.48094040, 0.13546640
-0.37535000, 0.01395900, 0.98154400
-0.64452420, 0.76002910, 0.08333305
0.48094040, 0.11435340
-0.37620000, 0.00380600, 1.04714500
-0.78230960, 0.61701350, 0.08535874
0.56414320, 0.85987230
-0.40530500, -0.07723500, 1.04715500
-0.98757850, 0.15510480, 0.02512252
0.49606130, 0.13546510
-0.40530500, -0.07723500, 1.04715500
-0.94038610, 0.33773810, 0.04008802
0.49606130, 0.13546510
-0.37620000, 0.00380600, 1.04714500
-0.78230960, 0.61701350, 0.08535874
0.49605890, 0.11670380
-0.41962800, -0.30648200, 0.98154600
0.00151268, -0.77417180, 0.63297370
0.29510090, 0.95161130
-0.20796700, -0.30648200, 0.98104000
-0.04215215, -0.87030920, 0.49069850
0.35673060, 0.95149920
-0.40530500, -0.26455100, 1.03279600
-0.01152840, -0.79799640, 0.60255190
0.30090010, 0.96213080
0.00000000, -0.26455100, 1.07963300
-0.00000002, -0.90895650, 0.41689100
0.41728460, 0.97334330
-0.40530500, -0.26455100, 1.03279600
-0.11446460, -0.07592809, 0.99052150
0.55714820, 0.97577210
0.00000000, -0.26455100, 1.07963300
-0.00000019, -0.07643099, 0.99707490
0.69020620, 0.97582020
-0.41962800, -0.30648200, 0.98154600
-0.98170730, 0.02104237, 0.18922980
0.48094080, 0.18853690
-0.40530500, -0.26455100, 1.03279600
-0.95808070, -0.02189733, 0.28566040
0.49275200, 0.17882970
-0.41965700, -0.30542800, 0.56991500
-0.99268210, 0.02804110, -0.11745630
0.38607350, 0.18829300
-0.39879400, -0.32123900, 0.41184600
-0.99785950, 0.00153247, -0.06537583
0.34964390, 0.19195350
0.00000000, -0.26035100, -1.09840800
0.00000010, -0.64500230, -0.76418060
0.41532540, 0.47327260
-0.39879400, -0.26035100, -1.09250200
-0.01051532, -0.66020860, -0.75100870
0.53514130, 0.47311700
-0.41989800, -0.12974400, 0.89364500
-0.97617690, 0.21437060, 0.03352354
0.46068250, 0.14762130
-0.41990300, -0.13007200, 0.64057000
-0.97602500, 0.21378430, -0.04088217
0.40235750, 0.14769720
-0.41990900, -0.15959700, 0.60893600
-0.97795120, 0.08152499, -0.19226320
0.39506650, 0.15453250
-0.41989600, -0.15938900, 0.92528000
-0.98704370, 0.07936607, 0.13944790
0.46797340, 0.15448420
-0.20799600, -0.30542800, 0.57028300
-0.99556620, -0.09368867, 0.00838524
0.35672210, 0.86049270
-0.20798100, -0.28736800, 0.77377900
-0.99835000, -0.05742149, -0.00005508
0.35672630, 0.90557900
-0.22390600, -0.13007400, 0.64055700
-0.99529500, -0.09677632, 0.00470727
0.35194620, 0.87467050
-0.22390100, -0.12974700, 0.89363200
-0.99527320, -0.09700501, -0.00462002
0.35181780, 0.93311390
-0.20796700, -0.30648200, 0.98104000
-0.99852090, -0.05414830, -0.00490254
0.35673060, 0.95149920
-0.41962800, -0.30648200, 0.98154600
-0.04929830, -0.40053280, -0.91495530
0.29510090, 0.95161130
-0.22390100, -0.12974700, 0.89363200
-0.02134983, -0.84513800, -0.53412180
0.35181780, 0.93311390
-0.20796700, -0.30648200, 0.98104000
-0.00214195, -0.44347030, -0.89628650
0.35673060, 0.95149920
-0.41989600, -0.15938900, 0.92528000
-0.05598954, -0.53191690, -0.84494360
0.29502280, 0.93914520
-0.41989800, -0.12974400, 0.89364500
-0.00003818, -0.93020400, -0.36704300
0.29502240, 0.93213630
-0.22390600, -0.13007400, 0.64055700
-0.04903667, -0.83547400, 0.54733780
0.35194620, 0.87467050
-0.41990300, -0.13007200, 0.64057000
0.00001242, -0.93009880, 0.36730940
0.29502080, 0.87606540
-0.41990900, -0.15959700, 0.60893600
-0.02518174, -0.51145270, 0.85894230
0.29501920, 0.86905660
-0.20799600, -0.30542800, 0.57028300
-0.49033530, -0.28726470, 0.82283070
0.35672210, 0.86049270
-0.41965700, -0.30542800, 0.56991500
-0.00167836, -0.25848510, 0.96601380
0.29509250, 0.86041120
-0.41293000, -0.30808400, -0.37862000
-0.00000007, -0.99878030, -0.04937556
0.29705120, 0.65025540
-0.20126900, -0.30808400, -0.37862000
-0.00000001, -0.99878030, -0.04937552
0.35868080, 0.65025540
-0.41293000, -0.30808400, -0.37862000
-0.99801470, 0.03768574, 0.05046150
0.16746830, 0.18890790
-0.39879400, -0.07723800, -0.11252200
-0.99374680, 0.11121490, 0.00992840
0.22879440, 0.13546590
-0.39879400, -0.07723800, -0.37860500
-0.98767650, 0.15497350, 0.02187081
0.16747150, 0.13546590
-0.39879400, -0.32123900, -0.11252000
-0.99960430, 0.00156902, 0.02808423
0.22879490, 0.19195350
-0.36880200, 0.06427000, -0.37860500
-0.97826930, 0.20733810, -0.00000026
0.16747150, 0.10270610
-0.36880200, 0.06427000, -0.11001100
-0.96450970, 0.26403800, -0.00222988
0.22937350, 0.10270600
-0.36880200, 0.06427000, -0.11001100
-0.31589930, 0.94879270, 0.00000006
0.02869697, 0.96899380
-0.33817500, 0.07446800, -0.37860500
-0.31590220, 0.94879170, -0.00000034
0.03581713, 0.90974920
-0.36880200, 0.06427000, -0.37860500
-0.31590240, 0.94879170, -0.00000036
0.02870543, 0.90974720
-0.33817500, 0.07446800, -0.11252200
-0.31589910, 0.94879280, 0.00000009
0.03580810, 0.96844180
-0.33142500, -0.12004400, -0.11249900
0.00000021, 1.00000000, -0.00000002
0.07872379, 0.96845970
0.00000000, -0.12004400, -0.37858200
0.00000000, 1.00000000, 0.00000001
0.15180370, 0.90977460
-0.33142400, -0.12004400, -0.37858200
-0.00000001, 1.00000000, -0.00000017
0.07872983, 0.90976950
0.00000000, -0.12004400, -0.11249900
0.00000000, 1.00000000, 0.00000014
0.15180460, 0.96846310
-0.36880200, 0.06427000, -0.79429600
-0.97826930, 0.20733810, -0.00000013
0.07166876, 0.10270610
-0.39879400, -0.07723800, -0.79429600
-0.98721520, 0.15652960, -0.03007703
0.07166876, 0.13546600
-0.33817500, 0.07446700, -0.79429600
-0.31590430, 0.94879100, 0.00009824
0.03584152, 0.81805170
-0.36880200, 0.06427000, -0.79429600
-0.31596360, 0.94877130, 0.00009065
0.02873114, 0.81805290
0.00000000, -0.12004400, -0.79427200
0.00000000, 1.00000000, -0.00000006
0.15179940, 0.81809440
-0.33142400, -0.12004400, -0.79427200
-0.00000023, 1.00000000, 0.00000014
0.07874300, 0.81808010
-0.20129800, -0.30747800, -0.79429500
-0.02151479, -0.96944250, 0.24437340
0.35867230, 0.55815920
-0.39879400, -0.26035100, -1.09250200
-0.01051532, -0.66020860, -0.75100870
0.30160990, 0.49311510
0.00000000, -0.26035100, -1.09840800
0.00000010, -0.64500230, -0.76418060
0.41728460, 0.49078110
-0.41295900, -0.30747800, -0.79429500
-0.00000028, -0.83517390, 0.54998590
0.29704260, 0.55815920
-0.41295900, -0.30747800, -0.79429500
-0.99692420, 0.05184017, -0.05877650
0.07166882, 0.18876770
-0.39351100, -0.07723800, -1.08848200
-0.99398670, 0.10654210, -0.02528378
0.00386874, 0.13546620
-0.39879400, -0.26035100, -1.09250200
-0.99864350, 0.02974666, -0.04273653
0.00294204, 0.17785750
-0.36880200, 0.06427000, -1.07936900
-0.98304000, 0.18295780, -0.01260408
0.00596900, 0.10270610
0.00000000, -0.12004400, -1.05778600
-0.00000002, 1.00000000, 0.00000061
0.15179330, 0.76001300
-0.33083500, -0.12004400, -1.05565300
0.00000035, 1.00000000, 0.00000117
0.07885665, 0.76039000
-0.41320000, -0.13105600, -0.46789100
-0.97768840, 0.20751440, 0.03260636
0.14689410, 0.14792500
-0.41320500, -0.13138300, -0.72096600
-0.97751860, 0.20718560, -0.03913556
0.08856874, 0.14800080
-0.41321100, -0.16090800, -0.75260100
-0.98060700, 0.07975727, -0.17902130
0.08127805, 0.15483600
-0.41319800, -0.16070000, -0.43625700
-0.98787490, 0.07762627, 0.13445230
0.15418480, 0.15478780
-0.20129800, -0.30747800, -0.79429500
-0.99836210, -0.05721115, 0.00005752
0.35867230, 0.55815920
-0.20128400, -0.30752200, -0.58775700
-0.99898580, -0.04502743, 0.00006196
0.35867650, 0.60391940
-0.21720800, -0.13138600, -0.72098000
-0.99594410, -0.08997341, 0.00009152
0.35388400, 0.57298700
-0.21720300, -0.13105800, -0.46790500
-0.99595710, -0.08983054, -0.00002331
0.35375770, 0.63144610
-0.20126900, -0.30808400, -0.37862000
-0.99845000, -0.05565570, -0.00007937
0.35868080, 0.65025540
-0.41293000, -0.30808400, -0.37862000
-0.04732305, -0.40761720, -0.91192590
0.29705120, 0.65025540
-0.21720300, -0.13105800, -0.46790500
-0.02038365, -0.84699230, -0.53121420
0.35375770, 0.63144610
-0.20126900, -0.30808400, -0.37862000
0.00000028, -0.45032600, -0.89286420
0.35868080, 0.65025540
-0.41319800, -0.16070000, -0.43625700
-0.05510230, -0.53545550, -0.84276400
0.29697290, 0.63748570
-0.41320000, -0.13105600, -0.46789100
-0.00003808, -0.93020420, -0.36704260
0.29697260, 0.63047670
-0.21720800, -0.13138600, -0.72098000
-0.04742634, -0.83885070, 0.54229170
0.35388400, 0.57298700
-0.41320500, -0.13138300, -0.72096600
0.00001209, -0.93009880, 0.36730940
0.29697090, 0.57440600
-0.41321100, -0.16090800, -0.75260100
-0.02408345, -0.51860500, 0.85467470
0.29696940, 0.56739710
0.00000000, 0.07513300, -1.09840900
-0.00003088, 0.99986610, -0.01636159
0.15178780, 0.70802440
-0.33852700, 0.07440400, -1.05565300
-0.17791080, 0.96829190, -0.17538120
0.07705351, 0.71746470
0.00000000, 0.07507100, -1.05778700
-0.00001506, 0.99999880, 0.00154006
0.15178780, 0.71699990
-0.36880200, 0.06427000, -1.07936900
-0.20159040, 0.96698730, -0.15587460
0.07016780, 0.71219020
0.00000000, 0.07507100, -1.05778700
0.00005300, 0.00008181, 1.00000000
0.15178780, 0.71699990
-0.33083500, -0.12004400, -1.05565300
0.00635142, 0.00016878, 0.99997980
0.07885665, 0.76039000
0.00000000, -0.12004400, -1.05778600
0.00005611, 0.00000196, 1.00000000
0.15179330, 0.76001300
-0.33852700, 0.07440400, -1.05565300
0.00630277, 0.00025128, 0.99998010
0.07705351, 0.71746470
-0.33852700, 0.07440400, -1.05565300
0.99929430, 0.03755262, 0.00078353
0.03583404, 0.76039710
-0.33142400, -0.12004400, -0.79427200
0.99936370, 0.03566901, 0.00005786
0.07874300, 0.81808010
-0.33083500, -0.12004400, -1.05565300
0.99921600, 0.03952638, 0.00225399
0.07885665, 0.76039000
-0.33817500, 0.07446700, -0.79429600
0.99939820, 0.03468204, -0.00067736
0.03584152, 0.81805170
-0.33852700, 0.07440400, -1.05565300
-0.17791080, 0.96829190, -0.17538120
0.03583404, 0.76039710
-0.36880200, 0.06427000, -1.07936900
-0.20159040, 0.96698730, -0.15587460
0.02874839, 0.75517050
-0.33142400, -0.12004400, -0.37858200
0.99939840, 0.03468212, 0.00000015
0.07872983, 0.90976950
-0.33817500, 0.07446800, -0.37860500
0.99939840, 0.03468213, 0.00000016
0.03581713, 0.90974920
-0.33142500, -0.12004400, -0.11249900
0.99939840, 0.03468214, 0.00000014
0.07872379, 0.96845970
-0.33817500, 0.07446800, -0.11252200
0.99939840, 0.03468214, 0.00000015
0.03580810, 0.96844180
0.00000000, -0.12004400, -0.11249900
0.00000019, -0.00011430, -1.00000000
0.13986310, 0.26309850
-0.33142500, -0.12004400, -0.11249900
0.00000052, -0.00012040, -1.00000000
0.02459289, 0.26303670
-0.28656200, 0.26851200, 0.22381600
-0.88422180, 0.46572400, 0.03539712
0.30630910, 0.05542308
-0.36906800, 0.06395100, 0.37168200
-0.95223230, 0.30535870, 0.00311693
0.34038770, 0.10277990
-0.27490700, 0.28908600, 0.24187100
-0.74453290, 0.66058680, 0.09641460
0.31047010, 0.05065995
-0.28656200, 0.26851200, -0.04491800
-0.89489530, 0.44458010, -0.03887044
0.24437530, 0.05542308
-0.27490700, 0.28908600, -0.07793900
-0.75320230, 0.65729660, -0.02544418
0.23676490, 0.05065995
-0.36906800, 0.06395100, -0.07288400
-0.95409290, 0.29940370, -0.00801777
0.23792970, 0.10277990
-0.39859300, -0.07734900, -0.07309000
-0.99458120, 0.10386580, 0.00448068
0.23788240, 0.13549170
-0.39859300, -0.30595100, -0.07308800
-0.99996810, 0.00771207, 0.00209355
0.23788280, 0.18841420
-0.39879400, -0.32123900, 0.37090200
-0.99991410, 0.01311144, -0.00000008
0.34020750, 0.19195350
-0.39859300, -0.30595100, 0.37060300
-0.99996800, 0.00775343, -0.00198643
0.34013880, 0.18841420
-0.39859300, -0.07734900, 0.37060200
-0.99472560, 0.10244440, -0.00511097
0.34013860, 0.13549170
-0.39879400, -0.32123900, -0.07325200
-0.99991410, 0.01311143, -0.00000009
0.23784520, 0.19195350
-0.28656200, 0.26851200, 0.22381600
0.61145120, -0.79128210, 0.00000009
0.97427790, 0.53547720
-0.25066600, 0.29625000, -0.04491800
0.34751590, -0.93767410, 0.00000015
0.96390970, 0.47404130
-0.25066600, 0.29625000, 0.27133100
0.08297007, -0.93419460, 0.34698190
0.96390370, 0.54634090
-0.28656200, 0.26851200, -0.04491800
0.61145220, -0.79128130, 0.00000031
0.97427790, 0.47404300
-0.28656200, 0.26851200, -0.04491800
0.13488580, -0.17792230, 0.97475610
0.55862390, 0.21438180
-0.35075400, 0.06663100, -0.07288400
0.01216504, -0.09606463, 0.99530080
0.54400940, 0.26098120
-0.25066600, 0.29625000, -0.04491800
0.02978878, -0.13081670, 0.99095890
0.56687530, 0.20810890
-0.36906800, 0.06395100, -0.07288400
0.00755663, -0.05175091, 0.99863140
0.53982950, 0.26159570
-0.35080000, -0.07466900, -0.07309000
0.00004803, -0.00075870, 0.99999970
0.54401220, 0.29327930
-0.39859300, -0.07734900, -0.07309000
0.00003660, -0.00065281, 0.99999980
0.53308860, 0.29389180
-0.35080000, -0.30327200, -0.07308800
-0.00000039, 0.00000701, 1.00000000
0.54399560, 0.34553030
-0.39859300, -0.30595100, -0.07308800
-0.00000039, 0.00000701, 1.00000000
0.53307270, 0.34613910
-0.39859300, -0.30595100, -0.07308800
-0.05247251, 0.99861040, 0.00489465
0.97485170, 0.97077870
-0.30096800, -0.30327200, 0.42683500
-0.01011228, 0.99994890, 0.00018274
0.95655850, 0.89088880
-0.35080000, -0.30327200, -0.07308800
-0.02969793, 0.99955450, 0.00296039
0.96671390, 0.97213710
-0.39859300, -0.30595100, 0.37060300
-0.02743584, 0.99962350, 0.00000004
0.97343470, 0.89592920
-0.39859300, -0.30595100, 0.37060300
0.49911800, -0.00000515, -0.86653410
0.97343470, 0.89592920
-0.30096800, -0.07466900, 0.42683300
0.32316440, -0.17352770, -0.93029720
0.95855620, 0.85386340
-0.30096800, -0.30327200, 0.42683500
0.34988180, -0.00000558, -0.93679390
0.95655850, 0.89088880
-0.39859300, -0.07734900, 0.37060200
0.44898470, -0.10133120, -0.88777520
0.97663380, 0.85506680
-0.30092800, 0.06663100, 0.37740800
0.17385490, -0.23239900, -0.95695620
0.95991600, 0.82969560
-0.36906800, 0.06395100, 0.37168200
0.08411898, -0.00995819, -0.99640600
0.97107190, 0.83086940
-0.36906800, 0.06395100, 0.37168200
-0.02951289, 0.99309270, -0.11355980
0.97107190, 0.83086940
-0.30043900, 0.07446800, 0.44581400
-0.04977427, 0.99231040, -0.11332530
0.95939390, 0.81847440
-0.30092800, 0.06663100, 0.37740800
-0.03117314, 0.99072740, -0.13223980
0.95991600, 0.82969560
0.00000000, 0.30928300, -0.04491800
-0.00000001, -0.99996980, 0.00777393
0.90648550, 0.47403380
-0.11166600, 0.30930200, 0.31830900
-0.05296158, -0.84697930, 0.52898130
0.93199930, 0.55707000
0.00000000, 0.06657800, -0.07288400
-0.00000016, -0.11751910, 0.99307060
0.62417200, 0.26098260
0.00000000, 0.30928300, -0.04491800
-0.00000015, -0.11447100, 0.99342660
0.62417190, 0.20514330
0.00000000, -0.30332400, -0.07308800
0.00000430, 1.00000000, -0.00000475
0.90772510, 0.97433240
0.00000000, -0.30332400, 0.48465600
0.00000405, 1.00000000, -0.00000512
0.90894540, 0.88521360
0.00000000, -0.07472200, 0.48465500
0.00000012, -0.25206250, -0.96771100
0.90920390, 0.85086500
0.00000000, -0.30332400, 0.48465600
0.00000012, -0.00000601, -1.00000000
0.90894540, 0.88521360
0.00000000, 0.06657800, 0.40277700
0.00000012, -0.45351800, -0.89124720
0.90934690, 0.82546370
-0.11241200, 0.09074700, 0.49224200
0.01040327, 0.97396250, -0.22647030
0.92813580, 0.81043680
0.00000000, 0.06657800, 0.40277700
0.00000001, 0.97044920, -0.24130560
0.90934690, 0.82546370
0.00000000, 0.31232700, 0.32474200
-0.00091846, -0.84588180, 0.53336960
0.90648530, 0.55854270
0.00000000, 0.09074700, 0.49843200
0.00000000, 0.96953120, -0.24496790
0.90934560, 0.80933540
0.39879400, -0.32123900, 0.41184600
0.00005326, -0.99866370, 0.05168035
0.53340210, 0.82538960
0.39879400, -0.32123900, -0.11252000
0.00000002, -0.99968550, -0.02508023
0.53303240, 0.70838260
0.11241200, 0.31598400, 0.32226900
0.18750450, 0.46912420, 0.86299740
0.73513440, 0.52473410
0.25097800, 0.30406800, -0.07920900
0.30402200, 0.95265810, -0.00363048
0.78605300, 0.37774800
0.25097800, 0.30406800, 0.27584100
0.47819060, 0.63759860, 0.60398820
0.78605300, 0.50773640
0.34344100, 0.07446800, -0.11252200
0.08512265, 0.13129790, -0.98768160
0.25924330, 0.33086220
0.25097800, 0.30406800, -0.07920900
0.05205873, 0.16398710, -0.98508790
0.22704940, 0.41536880
0.39879400, -0.32123900, 0.37090200
0.00000000, 1.00000000, 0.00000000
0.53340210, 0.81631800
0.39879400, -0.32123900, -0.07325200
0.00000000, -1.00000000, 0.00000000
0.53340210, 0.71791240
0.27490700, 0.28908600, -0.07793900
0.75320230, 0.65729670, -0.02544403
0.79638880, 0.37821340
0.27490700, 0.28908600, 0.24187100
0.74453310, 0.66058670, 0.09641471
0.79638880, 0.49530040
0.36880200, 0.06427000, -0.11001100
0.18069920, 0.21214770, -0.96038590
0.26818960, 0.32753280
0.27490700, 0.28908600, -0.07793900
0.18493870, 0.21407220, -0.95915110
0.23548400, 0.41032330
0.30190000, 0.00773700, 1.05506400
0.11274700, 0.04748708, 0.99248830
0.78925940, 0.88550440
0.40530500, -0.07723500, 1.04715500
0.02088940, -0.05828261, 0.99808160
0.82321990, 0.91378350
0.37620000, 0.00380600, 1.04714500
0.10793620, 0.03888253, 0.99339720
0.81363710, 0.88678240
0.40530500, -0.07723500, 1.04715500
0.04137770, -0.06929609, 0.99673770
0.82321990, 0.91378350
0.36880200, 0.06427000, -1.07936900
0.03107094, 0.05331935, -0.99809400
0.30452230, 0.37301700
0.39351200, -0.07723800, -1.08848200
0.02115824, 0.04072662, -0.99894630
0.29716860, 0.41664510
0.11241200, 0.09074700, 0.49224200
0.05286413, 0.96992520, 0.23759330
0.72900380, 0.66772260
0.30158100, 0.06912100, 0.53365800
0.15755280, 0.98457240, 0.07612088
0.79281720, 0.68204120
0.30043900, 0.07446800, 0.44581400
0.15030350, 0.98668200, 0.06218927
0.79243200, 0.65167120
0.37000400, 0.05333700, 0.56991400
0.67336770, 0.73745450, 0.05231515
0.81589910, 0.69457580
0.36880200, 0.06427000, 0.41184400
0.88457570, 0.46616890, 0.01457302
0.81549320, 0.63992640
0.36880200, 0.06427000, 0.41184400
0.88457570, 0.46616890, 0.01457302
0.65080620, 0.10277610
0.40537100, -0.07723800, 0.56991400
0.98274920, 0.18060990, -0.03980171
0.61437810, 0.13553460
0.39879400, -0.07723800, 0.41184400
0.99313410, 0.11280400, -0.03098046
0.65080620, 0.13553460
0.37000400, 0.05333700, 0.56991400
0.67336770, 0.73745450, 0.05231515
0.61437810, 0.10530720
0.41878500, -0.30542800, 0.56991500
0.00017365, -0.99503680, 0.09950776
0.53922280, 0.86041120
0.20799600, -0.30542800, 0.57028300
0.00003835, -0.99505290, 0.09934644
0.47784710, 0.86049270
0.37535000, 0.01395900, 0.98154400
0.64452410, 0.76002910, 0.08333317
0.81770240, 0.83688930
0.30119500, 0.02660900, 0.98103800
0.16639330, 0.97985940, 0.11040360
0.79268690, 0.83671440
0.40534200, -0.07724000, 0.98154400
0.97820470, 0.20586500, 0.02711258
0.51951510, 0.13553510
0.37535000, 0.01395900, 0.98154400
0.64452410, 0.76002910, 0.08333317
0.51951510, 0.11442300
0.20799600, -0.38663000, 0.67353200
0.00000007, -0.94413930, -0.32954670
0.47784700, 0.88709080
-0.20796700, -0.38768400, 0.87702600
0.00000000, -0.94642380, 0.32292720
0.35673060, 0.92845410
-0.20799600, -0.38663000, 0.67353200
0.00000012, -0.94413920, -0.32954690
0.35672210, 0.88709080
0.20796700, -0.38768400, 0.87702600
0.00000000, -0.94642380, 0.32292720
0.47783860, 0.92845410
0.37620000, 0.00380600, 1.04714500
0.07729617, 0.96628400, 0.24560230
0.81802950, 0.85974360
0.30119500, 0.02660900, 0.98103800
0.07729617, 0.96628400, 0.24560230
0.79268690, 0.83671440
0.30190000, 0.00773700, 1.05506400
0.07729616, 0.96628400, 0.24560230
0.79295750, 0.86244710
0.37620000, 0.00380600, 1.04714500
0.78230920, 0.61701390, 0.08535925
0.81802950, 0.85974360
0.40530500, -0.07723500, 1.04715500
0.98138290, 0.19016080, 0.02695232
0.50439480, 0.13553380
0.37620000, 0.00380600, 1.04714500
0.78230920, 0.61701390, 0.08535925
0.50439660, 0.11677320
0.41875500, -0.30648200, 0.98154600
-0.00151967, -0.77415960, 0.63298860
0.53921430, 0.95161130
0.40530500, -0.26455100, 1.03279600
0.01161126, -0.79814450, 0.60235420
0.53381050, 0.96219840
0.20796700, -0.30648200, 0.98104000
0.04215138, -0.87030870, 0.49069950
0.47783860, 0.95149920
0.40530500, -0.26455100, 1.03279600
0.11443880, -0.07592889, 0.99052440
0.82324510, 0.97580610
0.41875500, -0.30648200, 0.98154600
0.98298600, 0.01973807, 0.18261680
0.51951490, 0.18860340
0.40530500, -0.26455100, 1.03279600
0.96275750, -0.02066477, 0.26957570
0.50770370, 0.17889650
0.41878500, -0.30542800, 0.56991500
0.99295010, 0.02632690, -0.11557250
0.61437770, 0.18835950
0.39879400, -0.32123900, 0.41184600
0.99802780, 0.00153226, -0.06275483
0.65080590, 0.19201970
0.39879400, -0.26035100, -1.09250200
0.01052544, -0.65962940, -0.75151730
0.29550420, 0.47310600
0.41989800, -0.12974400, 0.89364600
0.97617680, 0.21437130, 0.03352394
0.53977190, 0.14768950
0.41990300, -0.13007200, 0.64057100
0.97602500, 0.21378460, -0.04088198
0.59809480, 0.14776530
0.41990800, -0.15959700, 0.60893600
0.97717260, 0.07905236, -0.19719170
0.60538520, 0.15460030
0.41989600, -0.15938900, 0.92528000
0.98675980, 0.07709289, 0.14269480
0.53248160, 0.15455210
0.20799600, -0.30542800, 0.57028300
0.78390690, -0.24042130, 0.57244000
0.47784710, 0.86049270
0.22390600, -0.13007400, 0.64055700
0.58343810, -0.69373490, 0.42229370
0.48270250, 0.87512200
0.20798100, -0.28736800, 0.77377900
0.99869240, -0.05112296, -0.00002640
0.47784280, 0.90557900
0.22390000, -0.12974700, 0.89363200
0.57961750, -0.70296900, -0.41216280
0.48271300, 0.93350330
0.20796700, -0.30648200, 0.98104000
0.75452420, -0.32196300, -0.57186810
0.47783860, 0.95149920
0.41875500, -0.30648200, 0.98154600
0.04928229, -0.40074850, -0.91486170
0.53921430, 0.95161130
0.41989600, -0.15938900, 0.92528000
0.05585047, -0.53247550, -0.84460090
0.53954650, 0.93914520
0.41989800, -0.12974400, 0.89364600
0.00003860, -0.93020390, -0.36704310
0.53954680, 0.93213630
0.41990300, -0.13007200, 0.64057100
-0.00001270, -0.93009890, 0.36730920
0.53954850, 0.87606540
0.41990800, -0.15959700, 0.60893600
0.02522669, -0.51190360, 0.85867240
0.53955020, 0.86905660
0.41878500, -0.30542800, 0.56991500
0.00168495, -0.25849450, 0.96601120
0.53922280, 0.86041120
0.20126900, -0.30808400, -0.37862000
0.00000003, -0.99878030, -0.04937553
0.47588840, 0.65025540
0.41205800, -0.30808400, -0.37862000
0.00000009, -0.99878030, -0.04937557
0.53726420, 0.65025540
0.39879400, -0.07723800, -0.11252200
0.99379890, 0.11078760, 0.00948075
0.77164990, 0.13553460
0.41205800, -0.30808400, -0.37862000
0.99811120, 0.03536433, 0.05023278
0.83297370, 0.18897450
0.39879400, -0.07723800, -0.37860500
0.98786530, 0.15368930, 0.02240016
0.83297030, 0.13553460
0.39879400, -0.32123900, -0.11252000
0.99964820, 0.00156895, 0.02647656
0.77164950, 0.19201970
0.36880200, 0.06427000, -0.37860500
0.97826930, 0.20733810, 0.00000006
0.83297030, 0.10277620
0.36880200, 0.06427000, -0.11001100
0.96450970, 0.26403810, -0.00222979
0.77107130, 0.10277610
0.36880200, 0.06427000, -0.11001100
0.37306280, 0.92780610, 0.00000016
0.27498970, 0.96899930
0.34344100, 0.07446800, -0.37860500
0.37306610, 0.92780480, -0.00000023
0.26896030, 0.90975510
0.34344100, 0.07446800, -0.11252200
0.37306260, 0.92780620, 0.00000019
0.26896770, 0.96844630
0.36880200, 0.06427000, -0.37860500
0.37306630, 0.92780470, -0.00000024
0.27498430, 0.90975460
0.33669100, -0.12004400, -0.11249900
-0.00000021, 1.00000000, -0.00000002
0.22604880, 0.96846050
0.33669100, -0.12004400, -0.37858200
0.00000001, 1.00000000, -0.00000017
0.22604270, 0.90977010
-0.20126900, -0.38687100, -0.47702300
-0.00000006, -0.94402470, 0.32987490
0.35868080, 0.62845340
0.20129800, -0.38626500, -0.69608600
0.00000000, -0.94293800, -0.33296830
0.47589690, 0.57991840
0.20126900, -0.38687100, -0.47702300
-0.00000006, -0.94402460, 0.32987490
0.47588840, 0.62845340
-0.20129800, -0.38626500, -0.69608600
0.00000000, -0.94293800, -0.33296830
0.35867230, 0.57991840
0.20126900, -0.38686200, -0.48007000
-0.92996110, -0.36765620, -0.00114069
0.47588850, 0.62777840
0.36880200, 0.06427000, -0.79429500
0.97826930, 0.20733810, 0.00000012
0.92876890, 0.10277620
0.39879400, -0.07723800, -0.79429500
0.98738800, 0.15532610, -0.03063998
0.92876890, 0.13553460
0.34344100, 0.07446700, -0.79429500
0.37306850, 0.92780380, 0.00013938
0.26894440, 0.81806420
0.36880200, 0.06427000, -0.79429500
0.37315080, 0.92777070, 0.00013029
0.27496770, 0.81806440
0.33669100, -0.12004400, -0.79427200
0.00000019, 1.00000000, 0.00000018
0.22602830, 0.81807660
0.20129800, -0.30747800, -0.79429500
0.02151461, -0.96944250, 0.24437330
0.47589690, 0.55815920
0.39879400, -0.26035100, -1.09250200
0.01052544, -0.65962940, -0.75151730
0.53295650, 0.49312160
0.41208700, -0.30747800, -0.79429500
0.00000003, -0.83474900, 0.55063060
0.53727260, 0.55815920
0.41208700, -0.30747800, -0.79429500
0.99703660, 0.04918427, -0.05915129
0.92876880, 0.18883420
0.39351200, -0.07723800, -1.08848200
0.99409620, 0.10571970, -0.02441416
0.99656620, 0.13553480
0.39879400, -0.26035100, -1.09250200
0.99876530, 0.02968637, -0.03983081
0.99749270, 0.17792430
0.36880200, 0.06427000, -1.07936900
0.98303990, 0.18295800, -0.01260386
0.99446590, 0.10277620
0.33669300, -0.12004400, -1.05565300
-0.00000046, 1.00000000, 0.00000131
0.22600530, 0.76038500
0.41320000, -0.13105600, -0.46789100
0.97768850, 0.20751400, 0.03260660
0.85354680, 0.14799320
0.41320500, -0.13138300, -0.72096600
0.97751870, 0.20718470, -0.03913518
0.91186970, 0.14806890
0.41321100, -0.16090800, -0.75260000
0.97994250, 0.07732728, -0.18366600
0.91916010, 0.15490380
0.41319900, -0.16070000, -0.43625700
0.98760930, 0.07537365, 0.13764710
0.84625660, 0.15485560
0.20129800, -0.30747800, -0.79429500
0.99836210, -0.05721110, 0.00005798
0.47589690, 0.55815920
0.21720800, -0.13138600, -0.72098000
0.99625810, -0.08628312, 0.00500831
0.48079000, 0.57334880
0.20128400, -0.30752200, -0.58775700
0.99914990, -0.04116952, 0.00212062
0.47589270, 0.60391940
0.21461200, -0.13045000, -0.46860200
0.99690950, -0.07839965, 0.00499793
0.48028840, 0.63167850
0.20126900, -0.30808400, -0.37862000
0.99892040, -0.04645553, -0.00005385
0.47588840, 0.65025540
0.41205800, -0.30808400, -0.37862000
0.04802867, -0.40837330, -0.91155060
0.53726420, 0.65025540
0.21461200, -0.13045000, -0.46860200
0.01884129, -0.84888990, -0.52823370
0.48028840, 0.63167850
0.41319900, -0.16070000, -0.43625700
0.05561309, -0.53579930, -0.84251190
0.53759630, 0.63748570
0.20126900, -0.30808400, -0.37862000
0.00000004, -0.45189200, -0.89207270
0.47588840, 0.65025540
0.41320000, -0.13105600, -0.46789100
-0.00082670, -0.93007830, -0.36736030
0.53759660, 0.63047670
0.21720800, -0.13138600, -0.72098000
0.04651507, -0.83971990, 0.54102390
0.48079000, 0.57334880
0.41320500, -0.13138300, -0.72096600
-0.00001256, -0.93009890, 0.36730920
0.53759840, 0.57440600
0.41321100, -0.16090800, -0.75260000
0.02412682, -0.51903450, 0.85441270
0.53759990, 0.56739710
0.34379400, 0.07440400, -1.05565300
0.21400960, 0.96123470, -0.17386140
0.22767910, 0.71746840
0.36880200, 0.06427000, -1.07936900
0.21824520, 0.95919700, -0.17975020
0.23339660, 0.71214910
0.33669300, -0.12004400, -1.05565300
-0.00624947, 0.00015402, 0.99998040
0.22600530, 0.76038500
0.34379400, 0.07440400, -1.05565300
-0.00620671, 0.00022782, 0.99998070
0.22767910, 0.71746840
0.34379400, 0.07440400, -1.05565300
-0.99936040, 0.03575454, -0.00055621
0.26897840, 0.76041500
0.33669100, -0.12004400, -0.79427200
-0.99938550, 0.03505075, -0.00040298
0.22602830, 0.81807660
0.34344100, 0.07446700, -0.79429500
-0.99939820, 0.03468204, -0.00067769
0.26894440, 0.81806420
0.33669300, -0.12004400, -1.05565300
-0.99933390, 0.03649208, -0.00000681
0.22600530, 0.76038500
0.34379400, 0.07440400, -1.05565300
0.21400960, 0.96123470, -0.17386140
0.26897840, 0.76041500
0.36880200, 0.06427000, -1.07936900
0.21824520, 0.95919700, -0.17975020
0.27495670, 0.75518440
0.33669100, -0.12004400, -0.37858200
-0.99939840, 0.03468212, -0.00000017
0.22604270, 0.90977010
0.34344100, 0.07446800, -0.37860500
-0.99939840, 0.03468213, -0.00000017
0.26896030, 0.90975510
0.33669100, -0.12004400, -0.11249900
-0.99939840, 0.03468214, -0.00000014
0.22604880, 0.96846050
0.34344100, 0.07446800, -0.11252200
-0.99939840, 0.03468214, -0.00000014
0.26896770, 0.96844630
0.33669100, -0.12004400, -0.11249900
-0.00000017, -0.00012041, -1.00000000
0.25696530, 0.26321040
0.28656200, 0.26851200, 0.22381600
0.88422190, 0.46572390, 0.03539737
0.69413880, 0.05549514
0.27490700, 0.28908600, 0.24187100
0.74453310, 0.66058670, 0.09641471
0.68997790, 0.05073249
0.36906800, 0.06395100, 0.37168200
0.95223240, 0.30535860, 0.00311693
0.66006190, 0.10285000
0.28656200, 0.26851200, -0.04491700
0.89489520, 0.44458030, -0.03887026
0.75607010, 0.05549538
0.27490700, 0.28908600, -0.07793900
0.75320230, 0.65729670, -0.02544403
0.76367990, 0.05073249
0.36906800, 0.06395100, -0.07288400
0.95409280, 0.29940380, -0.00801778
0.76251510, 0.10285000
0.39859300, -0.07734900, -0.07309000
0.99458120, 0.10386580, 0.00448068
0.76256250, 0.13556030
0.39859300, -0.30595100, -0.07308800
0.99996810, 0.00771207, 0.00209366
0.76256200, 0.18848060
0.39879400, -0.32123900, 0.37090200
0.99991410, 0.01311145, 0.00000009
0.66024150, 0.19201970
0.39859300, -0.30595100, 0.37060300
0.99996800, 0.00775343, -0.00198631
0.66031060, 0.18848060
0.39859300, -0.07734900, 0.37060200
0.99472560, 0.10244440, -0.00511096
0.66031090, 0.13556030
0.39879400, -0.32123900, -0.07325200
0.99991410, 0.01311143, 0.00000009
0.76259960, 0.19201970
0.28656200, 0.26851200, 0.22381600
-0.61145130, -0.79128210, -0.00000006
0.83869440, 0.53547140
0.25066600, 0.29625000, -0.04491700
-0.34751590, -0.93767410, 0.00000006
0.84906240, 0.47403620
0.28656200, 0.26851200, -0.04491700
-0.61145230, -0.79128130, 0.00000014
0.83869440, 0.47403740
0.25066600, 0.29625000, 0.27133100
-0.08297021, -0.93419460, 0.34698190
0.84906830, 0.54633550
0.28656200, 0.26851200, -0.04491700
-0.13488640, -0.17792240, 0.97475600
0.68972030, 0.21438170
0.35075400, 0.06663100, -0.07288400
-0.01216512, -0.09606458, 0.99530080
0.70433590, 0.26098060
0.36906800, 0.06395100, -0.07288400
-0.00755663, -0.05175087, 0.99863140
0.70851590, 0.26159480
0.25066600, 0.29625000, -0.04491700
-0.02978915, -0.13081670, 0.99095890
0.68146870, 0.20810870
0.35080000, -0.07466900, -0.07309000
-0.00004803, -0.00075870, 0.99999970
0.70433780, 0.29327860
0.39859300, -0.07734900, -0.07309000
-0.00003660, -0.00065281, 0.99999980
0.71526130, 0.29389080
0.35080000, -0.30327200, -0.07308800
0.00000039, 0.00000701, 1.00000000
0.70434920, 0.34552970
0.39859300, -0.30595100, -0.07308800
0.00000039, 0.00000701, 1.00000000
0.71527240, 0.34613870
0.39859300, -0.30595100, -0.07308800
0.05247252, 0.99861040, 0.00489467
0.84074030, 0.96936920
0.30096800, -0.30327200, 0.42683500
0.01010431, 0.99994890, 0.00017435
0.86120020, 0.88999080
0.39859300, -0.30595100, 0.37060300
0.02743584, 0.99962350, 0.00000005
0.84419550, 0.89472780
0.35080000, -0.30327200, -0.07308800
0.02969376, 0.99955460, 0.00296481
0.84882720, 0.97082130
0.39859300, -0.30595100, 0.37060300
-0.49911770, -0.00000510, -0.86653420
0.84419550, 0.89472780
0.30096800, -0.07466900, 0.42683300
-0.32316410, -0.17352770, -0.93029730
0.85979850, 0.85315820
0.39859300, -0.07734900, 0.37060200
-0.44898430, -0.10133110, -0.88777540
0.84168990, 0.85408590
0.30096800, -0.30327200, 0.42683500
-0.34988160, -0.00000558, -0.93679390
0.86120020, 0.88999080
0.30092800, 0.06663100, 0.37740800
-0.17385450, -0.23239890, -0.95695630
0.85876000, 0.82919470
0.36906800, 0.06395100, 0.37168200
-0.08411841, -0.00995807, -0.99640600
0.84760000, 0.83022890
0.30092800, 0.06663100, 0.37740800
0.03117319, 0.99072740, -0.13223980
0.85876000, 0.82919470
0.30043900, 0.07446800, 0.44581400
0.04977433, 0.99231040, -0.11332520
0.85928690, 0.81808910
0.36906800, 0.06395100, 0.37168200
0.02951296, 0.99309270, -0.11355980
0.84760000, 0.83022890
0.11166600, 0.30930200, 0.31830900
0.05379733, -0.84725890, 0.52844890
0.88097130, 0.55706670
0.11241200, 0.09074700, 0.49224200
-0.01040321, 0.97396250, -0.22647030
0.89055240, 0.81028000
-0.25097800, 0.30406800, 0.27584000
-0.47819080, 0.63759840, 0.60398830
0.96413840, 0.54839650
-0.11241200, 0.31598400, 0.32226900
-0.18608080, 0.46879960, 0.86348180
0.93224340, 0.55883190
0.00000000, 0.31923400, 0.32845900
-0.00139055, 0.51093130, 0.85962050
0.90648510, 0.56033640
0.11241200, 0.31598400, 0.32226900
0.18750450, 0.46912420, 0.86299740
0.88072740, 0.55882820
0.25097800, 0.30406800, 0.27584100
0.47819060, 0.63759860, 0.60398820
0.84883350, 0.54839060
-0.35080000, -0.30327200, -0.07308800
-0.00015016, -1.00000000, -0.00008613
0.54399560, 0.34553030
0.00000000, -0.30332900, -0.01635300
-0.00004741, -1.00000000, 0.00014495
0.62417200, 0.33256360
-0.35080000, -0.30327700, -0.01635300
-0.00009017, -1.00000000, 0.00000380
0.54399480, 0.33256390
0.00000000, -0.30332400, -0.07308800
0.00000005, -1.00000000, -0.00008670
0.62417200, 0.34553070
0.35080000, -0.30327700, -0.01635300
0.00015013, -1.00000000, -0.00004244
0.70434930, 0.33256360
0.35080000, -0.30327200, -0.07308800
0.00015007, -1.00000000, -0.00008606
0.70434920, 0.34552970
0.35080000, -0.30327600, 0.21267000
0.00006975, -1.00000000, 0.00007823
0.70434950, 0.28021930
-0.35080000, -0.30327600, 0.21267000
0.00000000, -1.00000000, 0.00000125
0.54399470, 0.28021930
-0.20799600, -0.30542800, 0.57028300
0.00000020, -0.78602890, -0.61818980
0.35672210, 0.86049270
0.20799600, -0.30542800, 0.57028300
0.00000011, -0.78602900, -0.61818960
0.47784710, 0.86049270
0.20799600, -0.38663000, 0.67353200
1.00000000, 0.00005576, 0.00008920
0.47784700, 0.88709080
0.20796700, -0.38768400, 0.87702600
1.00000000, -0.00005591, 0.00008830
0.47783860, 0.92845410
0.20796700, -0.30648200, 0.98104000
0.00000000, -0.78824080, 0.61536690
0.47783860, 0.95149920
-0.20796700, -0.30648200, 0.98104000
0.00000000, -0.78824080, 0.61536690
0.35673060, 0.95149920
-0.20799600, -0.38663000, 0.67353200
-1.00000000, -0.00001495, 0.00009867
0.35672210, 0.88709080
-0.20796700, -0.38768400, 0.87702600
-1.00000000, -0.00018260, 0.00014237
0.35673060, 0.92845410
-0.20798100, -0.28736800, 0.77377900
-1.00000000, 0.00008149, 0.00006372
0.35672630, 0.90557900
-0.20799600, -0.38663000, 0.67353200
-1.00000000, 0.00008149, 0.00006372
0.35672210, 0.88709080
-0.20129800, -0.38626500, -0.69608600
-1.00000000, 0.00006542, 0.00008591
0.35867230, 0.57991840
-0.20129800, -0.30747800, -0.79429500
0.00000000, -0.78001590, -0.62575970
0.35867230, 0.55815920
0.20129800, -0.30747800, -0.79429500
0.00000000, -0.78001590, -0.62575970
0.47589690, 0.55815920
0.20126900, -0.38686200, -0.48007000
1.00000000, -0.00008621, 0.00009718
0.47588850, 0.62777840
0.20126900, -0.38687100, -0.47702300
1.00000000, -0.00017141, 0.00013724
0.47588840, 0.62845340
0.20126900, -0.30808400, -0.37862000
-0.00000012, -0.78062150, 0.62500410
0.47588840, 0.65025540
-0.20126900, -0.30808400, -0.37862000
-0.00000012, -0.78062150, 0.62500410
0.35868080, 0.65025540
0.00000000, -0.29905400, 1.10570800
0.00000002, -0.18693060, 0.98237310
0.12751400, 0.04165924
-0.40807700, -0.20651600, 1.09180800
-0.51086030, -0.10962280, 0.85264560
0.02115563, 0.01723802
-0.40807700, -0.29905400, 1.08064100
-0.50532230, -0.07910226, 0.85929750
0.02115563, 0.04165924
0.00000000, -0.20651600, 1.12439500
0.00000000, -0.19794840, 0.98021250
0.12751400, 0.01723802
0.00000000, -0.20651600, 1.12439500
-0.00000010, 0.92305770, 0.38466140
0.12751400, 0.01723802
-0.40361100, -0.19426900, 1.05959500
-0.27704370, 0.93438960, 0.22397080
0.02231977, 0.01400614
-0.40807700, -0.20651600, 1.09180800
-0.17170670, 0.92851320, 0.32921120
0.02115563, 0.01723802
0.00000000, -0.19426900, 1.09518000
-0.00000008, 0.92224220, 0.38661270
0.12751400, 0.01400614
0.00000000, -0.19426900, 1.09518000
0.00000008, 0.13326080, -0.99108100
0.12751400, 0.01400614
-0.40361100, -0.29905400, 1.05430400
0.49357680, 0.05395767, -0.86802680
0.02231977, 0.04165924
-0.40361100, -0.19426900, 1.05959500
0.53024720, 0.02573575, -0.84745240
0.02231977, 0.01400614
0.00000000, -0.29905400, 1.07937100
0.00000007, 0.14917810, -0.98881040
0.12751400, 0.04165924
0.00000000, -0.29905400, 1.07937100
0.00000009, -1.00000000, -0.00000003
0.12751400, 0.04165924
-0.40807700, -0.29905400, 1.08064100
0.00000033, -1.00000000, 0.00000006
0.02115563, 0.04165924
-0.40361100, -0.29905400, 1.05430400
0.01679735, -0.99521330, -0.09627251
0.02231977, 0.04165924
0.00000000, -0.29905400, 1.10570800
0.00000009, -1.00000000, 0.00000000
0.12751400, 0.04165924
-0.43118600, -0.20651600, 1.05131600
-0.99716990, -0.02254457, 0.07172121
0.01535431, 0.01723802
-0.43118600, -0.29905400, 1.04949300
-0.98726520, -0.02013153, 0.15780420
0.01513288, 0.04165924
-0.43118600, -0.20651600, 1.05131600
-0.40967640, 0.91210440, 0.01519372
0.01535431, 0.01723802
-0.43118600, -0.29905400, 1.04949300
0.04714871, -0.96164000, -0.27023230
0.01513288, 0.04165924
-0.41859100, -0.28782900, 1.02782900
0.00409857, -0.02406619, -0.99970200
0.02227810, 0.03869689
-0.41859100, -0.20549400, 1.02201100
0.24119220, -0.03484137, -0.96985170
0.01841537, 0.01696837
-0.41859100, -0.28782900, 1.02782900
0.07406703, -0.90238550, -0.42451670
0.02227810, 0.03869689
-0.41859100, -0.20549400, 1.02201100
-0.37049350, 0.92009280, -0.12713690
0.01841537, 0.01696837
0.40807700, -0.20651600, 1.09180800
0.51085910, -0.10962160, 0.85264650
0.23387200, 0.01723802
0.40807700, -0.29905400, 1.08064100
0.50532200, -0.07910167, 0.85929770
0.23387200, 0.04165924
0.40361100, -0.19426900, 1.05959500
0.27704270, 0.93438960, 0.22397180
0.23270810, 0.01400614
0.40807700, -0.20651600, 1.09180800
0.17170640, 0.92851290, 0.32921220
0.23387200, 0.01723802
0.40361100, -0.29905400, 1.05430400
-0.47872120, 0.05448634, -0.87627460
0.23270810, 0.04165924
0.40361100, -0.19426900, 1.05959500
-0.53020030, 0.02522106, -0.84749720
0.23270810, 0.01400614
0.40807700, -0.29905400, 1.08064100
-0.00000029, -1.00000000, -0.00000136
0.23387200, 0.04165924
0.40361100, -0.29905400, 1.05430400
-0.01891232, -0.99392790, -0.10839570
0.23270810, 0.04165924
0.43118600, -0.20651600, 1.05131600
0.99717000, -0.02254467, 0.07171976
0.23989480, 0.01723802
0.43118600, -0.29905400, 1.04949300
0.99134150, -0.03899305, 0.12538540
0.23967330, 0.04165924
0.43118600, -0.20651600, 1.05131600
0.40967450, 0.91210520, 0.01519391
0.23989480, 0.01723802
0.43118600, -0.29905400, 1.04949300
-0.05151287, -0.95403160, -0.29524570
0.23967330, 0.04165924
0.41718400, -0.28782900, 1.03135500
-0.09654519, -0.06392738, -0.99327360
0.23661240, 0.03869689
0.41859100, -0.20549400, 1.02201100
-0.24092750, -0.04138652, -0.96966030
0.23274980, 0.01696837
0.41718400, -0.28782900, 1.03135500
-0.08325078, -0.87486760, -0.47715400
0.23661240, 0.03869689
0.41859100, -0.20549400, 1.02201100
0.37049140, 0.92009370, -0.12713690
0.23274980, 0.01696837
0.00000000, -0.29843700, -1.12168600
0.00000022, -0.11840050, -0.99296590
0.87449460, 0.04006022
-0.40807700, -0.19792200, -1.12869400
-0.49398410, -0.05074513, -0.86798880
0.76813140, 0.01391214
0.00000000, -0.19792200, -1.13494700
0.00000019, -0.13080430, -0.99140820
0.87449460, 0.01391214
-0.40807700, -0.29843700, -1.12367300
-0.43050390, -0.02127689, -0.90233790
0.76813150, 0.04006022
0.00000000, -0.19792200, -1.13494700
-0.00000001, 0.89803010, -0.43993400
0.87449460, 0.01391214
-0.40361100, -0.18353200, -1.09648100
-0.28383000, 0.93275980, -0.22226030
0.76929560, 0.01016861
0.00000000, -0.18353200, -1.10573200
0.00000000, 0.89708330, -0.44186150
0.87449460, 0.01016861
-0.40807700, -0.19792200, -1.12869400
-0.18468310, 0.90661610, -0.37939350
0.76813140, 0.01391214
0.00000000, -0.18353200, -1.10573200
-0.00000023, 0.06630304, 0.99779950
0.87449460, 0.01016861
-0.40361100, -0.29843700, -1.09809400
0.48192750, -0.00080875, 0.87621070
0.76929560, 0.04006022
0.00000000, -0.29843700, -1.09610700
-0.00000020, 0.08347725, 0.99650970
0.87449460, 0.04006022
-0.40361100, -0.18353200, -1.09648100
0.46273970, -0.01904913, 0.88628950
0.76929560, 0.01016861
0.00000000, -0.29843700, -1.09610700
0.00000014, -1.00000000, -0.00000072
0.87449460, 0.04006022
-0.40807700, -0.29843700, -1.12367300
-0.10634760, -0.99415560, 0.01856660
0.76813150, 0.04006022
0.00000000, -0.29843700, -1.12168600
0.00000014, -1.00000000, -0.00000075
0.87449460, 0.04006022
-0.40361100, -0.29843700, -1.09809400
-0.15680890, -0.98468580, 0.07618938
0.76929560, 0.04006022
-0.43118600, -0.19792200, -1.08820200
-0.99446140, -0.01825637, -0.10350470
0.76210830, 0.01391214
-0.43118600, -0.29018500, -1.09342100
-0.97796460, 0.00969785, -0.20854560
0.76233000, 0.03791350
-0.43118600, -0.19792200, -1.08820200
-0.41899880, 0.89405380, 0.15845420
0.76210830, 0.01391214
-0.43118600, -0.29018500, -1.09342100
-0.25212400, -0.94919250, 0.18832730
0.76233000, 0.03791350
-0.41859100, -0.28531500, -1.06449200
0.11684070, -0.04616979, 0.99207690
0.76539130, 0.03664654
-0.41859100, -0.20634300, -1.05889700
0.18251900, -0.06404179, 0.98111440
0.76925400, 0.01359957
-0.41859100, -0.28531500, -1.06449200
-0.23603370, -0.93621520, 0.26036380
0.76539130, 0.03664654
-0.41859100, -0.20634300, -1.05889700
-0.33153480, 0.85932610, 0.38941410
0.76925400, 0.01359957
0.40807700, -0.19792200, -1.12869400
0.49398280, -0.05074443, -0.86798970
0.98085740, 0.01391214
0.40807700, -0.29843700, -1.12367300
0.43050500, -0.02127714, -0.90233740
0.98085740, 0.04006022
0.40361100, -0.18353200, -1.09648000
0.28382920, 0.93276020, -0.22225980
0.97969350, 0.01016861
0.40807700, -0.19792200, -1.12869400
0.18468210, 0.90661600, -0.37939420
0.98085740, 0.01391214
0.40361100, -0.29843700, -1.09809400
-0.48192810, -0.00081007, 0.87621040
0.97969350, 0.04006022
0.40361100, -0.18353200, -1.09648000
-0.46274110, -0.01905089, 0.88628880
0.97969350, 0.01016861
0.40807700, -0.29843700, -1.12367300
0.10634820, -0.99415550, 0.01856884
0.98085740, 0.04006022
0.40361100, -0.29843700, -1.09809400
0.15680850, -0.98468570, 0.07619126
0.97969350, 0.04006022
0.43118600, -0.19792200, -1.08820200
0.99446170, -0.01825641, -0.10350170
0.98665870, 0.01391214
0.43118600, -0.29018500, -1.09342100
0.97796480, 0.00969805, -0.20854440
0.98688050, 0.03791350
0.43118600, -0.19792200, -1.08820200
0.41899820, 0.89405440, 0.15845310
0.98665870, 0.01391214
0.43118600, -0.29018500, -1.09342100
0.25212370, -0.94919230, 0.18832850
0.98688050, 0.03791350
0.41859100, -0.28531500, -1.06449200
-0.11684040, -0.04616996, 0.99207690
0.98323110, 0.03771633
0.41859100, -0.20634300, -1.05889600
-0.18252530, -0.06404538, 0.98111300
0.98359760, 0.01610249
0.41859100, -0.28531500, -1.06449200
0.23603360, -0.93621510, 0.26036400
0.98323110, 0.03771633
0.41859100, -0.20634300, -1.05889600
0.33153420, 0.85932580, 0.38941520
0.98359760, 0.01610249
-0.11241200, 0.09074700, 0.49224200
-0.15072800, 0.60208480, 0.78407590
0.65602080, 0.62981120
0.00000000, 0.31923400, 0.32845900
-0.00000011, 0.60104420, 0.79921580
0.69199520, 0.53903330
-0.11241200, 0.31598400, 0.32226900
-0.18922130, 0.59148560, 0.78379850
0.65510430, 0.53846410
0.00000000, 0.09074700, 0.49843200
0.00000000, 0.59686730, 0.80234000
0.69206990, 0.63116490
-0.25097800, 0.30406800, 0.27584000
-0.47819080, 0.63759840, 0.60398830
0.60726460, 0.53286700
-0.30043900, 0.07446800, 0.44581400
-0.25997800, 0.87552300, 0.40727250
0.59382600, 0.62603810
-0.36880200, 0.06427000, 0.41184400
-0.83159320, 0.52692200, 0.17551620
0.56972740, 0.62288260
-0.27490700, 0.28908600, 0.24187100
-0.74453290, 0.66058680, 0.09641460
0.59271670, 0.52932490
0.11241200, 0.09074700, 0.49224200
0.15072780, 0.60208470, 0.78407600
0.72854940, 0.63030790
0.11241200, 0.31598400, 0.32226900
0.18922100, 0.59148550, 0.78379860
0.72846570, 0.53902910
0.25097800, 0.30406800, 0.27584100
0.47819060, 0.63759860, 0.60398820
0.77523710, 0.53301470
0.30043900, 0.07446800, 0.44581400
0.33758800, 0.60596630, 0.72030500
0.79164270, 0.62556230
0.36880200, 0.06427000, 0.41184400
0.46797270, 0.59864570, 0.65009610
0.81646770, 0.62130810
0.27490700, 0.28908600, 0.24187100
0.74453310, 0.66058670, 0.09641471
0.78872250, 0.52913090
-0.20126900, -0.38687100, -0.47702300
-1.00000000, -0.00006554, 0.00008601
0.35868080, 0.62845340
0.20129800, -0.38626500, -0.69608600
1.00000000, 0.00006533, 0.00008633
0.47589690, 0.57991840
-0.25765600, 0.33822000, 0.14544600
-0.60707640, -0.41127270, 0.67993610
0.75945970, 0.34337900
0.25765700, 0.32089800, 0.11240200
0.86096950, -0.45051350, 0.23615460
0.95820250, 0.36328100
0.25765700, 0.33822000, 0.14544700
0.60707650, -0.41127270, 0.67993590
0.95820250, 0.34462880
-0.25765700, 0.32089800, 0.11240200
-0.86096950, -0.45051360, 0.23615460
0.75945970, 0.36328100
-0.15318300, 0.30815700, 0.11240200
0.00000000, -1.00000000, 0.00000000
0.93633170, 0.42972790
0.15318300, 0.30815700, 0.07217600
0.00000000, -1.00000000, 0.00000000
0.96327920, 0.41288760
0.15318300, 0.30815700, 0.11240200
0.00000000, -1.00000000, 0.00000000
0.96327920, 0.42972790
-0.15318300, 0.30815700, 0.07217600
0.00000000, -1.00000000, 0.00000000
0.93633170, 0.41288760
-0.25765700, 0.32089800, 0.07217600
-0.86096950, -0.45051350, -0.23615480
0.75953860, 0.22768480
0.25765700, 0.33822000, 0.03913200
0.60707650, -0.41127280, -0.67993590
0.95820350, 0.24758660
0.25765700, 0.32089800, 0.07217600
0.86096950, -0.45051360, -0.23615470
0.95820350, 0.22768480
-0.25765600, 0.33822000, 0.03913200
-0.60707660, -0.41127270, -0.67993590
0.75953860, 0.24758660
-0.25765600, 0.37641400, 0.14544600
-0.59574830, 0.47181670, 0.64997920
0.75936910, 0.32475890
0.25765700, 0.39373500, 0.09228900
0.64356670, 0.76539010, 0.00000006
0.95820250, 0.29548260
-0.25765700, 0.39373500, 0.09228900
-0.64356670, 0.76539010, -0.00000002
0.75942390, 0.29548280
0.25765700, 0.37641400, 0.14544700
0.59574830, 0.47181670, 0.64997920
0.95822020, 0.32475890
0.25765700, 0.37641400, 0.03913200
0.59574830, 0.47181670, -0.64997920
0.95822640, 0.26620640
-0.25765600, 0.37641400, 0.03913200
-0.59574820, 0.47181650, -0.64997940
0.75969120, 0.26620640
0.25765700, 0.33822000, 0.14544700
0.60707650, -0.41127270, 0.67993590
0.98304300, 0.32637160
0.25765700, 0.32089800, 0.11240200
0.86096950, -0.45051350, 0.23615460
0.99402600, 0.30789800
0.25765700, 0.32089800, 0.07217600
0.86096950, -0.45051360, -0.23615470
0.99402600, 0.28306700
0.25765700, 0.33822000, 0.03913200
0.60707650, -0.41127280, -0.67993590
0.98304300, 0.26459340
-0.25765600, 0.33822000, 0.03913200
-0.60707660, -0.41127270, -0.67993590
0.73677730, 0.26459360
-0.25765700, 0.32089800, 0.07217600
-0.86096950, -0.45051350, -0.23615480
0.72579480, 0.28306700
-0.25765700, 0.32089800, 0.11240200
-0.86096950, -0.45051360, 0.23615460
0.72579480, 0.30789800
-0.25765600, 0.33822000, 0.14544600
-0.60707640, -0.41127270, 0.67993610
0.73677730, 0.32637140
0.25765700, 0.32089800, 0.11240200
-0.00000015, -0.00000028, 1.00000000
0.97205960, 0.42972790
-0.15318300, 0.30815700, 0.11240200
-0.00000015, -0.00000046, 1.00000000
0.93633170, 0.42972790
0.15318300, 0.30815700, 0.11240200
-0.00000016, -0.00000022, 1.00000000
0.96327920, 0.42972790
-0.25765700, 0.32089800, 0.11240200
-0.00000015, -0.00000047, 1.00000000
0.92755130, 0.42972790
-0.25765700, 0.32089800, 0.11240200
-0.12105620, -0.99264570, 0.00000000
0.92755130, 0.42972790
-0.15318300, 0.30815700, 0.07217600
-0.12105610, -0.99264570, 0.00000000
0.93633170, 0.41288760
-0.15318300, 0.30815700, 0.11240200
-0.12105620, -0.99264570, 0.00000000
0.93633170, 0.42972790
-0.25765700, 0.32089800, 0.07217600
-0.12105620, -0.99264570, 0.00000000
0.92755130, 0.41288760
-0.25765700, 0.32089800, 0.07217600
0.00000014, 0.00000017, -1.00000000
0.92755130, 0.41288760
0.15318300, 0.30815700, 0.07217600
0.00000016, 0.00000058, -1.00000000
0.96327920, 0.41288760
-0.15318300, 0.30815700, 0.07217600
0.00000014, 0.00000003, -1.00000000
0.93633170, 0.41288760
0.25765700, 0.32089800, 0.07217600
0.00000016, 0.00000058, -1.00000000
0.97205960, 0.41288760
0.25765700, 0.32089800, 0.07217600
0.12105620, -0.99264570, 0.00000000
0.97205960, 0.41288760
0.15318300, 0.30815700, 0.11240200
0.12105620, -0.99264570, 0.00000000
0.96327920, 0.42972790
0.15318300, 0.30815700, 0.07217600
0.12105620, -0.99264570, 0.00000000
0.96327920, 0.41288760
0.25765700, 0.32089800, 0.11240200
0.12105620, -0.99264570, 0.00000000
0.97205960, 0.42972790
0.36906800, 0.06395100, -0.07288400
0.92740770, 0.37405210, 0.00000008
0.62178780, 0.07526183
0.28656200, 0.26851200, 0.22381600
0.92740770, 0.37405210, 0.00000012
0.55415400, 0.02471751
0.36906800, 0.06395100, 0.37168200
0.92740770, 0.37405200, 0.00000018
0.52044730, 0.07526183
0.28656200, 0.26851200, -0.04491700
0.92740770, 0.37405220, 0.00000000
0.61541270, 0.02471751
0.39859300, -0.07734900, 0.37060200
0.99467530, 0.10305790, 0.00000024
0.66031090, 0.13556030
0.36906800, 0.06395100, -0.07288400
0.97885860, 0.20453800, 0.00000024
0.76251510, 0.10285000
0.36906800, 0.06395100, 0.37168200
0.97885870, 0.20453770, 0.00000014
0.66006190, 0.10285000
0.39859300, -0.07734900, -0.07309000
0.99470540, 0.10276760, 0.00000027
0.76256250, 0.13556030
0.39859300, -0.30595100, -0.07308800
1.00000000, 0.00000012, 0.00000028
0.76256200, 0.18848060
0.39859300, -0.30595100, 0.37060300
1.00000000, 0.00000000, 0.00000034
0.66031060, 0.18848060
0.37021900, -0.08053000, 0.35375700
-0.99379720, -0.11120780, -0.00000014
0.86446650, 0.61975690
0.34069400, 0.05006300, -0.05603000
-0.97538210, -0.22052140, -0.00000022
0.96189660, 0.58610120
0.37021900, -0.08053000, -0.05622000
-0.99383210, -0.11089580, -0.00000029
0.96194180, 0.61975690
0.34069400, 0.05006300, 0.35475500
-0.97538230, -0.22052050, 0.00000007
0.86422920, 0.58610120
0.37021900, -0.29181100, -0.05621900
-1.00000000, 0.00000000, -0.00000028
0.96194140, 0.67420670
0.37021900, -0.29181100, 0.35375800
-1.00000000, 0.00000000, -0.00000028
0.86446630, 0.67420670
0.36906800, 0.06395100, 0.37168200
-0.43962780, 0.89818010, 0.00000012
0.86020460, 0.58252200
0.34069400, 0.05006300, -0.05603000
-0.43962780, 0.89818010, 0.00000012
0.96189660, 0.58610120
0.34069400, 0.05006300, 0.35475500
-0.43962780, 0.89818010, 0.00000012
0.86422920, 0.58610120
0.36906800, 0.06395100, -0.07288400
-0.43962860, 0.89817970, 0.00000019
0.96590370, 0.58252200
0.36906800, 0.06395100, -0.07288400
-0.47461390, -0.10458070, -0.87395910
0.96590370, 0.58252200
0.37021900, -0.08053000, -0.05622000
-0.50388700, -0.05178558, -0.86221580
0.96194180, 0.61975690
0.34069400, 0.05006300, -0.05603000
-0.46943600, -0.10485760, -0.87671810
0.96189660, 0.58610120
0.39859300, -0.07734900, -0.07309000
-0.50604580, -0.05190546, -0.86094330
0.96595260, 0.61893700
0.37021900, -0.29181100, -0.05621900
-0.51103960, -0.00000624, -0.85955720
0.96194140, 0.67420670
0.39859300, -0.30595100, -0.07308800
-0.51103960, -0.00000625, -0.85955720
0.96595220, 0.67785100
0.39859300, -0.30595100, -0.07308800
-0.44604370, -0.89501120, -0.00000021
0.96595220, 0.67785100
0.37021900, -0.29181100, 0.35375800
-0.44604370, -0.89501120, -0.00000021
0.86446630, 0.67420670
0.37021900, -0.29181100, -0.05621900
-0.44604370, -0.89501120, -0.00000021
0.96194140, 0.67420670
0.39859300, -0.30595100, 0.37060300
-0.44604450, -0.89501080, -0.00000027
0.86046120, 0.67785100
0.39859300, -0.30595100, 0.37060300
-0.51049290, 0.00000497, 0.85988190
0.86046120, 0.67785100
0.37021900, -0.08053000, 0.35375700
-0.50464830, -0.05948657, 0.86127320
0.86446650, 0.61975690
0.37021900, -0.29181100, 0.35375800
-0.51049300, 0.00000497, 0.85988190
0.86446630, 0.67420670
0.39859300, -0.07734900, 0.37060200
-0.50239500, -0.05877823, 0.86263810
0.86046150, 0.61893700
0.34069400, 0.05006300, 0.35475500
-0.47451880, -0.10696590, 0.87372210
0.86422920, 0.58610120
0.36906800, 0.06395100, 0.37168200
-0.47103940, -0.10512310, 0.87582590
0.86020460, 0.58252200
0.48832700, 0.05435500, 0.23426300
-0.11139890, 0.03461983, -0.99317260
0.89412490, 0.19411790
0.38285400, 0.10185000, 0.24774900
-0.11139880, 0.03461993, -0.99317260
0.86597150, 0.18190780
0.48084700, 0.11454300, 0.23720000
-0.11139890, 0.03461971, -0.99317260
0.89212830, 0.17864480
0.39033400, 0.04166200, 0.24481200
-0.11139880, 0.03462004, -0.99317260
0.86796800, 0.19738090
0.48832700, 0.05435500, 0.23426300
0.52458930, -0.43829340, 0.72986640
0.89412490, 0.19411790
0.40163200, 0.07254300, 0.26846200
-0.26035240, -0.07930967, 0.96225080
0.87098380, 0.18944220
0.39033400, 0.04166200, 0.24481200
-0.23243600, -0.53634710, 0.81136020
0.86796800, 0.19738090
0.47482500, 0.08202300, 0.26058300
0.46742570, 0.01495578, 0.88390580
0.89052080, 0.18700500
0.38285400, 0.10185000, 0.24774900
-0.34668590, 0.38300540, 0.85622180
0.86597150, 0.18190780
0.48084700, 0.11454300, 0.23720000
0.41033900, 0.48105930, 0.77472820
0.89212830, 0.17864480
0.36398300, 0.05302100, 0.25926300
-0.95130350, -0.30825560, 0.00000000
0.34054410, -0.21151050
0.36185300, 0.05959500, 0.25071100
-0.95130350, -0.30825560, 0.00000000
0.33861930, -0.21311430
0.36398300, 0.05302100, 0.25071100
-0.95130350, -0.30825560, 0.00000000
0.33861930, -0.21151050
0.36185300, 0.05959500, 0.25926300
-0.95130350, -0.30825560, 0.00000000
0.34054410, -0.21311430
0.43516200, 0.07608600, 0.25926300
0.95130460, 0.30825240, 0.00000000
0.86750670, 0.20916750
0.43303200, 0.08265900, 0.25071100
0.95130460, 0.30825240, 0.00000000
0.86825820, 0.20693400
0.43303200, 0.08265900, 0.25926300
0.95130460, 0.30825240, 0.00000000
0.86825820, 0.20693400
0.43516200, 0.07608600, 0.25071100
0.95130460, 0.30825240, 0.00000000
0.86750670, 0.20916750
0.36398300, 0.05302100, 0.25926300
0.21797010, -0.67267320, 0.70710670
0.89261750, 0.21700430
0.43303200, 0.08265900, 0.25926300
-0.21797110, 0.67267390, 0.70710570
0.86825820, 0.20693400
0.36185300, 0.05959500, 0.25926300
-0.21797060, 0.67267260, 0.70710710
0.89336900, 0.21477070
0.43516200, 0.07608600, 0.25926300
0.21796980, -0.67267220, 0.70710770
0.86750670, 0.20916750
0.43303200, 0.08265900, 0.25071100
-0.21797110, 0.67267400, -0.70710560
0.86825820, 0.20693400
0.36185300, 0.05959500, 0.25071100
-0.21797060, 0.67267250, -0.70710720
0.89336900, 0.21477070
0.43516200, 0.07608600, 0.25071100
0.21796980, -0.67267220, -0.70710770
0.86750670, 0.20916750
0.36398300, 0.05302100, 0.25071100
0.21797010, -0.67267320, -0.70710660
0.89261750, 0.21700430
-0.36906800, 0.06395100, -0.07288400
-0.92740770, 0.37405200, -0.00000021
0.37229740, 0.07687140
-0.28656200, 0.26851200, 0.22381600
-0.92740770, 0.37405190, -0.00000018
0.44014480, 0.02648610
-0.28656200, 0.26851200, -0.04491800
-0.92740770, 0.37405210, -0.00000026
0.37869270, 0.02648610
-0.36906800, 0.06395100, 0.37168200
-0.92740770, 0.37405190, -0.00000014
0.47395790, 0.07687140
-0.39859300, -0.07734900, 0.37060200
-0.99467530, 0.10305790, -0.00000010
0.34013860, 0.13549170
-0.36906800, 0.06395100, -0.07288400
-0.97885860, 0.20453800, -0.00000009
0.23792970, 0.10277990
-0.39859300, -0.07734900, -0.07309000
-0.99470540, 0.10276760, -0.00000008
0.23788240, 0.13549170
-0.36906800, 0.06395100, 0.37168200
-0.97885870, 0.20453770, -0.00000020
0.34038770, 0.10277990
-0.39859300, -0.30595100, -0.07308800
-1.00000000, 0.00000012, -0.00000006
0.23788280, 0.18841420
-0.39859300, -0.30595100, 0.37060300
-1.00000000, 0.00000000, 0.00000000
0.34013880, 0.18841420
-0.37021900, -0.08053000, 0.35375700
0.99379720, -0.11120780, 0.00000023
0.96163100, 0.73328750
-0.34069400, 0.05006300, -0.05603000
0.97538210, -0.22052140, 0.00000014
0.86389330, 0.69973770
-0.34069400, 0.05006300, 0.35475500
0.97538230, -0.22052050, 0.00000043
0.96186910, 0.69973770
-0.37021900, -0.08053000, -0.05622000
0.99383210, -0.11089580, 0.00000008
0.86384800, 0.73328750
-0.37021900, -0.29181100, -0.05621900
1.00000000, 0.00000000, 0.00000009
0.86384840, 0.78756590
-0.37021900, -0.29181100, 0.35375800
1.00000000, 0.00000000, 0.00000009
0.96163120, 0.78756590
-0.36906800, 0.06395100, 0.37168200
0.43962850, 0.89817970, 0.00000034
0.96590630, 0.69616980
-0.34069400, 0.05006300, -0.05603000
0.43962850, 0.89817970, 0.00000034
0.86389330, 0.69973770
-0.36906800, 0.06395100, -0.07288400
0.43962850, 0.89817970, 0.00000034
0.85987360, 0.69616980
-0.34069400, 0.05006300, 0.35475500
0.43962790, 0.89818000, 0.00000029
0.96186910, 0.69973770
-0.36906800, 0.06395100, -0.07288400
0.47461420, -0.10458060, -0.87395890
0.85987360, 0.69616980
-0.37021900, -0.08053000, -0.05622000
0.50388690, -0.05178559, -0.86221590
0.86384800, 0.73328750
-0.39859300, -0.07734900, -0.07309000
0.50604580, -0.05190546, -0.86094330
0.85982450, 0.73247020
-0.34069400, 0.05006300, -0.05603000
0.46943650, -0.10485760, -0.87671790
0.86389330, 0.69973770
-0.37021900, -0.29181100, -0.05621900
0.51103960, -0.00000624, -0.85955720
0.86384840, 0.78756590
-0.39859300, -0.30595100, -0.07308800
0.51103960, -0.00000625, -0.85955720
0.85982500, 0.79119870
-0.39859300, -0.30595100, -0.07308800
0.44604450, -0.89501080, -0.00000012
0.85982500, 0.79119870
-0.37021900, -0.29181100, 0.35375800
0.44604450, -0.89501080, -0.00000012
0.96163120, 0.78756590
-0.39859300, -0.30595100, 0.37060300
0.44604450, -0.89501080, -0.00000012
0.96564890, 0.79119870
-0.37021900, -0.29181100, -0.05621900
0.44604370, -0.89501120, -0.00000004
0.86384840, 0.78756590
-0.39859300, -0.30595100, 0.37060300
0.51049290, 0.00000526, 0.85988190
0.96564890, 0.79119870
-0.37021900, -0.08053000, 0.35375700
0.50464900, -0.05948683, 0.86127270
0.96163100, 0.73328750
-0.39859300, -0.07734900, 0.37060200
0.50239570, -0.05877842, 0.86263760
0.96564870, 0.73247020
-0.37021900, -0.29181100, 0.35375800
0.51049290, 0.00000528, 0.85988200
0.96163120, 0.78756590
-0.34069400, 0.05006300, 0.35475500
0.47451820, -0.10696580, 0.87372240
0.96186910, 0.69973770
-0.36906800, 0.06395100, 0.37168200
0.47103850, -0.10512290, 0.87582640
0.96590630, 0.69616980
-0.48846000, 0.05435500, 0.23426300
0.11139920, 0.03461979, -0.99317250
0.10279670, 0.21074160
-0.38298700, 0.10185000, 0.24774900
0.11139920, 0.03461991, -0.99317250
0.13054550, 0.19835350
-0.39046600, 0.04166200, 0.24481200
0.11139910, 0.03462004, -0.99317250
0.12857770, 0.21405220
-0.48098000, 0.11454300, 0.23720000
0.11139930, 0.03461966, -0.99317250
0.10476450, 0.19504280
-0.48846000, 0.05435500, 0.23426300
-0.52458950, -0.43829340, 0.72986620
0.10279670, 0.21074160
-0.40176500, 0.07254300, 0.26846200
0.26035230, -0.07930993, 0.96225080
0.12560520, 0.20599770
-0.47495700, 0.08202300, 0.26058300
-0.46742600, 0.01495586, 0.88390570
0.10634910, 0.20352500
-0.39046600, 0.04166200, 0.24481200
0.23243640, -0.53634770, 0.81135960
0.12857770, 0.21405220
-0.38298700, 0.10185000, 0.24774900
0.34668570, 0.38300550, 0.85622190
0.13054550, 0.19835350
-0.48098000, 0.11454300, 0.23720000
-0.41033930, 0.48105920, 0.77472820
0.10476450, 0.19504280
-0.36411500, 0.05302100, 0.25926300
0.95130350, -0.30825560, 0.00000000
0.33910170, -0.19495870
-0.36198500, 0.05959500, 0.25071100
0.95130350, -0.30825560, 0.00000000
0.33717090, -0.19655750
-0.36198500, 0.05959500, 0.25926300
0.95130350, -0.30825560, 0.00000000
0.33910170, -0.19655750
-0.36411500, 0.05302100, 0.25071100
0.95130350, -0.30825560, 0.00000000
0.33717090, -0.19495870
-0.43529500, 0.07608600, 0.25926300
-0.95130460, 0.30825240, 0.00000000
0.12754450, 0.22248790
-0.43316500, 0.08265900, 0.25071100
-0.95130460, 0.30825240, 0.00000000
0.12680400, 0.22022170
-0.43529500, 0.07608600, 0.25071100
-0.95130460, 0.30825240, 0.00000000
0.12754450, 0.22248790
-0.43316500, 0.08265900, 0.25926300
-0.95130460, 0.30825240, 0.00000000
0.12680400, 0.22022170
-0.36411500, 0.05302100, 0.25926300
-0.21797010, -0.67267290, 0.70710690
0.10279430, 0.23043900
-0.43316500, 0.08265900, 0.25926300
0.21797110, 0.67267420, 0.70710540
0.12680400, 0.22022170
-0.43529500, 0.07608600, 0.25926300
-0.21796980, -0.67267220, 0.70710770
0.12754450, 0.22248790
-0.36198500, 0.05959500, 0.25926300
0.21797060, 0.67267260, 0.70710710
0.10205360, 0.22817280
-0.43316500, 0.08265900, 0.25071100
0.21797110, 0.67267400, -0.70710560
0.12680400, 0.22022170
-0.36198500, 0.05959500, 0.25071100
0.21797070, 0.67267270, -0.70710690
0.10205360, 0.22817280
-0.43529500, 0.07608600, 0.25071100
-0.21796970, -0.67267190, -0.70710800
0.12754450, 0.22248790
-0.36411500, 0.05302100, 0.25071100
-0.21797010, -0.67267320, -0.70710660
0.10279430, 0.23043900
-0.30119500, 0.02660900, 0.98103800
-0.07910500, 0.96662720, 0.24366830
0.58947970, 0.83671440
-0.37620000, 0.00380600, 1.04714500
-0.07910500, 0.96662720, 0.24366830
0.56414320, 0.85987230
-0.30204700, 0.00783100, 1.05525300
-0.07910500, 0.96662720, 0.24366830
0.58916740, 0.86261000
-0.37620000, 0.00380600, 1.04714500
-0.11074850, 0.03989049, 0.99304760
0.56677170, 0.88682840
-0.33143600, 0.05108300, -0.01614900
-0.47238160, 0.49787540, 0.72730710
0.33601640, 0.23034570
0.33148000, -0.15164900, -0.01635400
0.81755640, 0.32978970, 0.47205960
0.47264340, 0.27064670
0.33143600, 0.05108300, -0.01614900
0.47239270, 0.49786860, 0.72730460
0.47546340, 0.22948780
-0.33148000, -0.15164900, -0.01635400
-0.76245990, 0.36386680, 0.53502880
0.33962000, 0.27141590
-0.33148000, -0.16672300, 0.21266800
-0.53403710, 0.59236380, 0.60324910
0.34071910, 0.31914620
0.35080000, -0.30327600, 0.21267000
0.73211870, 0.10359050, 0.67325420
0.47786440, 0.34628630
0.33148000, -0.16672300, 0.21266800
0.53626360, 0.59163710, 0.60198570
0.47231030, 0.31863210
-0.35080000, -0.30327600, 0.21267000
-0.73054190, 0.09951307, 0.67557810
0.33531240, 0.34677110
-0.35075400, 0.06663100, -0.07288400
-0.65862700, 0.63793900, 0.39905430
0.32023220, 0.23249700
-0.35080000, -0.07466900, -0.07309000
-0.94810220, 0.01556354, 0.31758450
0.33733570, 0.25642310
-0.35080000, -0.30327700, -0.01635300
-0.99654010, 0.07308448, 0.03957944
0.30626510, 0.28129720
-0.35080000, -0.30327200, -0.07308800
-1.00000000, -0.00000017, -0.00000067
0.30111290, 0.27352880
0.35080000, -0.30327200, -0.07308800
0.99223680, 0.09758772, 0.07708912
0.51101650, 0.27217900
0.35080000, -0.30327700, -0.01635300
0.99167210, 0.12875930, 0.00273019
0.50599660, 0.28001070
0.35080000, -0.07466900, -0.07309000
0.94665620, -0.00010269, 0.32224530
0.47453000, 0.25578140
0.35075400, 0.06663100, -0.07288400
0.65863020, 0.63792480, 0.39907160
0.49156170, 0.23178430
0.35075400, 0.06663100, -0.07288400
0.65863020, 0.63792480, 0.39907160
0.47804740, 0.21772660
0.00000000, 0.06657800, -0.07288400
-0.00000003, 0.96464590, 0.26354930
0.40587200, 0.21780510
-0.35080000, -0.30327600, 0.21267000
-0.73054190, 0.09951307, 0.67557810
0.31487370, 0.32465110
0.35080000, -0.30327600, 0.21267000
0.73211870, 0.10359050, 0.67325420
0.49802570, 0.32346510
-0.35075400, 0.06663100, -0.07288400
-0.65862700, 0.63793900, 0.39905430
0.33369630, 0.21788380
0.12527900, 0.10348600, 0.30691900
-0.49999970, 0.81196000, 0.30119960
0.94208000, 0.40941700
0.22084600, 0.08446600, 0.31227900
-0.10150530, -0.50538830, 0.85690100
0.95412160, 0.41120730
0.23006600, 0.10348600, 0.30691900
0.50000050, 0.81195940, 0.30120000
0.95528330, 0.40941700
0.13449800, 0.08446600, 0.31227900
0.10150460, -0.50538890, 0.85690070
0.94324160, 0.41120730
0.22084600, 0.09256300, 0.29045100
-0.10150480, 0.17571810, -0.97919350
0.95412160, 0.41111800
0.13449800, 0.09256300, 0.29045100
0.10150420, 0.17571730, -0.97919370
0.94324160, 0.41111800
0.26402000, 0.01435500, 0.28627100
-0.20300950, -0.34055300, 0.91804720
0.95956160, 0.41938200
0.28245900, 0.01840300, 0.27535700
1.00000000, -0.00000028, -0.00000023
0.96188500, 0.41933740
0.26402000, 0.02245200, 0.26444300
-0.20300910, 0.34055220, -0.91804770
0.95956160, 0.41929260
0.22084600, -0.05575600, 0.26026300
-0.10150480, -0.17571560, 0.97919390
0.95412160, 0.42755670
0.23006500, -0.06667900, 0.24379500
0.49999970, -0.81196050, -0.30119850
0.95528330, 0.42925770
0.22084600, -0.04765900, 0.23843500
-0.10150440, 0.50538830, -0.85690110
0.95412160, 0.42746730
0.13449800, -0.05575600, 0.26026300
0.10150450, -0.17571690, 0.97919370
0.94324160, 0.42755670
0.12527900, -0.06667900, 0.24379500
-0.50000020, -0.81195990, -0.30119910
0.94208000, 0.42925770
0.13449800, -0.04765900, 0.23843500
0.10150490, 0.50538830, -0.85690110
0.94324160, 0.42746730
0.09132400, 0.01435500, 0.28627100
0.20300980, -0.34055270, 0.91804730
0.93780160, 0.41938200
0.07288500, 0.01840400, 0.27535700
-1.00000000, 0.00000010, 0.00000033
0.93547830, 0.41933740
0.09132400, 0.02245200, 0.26444300
0.20300930, 0.34055270, -0.91804740
0.93780160, 0.41929260
0.16526300, -0.05788200, 0.48409700
0.00000000, -0.34308300, 0.93930510
0.94448800, 0.42075420
0.18988600, -0.05788200, 0.48409700
0.00000000, -0.34308290, 0.93930510
0.95393830, 0.42075420
0.17757400, -0.04631700, 0.48832100
0.00000000, -0.34308070, 0.93930590
0.94921310, 0.41665410
0.17757400, -0.06944600, 0.47987300
0.00000000, -0.34308510, 0.93930430
0.94921310, 0.42485440
0.16526300, 0.01936200, 0.27261700
-0.81649640, 0.19808100, -0.54230760
0.94448800, 0.41849830
0.18988600, 0.01936200, 0.27261700
0.81649670, 0.19808020, -0.54230760
0.95393840, 0.41849830
0.17757400, 0.00779800, 0.26839300
0.00000000, -0.56886020, -0.82243420
0.94921330, 0.42259840
0.17757400, 0.03092600, 0.27684000
0.00000031, 0.96501860, -0.26218130
0.94921330, 0.41439820
0.16526300, -0.05788200, 0.48409700
-1.00000000, 0.00000064, -0.00000039
0.94448800, 0.42075420
0.17757400, -0.04631700, 0.48832100
0.00000038, 0.93930460, 0.34308410
0.94921310, 0.41665410
0.18988600, -0.05788200, 0.48409700
1.00000000, 0.00000040, 0.00000080
0.95393830, 0.42075420
0.17757400, -0.06944600, 0.47987300
0.00000011, -0.93930470, -0.34308410
0.94921310, 0.42485440
-0.27615200, -0.01147700, 1.04927900
-0.04704728, 0.99445970, 0.09400223
0.81832300, 0.45972560
0.00000000, 0.04890300, 0.54872400
0.00057264, 0.99556820, 0.09404022
0.86061870, 0.37976770
-0.27615200, 0.03514500, 0.54872400
-0.04954479, 0.99446760, 0.09262534
0.81832300, 0.37976770
0.00000000, -0.00060300, 1.06908700
0.00053782, 0.99556790, 0.09404412
0.86061870, 0.46288960
0.27615200, 0.03514500, 0.54872400
0.04838315, 0.99439680, 0.09398986
0.90291450, 0.37976770
0.27615200, -0.01147700, 1.04928000
0.04581096, 0.99464510, 0.09264188
0.90291450, 0.45972560
-0.27615200, -0.01147700, 1.04927900
0.07610977, 0.39188410, -0.91686110
0.81832300, 0.45972560
0.00000000, 0.02370800, 1.08724200
-0.00867986, 0.59300240, -0.80515390
0.86061870, 0.46578970
0.00000000, -0.00060300, 1.06908700
-0.00993257, 0.59348580, -0.80478320
0.86061870, 0.46288960
-0.30234300, 0.00771300, 1.05501700
0.07796300, 0.38176660, -0.92096470
0.81431140, 0.46064220
0.30221800, 0.00772000, 1.05503100
-0.05347088, 0.38681080, -0.92060750
0.90690680, 0.46064420
0.27615200, -0.01147700, 1.04928000
-0.05315899, 0.35212050, -0.93444380
0.90291450, 0.45972560
0.27615200, -0.01147700, 1.04928000
-0.66693650, 0.72742850, 0.16138030
0.90291450, 0.45972560
0.30221800, 0.00772000, 1.05503100
-0.60932680, 0.76622070, 0.20402580
0.90690680, 0.46064420
0.30119500, 0.02660900, 0.98103800
-0.76286170, 0.64180950, 0.07824711
0.90675020, 0.44882490
0.30158100, 0.06912100, 0.53365800
-0.78669820, 0.61467430, 0.05728377
0.90680920, 0.37736110
0.27615200, 0.03514500, 0.54872400
-0.78695260, 0.61435440, 0.05722124
0.90291450, 0.37976770
0.27615200, 0.03514500, 0.54872400
0.02016680, 0.39229980, 0.91961630
0.90291450, 0.37976770
0.00000000, 0.08458600, 0.53368800
-0.00029030, 0.38848760, 0.92145390
0.86061870, 0.37736610
0.00000000, 0.04890300, 0.54872400
-0.00031344, 0.38847890, 0.92145760
0.86061870, 0.37976770
0.30158100, 0.06912100, 0.53365800
0.02022419, 0.39258310, 0.91949420
0.90680920, 0.37736110
-0.30158100, 0.06912100, 0.53365800
-0.01963233, 0.39239410, 0.91958760
0.81442820, 0.37736110
-0.27615200, 0.03514500, 0.54872400
-0.01957921, 0.39299580, 0.91933180
0.81832300, 0.37976770
-0.27615200, 0.03514500, 0.54872400
0.78667350, 0.61466630, 0.05770696
0.81832300, 0.37976770
-0.30119500, 0.02660900, 0.98103800
0.76319600, 0.64143870, 0.07802715
0.81448730, 0.44882490
-0.27615200, -0.01147700, 1.04927900
0.66563240, 0.72842470, 0.16226830
0.81832300, 0.45972560
-0.30158100, 0.06912100, 0.53365800
0.78682140, 0.61447660, 0.05771177
0.81442820, 0.37736110
-0.30234300, 0.00771300, 1.05501700
0.60732500, 0.76743220, 0.20543650
0.81431140, 0.46064220
0.00000000, 0.08458600, 0.53368800
-0.00000002, 0.99542740, 0.09552108
0.69108340, 0.68205170
-0.30129700, 0.02660900, 0.98103800
-0.04763930, 0.98405430, 0.17136990
0.58944550, 0.83671430
0.00000000, 0.04098700, 0.98106900
0.00009292, 0.99077560, 0.13551290
0.69108340, 0.83672510
-0.30158100, 0.06912100, 0.53365800
-0.05099192, 0.99421730, 0.09450774
0.58934960, 0.68204120
-0.30215000, 0.00783100, 1.05525400
-0.05103206, 0.97259440, 0.22683890
0.58913300, 0.86260960
0.00000000, 0.02370800, 1.08724200
0.00020502, 0.98701550, 0.16062480
0.69108360, 0.87343240
0.30129700, 0.02660900, 0.98103800
0.04763230, 0.98389880, 0.17226230
0.79272120, 0.83671430
0.30158100, 0.06912100, 0.53365800
0.05099190, 0.99421730, 0.09450773
0.79281720, 0.68204120
0.30200200, 0.00773700, 1.05506500
0.05110437, 0.97224840, 0.22830120
0.79299190, 0.86244730
0.00000000, 0.07409900, 0.53249600
0.00001013, -0.99542820, -0.09551284
0.69108340, 0.68205170
-0.29757400, 0.01612200, 0.97984600
0.04818171, -0.98306620, -0.17680320
0.59009410, 0.83671460
-0.29785800, 0.05863400, 0.53246600
0.05162776, -0.99418480, -0.09450503
0.58977220, 0.68204240
0.00000000, 0.03050000, 0.97987700
-0.00008436, -0.99039840, -0.13824240
0.69108340, 0.83672510
-0.29842600, -0.00265600, 1.05079300
0.05158847, -0.97025250, -0.23653510
0.58997590, 0.86190330
0.00000000, 0.01322200, 1.08278200
-0.00019612, -0.98619500, -0.16558780
0.69108680, 0.87287960
0.29769100, 0.01612200, 0.97984600
-0.04815517, -0.98289810, -0.17774290
0.79209760, 0.83671250
0.29797500, 0.05863400, 0.53246600
-0.05160737, -0.99418580, -0.09450511
0.79241280, 0.68204150
0.29839700, -0.00275000, 1.05060400
-0.05163665, -0.96986920, -0.23809120
0.79217260, 0.86172700
-0.30215000, 0.00783100, 1.05525400
-0.07662903, -0.39026310, 0.91750900
0.58915020, 0.86261030
0.00000000, 0.01322200, 1.08278200
-0.07662903, -0.39026310, 0.91750900
0.69108680, 0.87287960
0.00000000, 0.02370800, 1.08724200
-0.07662903, -0.39026310, 0.91750900
0.69108360, 0.87343240
0.00000000, 0.01322200, 1.08278200
-0.07533147, -0.41283170, 0.90768670
0.69108680, 0.87287960
-0.30215000, 0.00783100, 1.05525400
-0.07533147, -0.41283170, 0.90768670
0.58915020, 0.86261030
-0.29842600, -0.00265600, 1.05079300
-0.07533147, -0.41283170, 0.90768670
0.58997590, 0.86190330
0.00000000, 0.02370800, 1.08724200
0.07496424, -0.41202210, 0.90808490
0.69108360, 0.87343240
0.29839700, -0.00275000, 1.05060400
0.07496424, -0.41202210, 0.90808490
0.79217260, 0.86172700
0.30200200, 0.00773700, 1.05506500
0.07496424, -0.41202210, 0.90808490
0.79297450, 0.86244570
0.29839700, -0.00275000, 1.05060400
0.07804178, -0.39022230, 0.91740720
0.79217260, 0.86172700
0.00000000, 0.02370800, 1.08724200
0.07804178, -0.39022230, 0.91740720
0.69108360, 0.87343240
0.00000000, 0.01322200, 1.08278200
0.07804178, -0.39022230, 0.91740720
0.69108680, 0.87287960
0.30200200, 0.00773700, 1.05506500
0.94496790, -0.31475500, -0.08924637
0.79297450, 0.86244570
0.29769100, 0.01612200, 0.97984600
0.94496790, -0.31475500, -0.08924637
0.79209760, 0.83671250
0.30129700, 0.02660900, 0.98103800
0.94496790, -0.31475500, -0.08924637
0.79268690, 0.83671450
0.29769100, 0.01612200, 0.97984600
0.95287690, -0.29061170, -0.08700821
0.79209760, 0.83671250
0.30200200, 0.00773700, 1.05506500
0.95287690, -0.29061170, -0.08700821
0.79297450, 0.86244570
0.29839700, -0.00275000, 1.05060400
0.95287690, -0.29061170, -0.08700821
0.79217260, 0.86172700
0.30129700, 0.02660900, 0.98103800
0.94628410, -0.32194240, -0.02999137
0.79268690, 0.83671450
0.29797500, 0.05863400, 0.53246600
0.94628410, -0.32194240, -0.02999137
0.79241280, 0.68204150
0.30158100, 0.06912100, 0.53365800
0.94628410, -0.32194240, -0.02999137
0.79281720, 0.68204120
0.29769100, 0.01612200, 0.97984600
0.94628410, -0.32194260, -0.02999138
0.79209760, 0.83671250
0.30158100, 0.06912100, 0.53365800
0.00569121, 0.11294120, -0.99358530
0.79281720, 0.68204120
0.00000000, 0.07409900, 0.53249600
0.00569121, 0.11294120, -0.99358530
0.69108340, 0.68205170
0.00000000, 0.08458600, 0.53368800
0.00569121, 0.11294120, -0.99358530
0.69108340, 0.68205170
0.00000000, 0.07409900, 0.53249600
0.00566032, 0.11101940, -0.99380210
0.69108340, 0.68205170
0.30158100, 0.06912100, 0.53365800
0.00566032, 0.11101940, -0.99380210
0.79281720, 0.68204120
0.29797500, 0.05863400, 0.53246600
0.00566032, 0.11101940, -0.99380210
0.79241280, 0.68204150
0.00000000, 0.08458600, 0.53368800
-0.00559043, 0.11098130, -0.99380680
0.69108340, 0.68205170
-0.29785800, 0.05863400, 0.53246600
-0.00559043, 0.11098130, -0.99380680
0.58977220, 0.68204240
-0.30158100, 0.06912100, 0.53365800
-0.00559043, 0.11098130, -0.99380680
0.58934960, 0.68204120
-0.29785800, 0.05863400, 0.53246600
-0.00576211, 0.11294130, -0.99358490
0.58977220, 0.68204240
0.00000000, 0.08458600, 0.53368800
-0.00576211, 0.11294130, -0.99358490
0.69108340, 0.68205170
0.00000000, 0.07409900, 0.53249600
-0.00576211, 0.11294130, -0.99358490
0.69108340, 0.68205170
-0.30158100, 0.06912100, 0.53365800
-0.94302250, -0.33129250, -0.03088214
0.58934960, 0.68204120
-0.29757400, 0.01612200, 0.97984600
-0.94302250, -0.33129250, -0.03088214
0.59009410, 0.83671460
-0.30129700, 0.02660900, 0.98103800
-0.94302250, -0.33129250, -0.03088214
0.58947970, 0.83671460
-0.29757400, 0.01612200, 0.97984600
-0.94302310, -0.33129080, -0.03088193
0.59009410, 0.83671460
-0.30158100, 0.06912100, 0.53365800
-0.94302310, -0.33129080, -0.03088193
0.58934960, 0.68204120
-0.29785800, 0.05863400, 0.53246600
-0.94302310, -0.33129080, -0.03088193
0.58977220, 0.68204240
-0.30129700, 0.02660900, 0.98103800
-0.94988420, -0.30028360, -0.08688893
0.58947970, 0.83671460
-0.29842600, -0.00265600, 1.05079300
-0.94988420, -0.30028360, -0.08688893
0.58997590, 0.86190330
-0.30215000, 0.00783100, 1.05525400
-0.94988420, -0.30028360, -0.08688893
0.58915020, 0.86261030
-0.29842600, -0.00265600, 1.05079300
-0.94135990, -0.32320350, -0.09685542
0.58997590, 0.86190330
-0.30129700, 0.02660900, 0.98103800
-0.94135990, -0.32320350, -0.09685542
0.58947970, 0.83671460
-0.29757400, 0.01612200, 0.97984600
-0.94135990, -0.32320350, -0.09685542
0.59009410, 0.83671460
# Number of Faces:
692
# Face Data:
0, 1, 2
0, 3, 4
3, 0, 2
5, 6, 7
6, 5, 8
9, 10, 11
10, 9, 12
4, 13, 14
13, 4, 3
7, 15, 16
15, 7, 6
17, 18, 19
17, 20, 18
17, 21, 20
22, 23, 24
23, 22, 25
26, 27, 28
27, 29, 28
29, 27, 30
30, 31, 29
31, 30, 32
33, 34, 35
34, 33, 36
12, 37, 38
29, 39, 40
39, 29, 31
35, 41, 42
41, 35, 34
40, 39, 43
44, 42, 41
42, 45, 46
44, 45, 42
47, 48, 49
48, 50, 49
21, 51, 52
51, 21, 17
44, 53, 54
53, 44, 41
55, 36, 56
36, 55, 34
24, 57, 58
57, 24, 23
59, 34, 60
34, 59, 41
61, 34, 55
34, 61, 60
41, 59, 62
62, 53, 41
63, 64, 65
65, 64, 66
66, 64, 67
68, 69, 70
69, 68, 71
71, 72, 69
72, 73, 69
73, 72, 74
74, 75, 73
75, 76, 73
76, 75, 77
9, 78, 79
80, 81, 82
81, 80, 83
81, 84, 82
84, 81, 85
86, 87, 88
87, 86, 89
90, 91, 92
91, 90, 93
82, 94, 95
94, 82, 84
88, 96, 97
96, 88, 87
92, 98, 99
98, 92, 91
100, 101, 102
100, 103, 101
104, 105, 106
105, 104, 95
95, 107, 105
107, 95, 94
99, 108, 109
108, 99, 98
110, 95, 111
95, 110, 82
112, 95, 104
95, 112, 111
82, 110, 113
113, 80, 82
114, 115, 116
116, 115, 117
117, 115, 118
119, 120, 121
120, 119, 122
122, 123, 120
123, 124, 120
124, 123, 125
125, 126, 124
126, 100, 124
100, 126, 103
127, 128, 129
128, 127, 130
131, 132, 133
132, 131, 134
135, 136, 137
136, 135, 138
97, 139, 140
139, 97, 96
138, 141, 136
141, 138, 142
142, 143, 141
143, 142, 144
6, 145, 146
145, 6, 8
33, 147, 148
147, 33, 149
149, 150, 147
150, 149, 151
151, 152, 150
152, 151, 85
85, 153, 152
153, 85, 81
81, 154, 153
154, 81, 83
155, 56, 156
56, 157, 156
157, 56, 36
36, 148, 157
148, 36, 33
154, 155, 156
155, 154, 158
154, 83, 158
159, 160, 161
160, 159, 162
163, 164, 165
164, 163, 166
166, 167, 164
167, 166, 168
168, 169, 167
169, 168, 170
171, 172, 173
172, 171, 174
175, 176, 177
176, 175, 178
178, 179, 176
179, 178, 180
181, 182, 183
161, 184, 185
184, 161, 160
165, 186, 187
186, 165, 164
188, 172, 189
172, 188, 173
177, 190, 191
190, 177, 176
176, 192, 190
192, 176, 179
183, 193, 194
193, 183, 182
185, 184, 195
194, 193, 196
197, 9, 198
9, 197, 12
199, 2, 1
199, 200, 2
200, 199, 201
5, 202, 8
202, 5, 203
204, 198, 205
198, 204, 197
201, 206, 200
206, 201, 207
203, 208, 202
208, 203, 209
210, 211, 212
211, 210, 213
214, 23, 25
23, 214, 215
26, 28, 216
216, 217, 218
217, 216, 28
218, 219, 220
219, 218, 217
221, 222, 223
222, 221, 224
197, 225, 226
197, 37, 12
37, 197, 226
217, 227, 219
227, 217, 228
224, 229, 222
229, 224, 230
231, 232, 233
232, 231, 234
235, 236, 237
228, 238, 227
230, 239, 229
239, 230, 240
241, 242, 243
243, 242, 50
243, 50, 48
244, 21, 52
244, 213, 21
244, 211, 213
239, 245, 229
245, 239, 246
223, 247, 248
247, 223, 222
215, 57, 23
57, 215, 249
250, 222, 229
222, 250, 251
252, 247, 222
222, 251, 252
229, 253, 250
253, 229, 245
254, 255, 256
255, 257, 256
257, 258, 256
259, 257, 260
257, 259, 258
260, 257, 261
261, 255, 262
255, 261, 257
262, 255, 263
263, 254, 264
254, 263, 255
9, 265, 198
265, 9, 79
198, 265, 266
267, 268, 269
268, 267, 270
267, 271, 272
271, 267, 269
273, 274, 275
274, 273, 276
277, 91, 93
91, 277, 278
279, 280, 281
280, 279, 282
280, 283, 281
269, 284, 271
284, 269, 285
276, 286, 274
286, 276, 287
278, 98, 91
98, 278, 288
100, 102, 289
289, 102, 290
289, 290, 291
292, 293, 285
293, 292, 294
285, 295, 284
295, 285, 293
288, 108, 98
108, 288, 296
297, 285, 269
285, 297, 298
299, 292, 285
285, 298, 299
269, 300, 297
300, 269, 268
301, 302, 303
302, 304, 303
304, 305, 303
306, 307, 308
307, 306, 309
308, 307, 310
310, 311, 312
311, 310, 307
312, 311, 313
313, 289, 291
289, 313, 311
127, 314, 315
314, 127, 129
131, 316, 317
316, 131, 133
318, 319, 320
319, 318, 321
287, 322, 286
322, 287, 323
320, 324, 325
324, 320, 319
325, 326, 327
326, 325, 324
202, 145, 8
145, 202, 328
221, 329, 330
329, 221, 331
330, 332, 333
332, 330, 329
333, 334, 272
334, 333, 332
272, 335, 267
335, 272, 334
267, 336, 270
336, 267, 335
337, 338, 248
248, 339, 223
339, 248, 338
223, 331, 221
331, 223, 339
336, 337, 340
337, 336, 338
336, 340, 270
341, 342, 343
342, 341, 344
345, 346, 347
346, 345, 348
347, 349, 350
349, 347, 346
350, 351, 352
351, 350, 349
353, 354, 355
354, 353, 356
357, 358, 359
358, 357, 360
359, 361, 362
361, 359, 358
363, 364, 365
344, 184, 342
184, 344, 366
348, 186, 346
186, 348, 187
356, 189, 354
189, 356, 188
360, 190, 358
190, 360, 191
358, 192, 361
192, 358, 190
363, 367, 364
367, 363, 194
366, 195, 184
194, 196, 367
368, 185, 369
185, 368, 161
185, 370, 369
370, 185, 195
195, 371, 370
371, 195, 366
366, 372, 371
372, 366, 344
373, 374, 375
374, 373, 376
376, 377, 374
377, 376, 378
375, 379, 380
379, 375, 374
374, 377, 379
381, 231, 233
231, 381, 382
254, 256, 383
256, 384, 383
384, 256, 258
385, 232, 234
232, 385, 386
67, 387, 388
387, 67, 64
389, 76, 390
115, 114, 391
392, 280, 282
280, 392, 393
305, 394, 303
394, 305, 395
396, 279, 281
279, 396, 397
398, 399, 400
399, 398, 401
402, 403, 404
403, 402, 405
406, 407, 408
407, 406, 409
410, 411, 412
411, 410, 413
400, 414, 415
414, 400, 399
404, 403, 416
412, 411, 417
408, 418, 419
418, 408, 407
412, 417, 420
415, 419, 418
419, 415, 414
416, 403, 421
398, 422, 401
422, 398, 423
402, 424, 405
424, 402, 425
406, 426, 409
426, 406, 427
410, 428, 413
428, 410, 429
423, 430, 422
430, 423, 431
425, 432, 424
429, 433, 428
427, 434, 426
434, 427, 435
433, 429, 436
431, 435, 430
435, 431, 434
432, 437, 424
438, 439, 440
439, 438, 441
442, 443, 444
443, 442, 445
446, 447, 448
447, 446, 449
450, 451, 452
451, 450, 453
441, 454, 439
454, 441, 455
445, 456, 443
453, 457, 451
449, 458, 447
458, 449, 459
453, 460, 457
455, 459, 454
459, 455, 458
456, 461, 443
438, 462, 463
462, 438, 440
442, 464, 465
464, 442, 444
446, 466, 467
466, 446, 448
450, 468, 469
468, 450, 452
463, 470, 471
470, 463, 462
465, 464, 472
469, 468, 473
467, 474, 475
474, 467, 466
469, 473, 476
471, 475, 474
475, 471, 470
472, 464, 477
478, 479, 480
479, 478, 481
478, 482, 483
482, 478, 480
484, 482, 485
482, 484, 483
486, 479, 481
479, 486, 487
486, 488, 487
488, 486, 489
488, 490, 491
490, 488, 489
492, 118, 115
115, 391, 492
493, 301, 303
303, 394, 493
494, 495, 496
495, 494, 497
498, 499, 500
499, 498, 501
502, 503, 504
503, 502, 505
506, 507, 508
507, 506, 509
508, 510, 511
510, 508, 507
494, 509, 506
509, 494, 496
512, 507, 509
507, 512, 513
513, 514, 507
514, 510, 507
510, 514, 515
503, 511, 510
511, 503, 505
516, 508, 511
508, 516, 517
517, 518, 508
518, 506, 508
506, 518, 519
520, 521, 522
521, 520, 523
524, 525, 526
525, 524, 527
528, 529, 530
529, 528, 531
532, 533, 534
533, 532, 535
536, 537, 538
537, 536, 539
540, 541, 542
541, 540, 543
540, 544, 543
544, 540, 545
546, 547, 548
547, 546, 549
546, 550, 551
550, 546, 548
552, 553, 554
553, 552, 555
556, 557, 558
557, 556, 559
559, 560, 557
560, 559, 561
562, 563, 564
563, 562, 565
566, 567, 568
567, 566, 569
569, 570, 567
570, 569, 571
572, 573, 574
573, 572, 575
576, 577, 578
577, 576, 579
578, 577, 580
580, 579, 581
579, 580, 577
581, 579, 576
582, 583, 584
583, 582, 585
586, 587, 588
587, 586, 589
590, 591, 592
591, 590, 593
592, 594, 595
594, 592, 591
595, 596, 597
596, 595, 594
597, 593, 590
593, 597, 596
598, 599, 600
599, 598, 601
602, 603, 604
603, 602, 605
602, 606, 607
606, 602, 604
608, 609, 610
609, 608, 611
608, 612, 611
612, 608, 613
614, 615, 616
615, 614, 617
618, 619, 620
619, 618, 621
620, 622, 623
622, 620, 619
624, 625, 626
625, 624, 627
628, 629, 630
629, 628, 631
630, 632, 633
632, 630, 629
634, 635, 636
635, 634, 637
638, 639, 640
639, 638, 641
641, 642, 639
642, 640, 639
640, 642, 643
643, 638, 640
644, 645, 646
645, 644, 647
648, 649, 650
649, 648, 651
652, 653, 654
653, 652, 655
655, 656, 653
656, 655, 657
657, 658, 656
658, 657, 659
659, 654, 658
654, 659, 652
210, 21, 213
21, 210, 20
660, 661, 662
18, 663, 19
664, 665, 666
665, 664, 667
668, 669, 670
669, 668, 671
672, 667, 664
667, 672, 673
673, 674, 667
674, 673, 675
676, 665, 677
665, 676, 678
678, 666, 665
666, 678, 679
680, 681, 666
681, 664, 666
665, 668, 670
668, 665, 667
667, 682, 668
682, 667, 674
677, 670, 683
670, 677, 665
681, 684, 664
685, 686, 687
686, 685, 688
688, 689, 686
689, 688, 690
690, 687, 689
687, 690, 685
687, 691, 692
691, 687, 686
686, 693, 691
693, 686, 689
689, 692, 693
692, 689, 687
692, 694, 695
694, 692, 691
691, 696, 694
696, 691, 693
693, 695, 696
695, 693, 692
695, 697, 698
697, 695, 694
694, 699, 697
699, 694, 696
696, 698, 699
698, 696, 695
698, 700, 701
700, 698, 697
697, 702, 700
702, 697, 699
699, 701, 702
701, 699, 698
701, 688, 685
688, 701, 700
700, 690, 688
690, 700, 702
702, 685, 690
685, 702, 701
703, 704, 705
704, 703, 706
707, 708, 709
708, 707, 710
711, 710, 707
710, 711, 712
712, 708, 710
708, 712, 713
713, 709, 708
709, 713, 714
714, 707, 709
707, 714, 711
715, 716, 717
716, 715, 718
718, 719, 716
719, 718, 720
721, 722, 723
722, 721, 724
723, 725, 726
725, 723, 722
727, 728, 729
727, 730, 731
730, 727, 729
732, 733, 734
733, 732, 735
734, 736, 737
736, 734, 733
738, 739, 740
739, 738, 741
740, 739, 742
743, 744, 745
744, 743, 746
747, 745, 744
745, 747, 748
743, 749, 750
749, 743, 745
745, 751, 749
751, 745, 748
752, 753, 754
753, 752, 755
756, 755, 757
755, 756, 753
752, 758, 755
758, 752, 759
755, 760, 757
760, 755, 758
761, 762, 763
764, 765, 766
767, 768, 769
770, 771, 772
773, 774, 775
776, 777, 778
779, 780, 781
780, 779, 782
783, 784, 785
786, 787, 788
789, 790, 791
792, 793, 794
795, 796, 797
798, 799, 800
801, 802, 803
804, 805, 806
