# Project Zomboid Mesh
# File Version:
1.00000000
# Model Name:
Vehicles_Van
# Vertex Stride Element Count:
3
# Vertex Stride Size (in bytes):
76
# Vertex Stride Data:
# (Int)    Offset
# (String) Type
0
VertexArray
12
NormalArray
24
TextureCoordArray
# Vertex Count:
819
# Vertex Buffer:
-0.00000400, -0.38963600, 1.15601800
0.00001392, -0.74949180, 0.66201370
0.89338780, 0.57425280
-0.42535000, -0.27559700, 1.14116400
-0.57842160, 0.43718590, 0.68869220
0.81026900, 0.55133150
-0.42535000, -0.38963600, 1.12923000
-0.54237970, -0.61404100, 0.57339160
0.81026900, 0.57425280
-0.00000400, -0.27559700, 1.17598800
0.00001990, 0.46741580, 0.88403760
0.89338770, 0.55133150
-0.41918700, -0.26250900, 1.10673900
-0.13836620, 0.93019880, -0.33997780
0.81147340, 0.54870080
-0.00000400, -0.26250900, 1.14476700
-0.00000757, 0.88300840, -0.46935720
0.89338770, 0.54870080
-0.41918700, -0.38963600, 1.10108500
0.31593370, -0.82277060, -0.47247690
0.81147340, 0.57425280
-0.00000400, -0.38963600, 1.12787300
-0.00001303, -0.67441360, -0.73835380
0.89338770, 0.57425280
-0.43986000, -0.27450500, 1.03430200
-0.18267870, 0.33549210, -0.92416100
0.80743350, 0.55111210
-0.43986100, -0.38956700, 1.06216400
-0.31026400, -0.47405140, -0.82402160
0.80743340, 0.57423850
0.42510800, -0.27559700, 1.14116400
0.57843490, 0.43718670, 0.68868050
0.97646070, 0.55133150
0.42510800, -0.38963600, 1.12923000
0.54238940, -0.61404220, 0.57338110
0.97646070, 0.57425280
0.41894400, -0.26250900, 1.10673900
0.13835260, 0.93019850, -0.33998430
0.97525620, 0.54870080
0.41894400, -0.38963600, 1.10108500
-0.31595140, -0.82276380, -0.47247690
0.97525620, 0.57425280
0.43961800, -0.27450500, 1.03430200
0.18267630, 0.33549830, -0.92415920
0.98269280, 0.55133150
0.43961800, -0.38956700, 1.06216400
0.31025560, -0.47405780, -0.82402100
0.98269270, 0.57425280
-0.13379900, 0.12139400, 0.81604400
-0.07067262, 0.62745550, 0.77543860
0.55342130, 0.69969140
0.00000000, 0.36556900, 0.62736100
-0.00000001, 0.62505670, 0.78057930
0.58076180, 0.63070020
-0.14437200, 0.36209600, 0.62265600
-0.08427965, 0.62184490, 0.77859220
0.55272480, 0.63026760
0.00000000, 0.12345700, 0.82096300
0.00000028, 0.62452330, 0.78100620
0.58081870, 0.70072020
-0.33108000, 0.34936100, 0.60255700
-0.37532120, 0.64606830, 0.66462750
0.51636660, 0.62601380
-0.35749700, 0.11181700, 0.79686800
-0.18865140, 0.63426950, 0.74974190
0.50615320, 0.69682380
-0.43924500, 0.10041900, 0.77555300
-0.31811180, 0.63033390, 0.70815540
0.48783820, 0.69442560
-0.36263900, 0.33335100, 0.57673900
-0.66687400, 0.59837420, 0.44410290
0.50531020, 0.62332180
0.13379900, 0.12139400, 0.81604400
0.07067250, 0.62745520, 0.77543880
0.60854300, 0.70006880
0.14437200, 0.36209600, 0.62265600
0.08427911, 0.62184460, 0.77859250
0.60847940, 0.63069690
0.33108000, 0.34936200, 0.60255700
0.37561570, 0.64576100, 0.66475980
0.64402570, 0.62612610
0.35749600, 0.11181700, 0.79686800
0.18932760, 0.63423130, 0.74960370
0.65649400, 0.69646230
0.43882900, 0.10041900, 0.77555300
0.31927260, 0.63009120, 0.70784880
0.67536090, 0.69322910
0.36263900, 0.33335100, 0.57673900
0.66704140, 0.59774500, 0.44469850
0.65427460, 0.62317430
-0.00000400, -0.38610200, -1.15318500
0.00008005, -0.77129200, -0.63648150
0.89136520, 0.03488940
-0.45028200, -0.30359300, -1.13833100
-0.52758050, 0.46296580, -0.71226500
0.80521490, 0.01510823
-0.00000400, -0.30359300, -1.17315500
0.00011529, 0.48301350, -0.87561290
0.89136520, 0.01510823
-0.45028200, -0.38610200, -1.12639600
-0.49141790, -0.63329640, -0.59786630
0.80521490, 0.03488940
-0.44411900, -0.29412300, -1.10390500
0.02042107, 0.92378920, 0.38235660
0.80615790, 0.01249027
-0.00000400, -0.29412300, -1.14193400
-0.00004770, 0.86791830, 0.49670710
0.89136520, 0.01249027
-0.44411900, -0.38610200, -1.09825200
0.27891820, -0.78461240, 0.55370400
0.80615790, 0.03488940
-0.00000400, -0.38610200, -1.12504000
-0.00007917, -0.65494100, 0.75568000
0.89136520, 0.03488940
-0.47901500, -0.30280200, -1.03146900
-0.31962960, 0.25712020, 0.91199020
0.80033650, 0.01510823
-0.47901500, -0.38605200, -1.05933100
-0.51023310, -0.39956840, 0.76158210
0.80051590, 0.03488940
0.44874500, -0.30359300, -1.13833100
0.53619920, 0.46181240, -0.70655490
0.97751530, 0.01510823
0.44874500, -0.38610200, -1.12639700
0.50271380, -0.63116990, -0.59068040
0.97751530, 0.03488940
0.44258200, -0.29412300, -1.10390500
-0.00792381, 0.92680290, 0.37546450
0.97934100, 0.01313174
0.44258200, -0.38610200, -1.09825200
-0.28777880, -0.79095920, 0.53996930
0.97943790, 0.03248990
0.47446300, -0.30280200, -1.03146900
0.29135070, 0.26744220, 0.91847130
0.97973500, 0.01488978
0.47446300, -0.38605200, -1.05933100
0.47401230, -0.41321910, 0.77753600
0.97973500, 0.03248990
0.13817600, 0.12646400, 0.67118700
-0.50000140, 0.81195940, 0.30119860
0.74719520, 0.12325720
0.23374400, 0.10744400, 0.67654700
-0.10150460, -0.50538470, 0.85690330
0.77182530, 0.12919760
0.24296400, 0.12646400, 0.67118700
0.50000260, 0.81195840, 0.30119910
0.77420140, 0.12325740
0.14739600, 0.10744400, 0.67654700
0.10150750, -0.50538580, 0.85690220
0.74957130, 0.12919760
0.23374400, 0.11554100, 0.65471900
-0.10150430, 0.17572330, -0.97919260
0.77182530, 0.12666870
0.14739600, 0.11554100, 0.65471900
0.10150740, 0.17571970, -0.97919300
0.74957130, 0.12666870
0.27691800, 0.03733300, 0.65053900
-0.20301120, -0.34055140, 0.91804750
0.78295210, 0.15109570
0.29535700, 0.04138100, 0.63962500
1.00000000, -0.00000100, 0.00000070
0.78770420, 0.14983130
0.27691800, 0.04543000, 0.62871100
-0.20301100, 0.34055390, -0.91804660
0.78295210, 0.14856670
0.23374400, -0.03277900, 0.62453100
-0.10151540, -0.17571450, 0.97919300
0.77182510, 0.17299370
0.24296400, -0.04370100, 0.60806400
0.50000750, -0.81195640, -0.30119650
0.77420140, 0.17640520
0.23374400, -0.02468100, 0.60270300
-0.10151570, 0.50538560, -0.85690130
0.77182510, 0.17046480
0.14739600, -0.03277900, 0.62453100
0.10150190, -0.17571850, 0.97919370
0.74957130, 0.17299370
0.13817600, -0.04370100, 0.60806400
-0.49999880, -0.81196100, -0.30119860
0.74719520, 0.17640520
0.14739600, -0.02468100, 0.60270300
0.10150330, 0.50538640, -0.85690240
0.74957130, 0.17046480
0.10422200, 0.03733300, 0.65053900
0.20300920, -0.34055220, 0.91804760
0.73844420, 0.15109570
0.08578300, 0.04138100, 0.63962500
-1.00000000, 0.00000116, -0.00000196
0.73369210, 0.14983130
0.10422200, 0.04543000, 0.62871100
0.20301240, 0.34055350, -0.91804650
0.73844420, 0.14856670
0.17816000, -0.03490400, 0.84836500
0.00000000, -0.34308610, 0.93930390
0.75284080, 0.14913150
0.20278400, -0.03490400, 0.84836500
0.00000000, -0.34308620, 0.93930390
0.76668610, 0.14913150
0.19047200, -0.02333900, 0.85258900
0.00000000, -0.34308520, 0.93930430
0.75976350, 0.14312460
0.19047200, -0.04646800, 0.84414100
0.00000000, -0.34308710, 0.93930360
0.75976350, 0.15513860
0.17816000, 0.04234000, 0.63688500
-0.81649660, 0.19808560, -0.54230560
0.75750000, 0.14953180
0.20278400, 0.04234000, 0.63688500
0.81649580, 0.19808620, -0.54230650
0.76384600, 0.14953180
0.19047200, 0.03077600, 0.63266100
0.00000491, -0.56886110, -0.82243360
0.76067300, 0.15314380
0.19047200, 0.05390400, 0.64110900
0.00000504, 0.96501920, -0.26217930
0.76067300, 0.14592000
0.17816000, -0.03490400, 0.84836500
-1.00000000, 0.00000027, -0.00000122
0.75750000, 0.17365740
0.19047200, -0.02333900, 0.85258900
-0.00000596, 0.93930490, 0.34308350
0.76067290, 0.17004550
0.20278400, -0.03490400, 0.84836500
1.00000000, -0.00000091, 0.00000098
0.76384600, 0.17365740
0.19047200, -0.04646800, 0.84414100
-0.00000580, -0.93930490, -0.34308350
0.76067290, 0.17726920
0.14437200, 0.36209600, 0.62265600
0.07422724, 0.55994560, 0.82519760
0.60064940, 0.46115610
0.33108000, 0.34936100, 0.26323000
0.25404740, 0.96719060, -0.00152315
0.50202490, 0.41207160
0.00465700, 0.36209600, 0.26323000
0.00066920, 0.99998710, -0.00503014
0.50208500, 0.49768020
0.33108000, 0.34936200, 0.60255700
0.26376440, 0.75569740, 0.59945790
0.59515430, 0.41202850
0.44973400, -0.36128100, 0.26098900
0.00031368, -0.99999960, -0.00081050
0.98584880, 0.34293130
0.44967900, -0.36090200, 0.67740500
0.00000191, -0.99999960, 0.00091205
0.98397720, 0.43221150
0.24217100, -0.36090200, 0.67779800
0.00019410, -0.99727210, -0.07381333
0.94070330, 0.43229560
0.36263900, 0.33335100, 0.26458700
0.74253730, 0.66888460, -0.03509540
0.50254330, 0.40373610
0.36263900, 0.33335200, 0.57673800
0.69203090, 0.71959920, 0.05718588
0.58809580, 0.40372460
0.33108000, 0.34100200, -1.02945300
0.44812250, 0.76153910, -0.46823540
0.15229590, 0.20373580
0.43882900, 0.09473700, -1.05545000
0.90055220, 0.25079830, -0.35511410
0.14528140, 0.27111780
0.40239100, 0.09473600, -1.09437900
0.70367990, 0.26647420, -0.65865470
0.13472270, 0.27123810
0.36263900, 0.33498900, -0.99185000
0.76086410, 0.61562760, -0.20515460
0.16275870, 0.20515200
0.40674100, 0.02450100, 0.99378300
0.79995820, 0.49100740, 0.34493260
0.69804560, 0.41518630
0.43882900, 0.10041900, 0.77555300
0.87774120, 0.45488950, 0.15048590
0.65238080, 0.40698810
0.35749600, 0.11181700, 0.79686800
0.10267000, 0.99400600, 0.03756296
0.65479590, 0.42423550
0.43882900, 0.10041900, 0.77555300
0.87774120, 0.45488950, 0.15048590
0.64084270, 0.26968030
0.43924000, -0.04194500, 0.99378400
0.93258780, 0.20895940, 0.29430590
0.69990960, 0.30870270
0.45742700, 0.00535100, 0.77517700
0.99699200, 0.07180313, -0.02917744
0.64074100, 0.29573880
0.40674100, 0.02450100, 0.99378300
0.79995820, 0.49100740, 0.34493260
0.69990960, 0.29048960
0.40131300, -0.04193900, 1.06389900
0.63782870, 0.18369240, 0.74795160
0.71754900, 0.30752170
0.42088300, -0.31140400, 1.05414200
-0.00016962, -0.99841850, 0.05621823
0.97797190, 0.51296420
0.40651700, -0.30907000, 1.09556000
0.00070817, -0.99860600, 0.05277888
0.97506260, 0.52193200
0.24161700, -0.31140400, 1.05360200
0.00253201, -0.98065750, 0.19571540
0.94058760, 0.51284840
0.00000000, -0.30906900, 1.14561300
-0.00000029, -0.99962500, 0.02738341
0.89020030, 0.53257090
0.00000000, -0.04193900, 1.11395200
-0.00000019, 0.11857750, 0.99294480
0.72265630, 0.49804690
0.40651700, -0.30907000, 1.09556000
0.58982040, 0.05486975, 0.80566810
0.78125000, 0.41796880
0.40131300, -0.04193900, 1.06389900
0.63782870, 0.18369240, 0.74795160
0.72265630, 0.41796880
0.00000000, -0.30906900, 1.14561300
-0.00000019, 0.11769860, 0.99304940
0.78125000, 0.49804690
0.44967900, -0.15427000, 0.86777900
0.99923000, 0.00409260, 0.03902048
0.66580470, 0.33949120
0.44250400, -0.20975600, 1.02068100
0.91058780, 0.05678094, 0.40939690
0.70718970, 0.35470020
0.44967900, -0.16660300, 0.94970900
0.99590650, 0.05926880, 0.06824532
0.68798010, 0.34287200
0.24217100, -0.36090200, 0.67779800
0.99999490, -0.00267714, 0.00174753
0.94070330, 0.43229560
0.24252200, -0.24253900, 0.71571800
0.99999270, -0.00312081, 0.00218537
0.94077620, 0.44042370
0.24197000, -0.30287200, 0.88193200
0.99999590, -0.00251638, 0.00133924
0.94066120, 0.47605140
0.24252100, -0.17595700, 0.78351000
0.99999410, -0.00282883, 0.00195379
0.94077620, 0.45495470
0.24247700, -0.15418000, 0.86812300
0.99999410, -0.00333778, 0.00079070
0.94076690, 0.47309140
0.24242000, -0.16660600, 0.94969400
0.99999540, -0.00293159, -0.00075292
0.94075510, 0.49057610
0.24242000, -0.20975900, 1.02066700
0.99998690, -0.00510082, 0.00017671
0.94075510, 0.50578890
0.24161700, -0.31140400, 1.05360200
0.99998450, -0.00526908, 0.00179298
0.94058760, 0.51284840
0.42088300, -0.31140400, 1.05414200
0.00092594, -0.31134300, -0.95029720
0.97797190, 0.51296420
0.24242000, -0.20975900, 1.02066700
0.00104880, -0.62008550, -0.78453360
0.94075510, 0.50578890
0.44250400, -0.20975600, 1.02068100
0.00006380, -0.64879920, -0.76095960
0.98248090, 0.50579200
0.24161700, -0.31140400, 1.05360200
0.00286844, -0.30826190, -0.95129720
0.94058760, 0.51284840
0.24242000, -0.16660600, 0.94969400
-0.00023287, -0.93986640, -0.34154210
0.94075510, 0.49057610
0.44967900, -0.16660300, 0.94970900
0.00003543, -0.94202110, -0.33555360
0.98397720, 0.49057920
0.44967900, -0.15427000, 0.86777900
-0.00007603, -0.99868730, 0.05122297
0.98397720, 0.47301770
0.24247700, -0.15418000, 0.86812300
-0.00034754, -0.99874640, 0.05005573
0.94076690, 0.47309140
0.44967900, -0.17595400, 0.78352400
-0.00002243, -0.87071710, 0.49178420
0.98397720, 0.45495780
0.24252200, -0.24253900, 0.71571800
-0.00005248, -0.52438410, 0.85148190
0.94077620, 0.44042370
0.44967900, -0.24253600, 0.71573200
0.00057747, -0.52545400, 0.85082180
0.98397720, 0.44042670
0.24252100, -0.17595700, 0.78351000
-0.00002341, -0.87072740, 0.49176600
0.94077620, 0.45495470
0.24217100, -0.36090200, 0.67779800
0.00057954, -0.30611480, 0.95199440
0.94070330, 0.43229560
0.44967900, -0.36090200, 0.67740500
0.00180041, -0.30805410, 0.95136710
0.98397720, 0.43221150
0.37801200, 0.31136400, 0.55329300
0.98889310, 0.03876135, 0.14348520
0.58068550, 0.21185980
0.36263900, 0.33335200, 0.57673800
0.69203090, 0.71959920, 0.05718588
0.58703110, 0.20583300
0.43914500, 0.10007900, 0.73263300
0.92805670, 0.37065470, -0.03641366
0.62922600, 0.26977370
0.37801200, 0.31136400, 0.29803400
0.97492480, 0.15625560, -0.15844820
0.51159640, 0.21185980
0.36263900, 0.33335100, 0.26458700
0.74253730, 0.66888460, -0.03509540
0.50245810, 0.20609240
0.43914500, 0.09275800, 0.29533100
0.97833350, 0.20621130, -0.01844947
0.51086490, 0.27178010
0.43882900, 0.09309900, 0.26367100
0.97774650, 0.20977120, -0.00279888
0.50207160, 0.27178630
0.44978000, -0.00208800, 0.29511100
0.99833410, 0.05746109, 0.00522056
0.51080520, 0.29777800
0.45000600, -0.00197000, 0.26098700
0.99830440, 0.05811108, 0.00339632
0.50166560, 0.29762770
0.44956900, -0.32080200, 0.29511300
0.99999360, 0.00183767, 0.00308846
0.51080570, 0.38513820
0.44973400, -0.36128100, 0.26098900
0.99999900, 0.00052897, 0.00130203
0.50156960, 0.39623110
0.44978000, 0.00523200, 0.73147800
0.98883380, 0.03268914, -0.14539300
0.62891340, 0.29577150
0.44967900, -0.36090200, 0.67740500
0.99992140, 0.01030534, -0.00713425
0.61427780, 0.39612950
0.44900600, -0.32080200, 0.64503900
0.99992550, 0.01078167, -0.00571927
0.60501900, 0.38513810
0.37801200, 0.31136400, 0.55329300
0.98889310, 0.03876135, 0.14348520
0.15008140, 0.68934020
0.33066700, 0.33201300, 0.29803400
-0.41535720, -0.90965180, 0.00345577
0.14246410, 0.60375120
0.37801200, 0.31136400, 0.29803400
0.97492480, 0.15625560, -0.15844820
0.15008140, 0.60375120
0.33066700, 0.34100800, 0.59912900
-0.17031560, -0.67366290, 0.71914600
0.14246410, 0.70470910
0.37801200, 0.31136400, 0.29803400
-0.00576273, -0.01358046, 0.99989120
0.17028180, 0.82696370
0.41735700, 0.09562200, 0.29533100
-0.00099818, -0.00945051, 0.99995480
0.17827280, 0.87582000
0.43914500, 0.09275800, 0.29533100
-0.00084699, -0.00645698, 0.99997880
0.18269790, 0.87646840
0.33066700, 0.33201300, 0.29803400
-0.00183859, -0.01191742, 0.99992730
0.16066610, 0.82228770
0.42702900, 0.00077500, 0.29511100
-0.00015769, -0.00129491, 0.99999920
0.18023720, 0.89729870
0.44978000, -0.00208800, 0.29511100
-0.00012336, -0.00103214, 0.99999950
0.18485790, 0.89794730
0.42268100, -0.31793900, 0.29511300
0.04755637, 0.88145690, 0.46986400
0.17935410, 0.96947370
0.44956900, -0.32080200, 0.29511300
0.07616635, 0.72598610, 0.68347850
0.18481510, 0.97012220
0.44956900, -0.32080200, 0.29511300
0.07616635, 0.72598610, 0.68347850
0.31970670, 0.98867100
0.41348100, -0.31793900, 0.66432900
0.03136809, 0.99950790, 0.00011496
0.32712960, 0.91467640
0.44900600, -0.32080200, 0.64503900
0.08040972, 0.99676190, 0.00012897
0.31963570, 0.91747910
0.42268100, -0.31793900, 0.29511300
0.04755637, 0.88145690, 0.46986400
0.32518490, 0.98922290
0.44900600, -0.32080200, 0.64503900
-0.44992920, 0.23054040, -0.86279480
0.31963570, 0.91747910
0.41348100, -0.31793900, 0.66432900
-0.30679800, 0.27501520, -0.91117600
0.32712960, 0.91467640
0.44967900, -0.15167800, 0.68987800
-0.45762930, 0.23068670, -0.85869620
0.31760520, 0.88074680
0.44978000, 0.00523200, 0.73147800
-0.40113210, 0.02408822, -0.91570350
0.31865100, 0.84614310
0.35807900, 0.10294200, 0.73875200
-0.20426820, -0.33493770, -0.91983220
0.33721040, 0.82564620
0.43914500, 0.10007900, 0.73263300
-0.07513257, 0.00371778, -0.99716660
0.32088580, 0.82748080
0.33962800, 0.00809500, 0.79157100
-0.23965610, -0.06644078, -0.96858170
0.34295950, 0.84466050
0.43914500, 0.10007900, 0.73263300
0.92805670, 0.37065470, -0.03641366
0.32088580, 0.82748080
0.35807900, 0.10294200, 0.73875200
0.02193089, 0.98639860, -0.16290140
0.33721040, 0.82564620
0.35749600, 0.11181700, 0.79686800
0.10267000, 0.99400600, 0.03756296
0.33754660, 0.81411730
0.33066700, 0.34100800, 0.59912900
-0.05572158, -0.99743680, 0.04488829
0.14246410, 0.70470910
0.00000000, 0.34593000, 0.29803400
0.00000000, -0.99921460, 0.03962581
0.08929554, 0.60375020
0.33066700, 0.33201300, 0.29803400
-0.04203288, -0.99867070, 0.02983500
0.14246410, 0.60375120
0.14733800, 0.35495500, 0.61964600
-0.05051973, -0.99741320, 0.05113383
0.11296780, 0.71158850
0.00000000, 0.09556600, 0.29533100
-0.00000016, -0.01104975, 0.99993900
0.09350803, 0.87583270
0.00000000, 0.34593000, 0.29803400
-0.00000017, -0.01079799, 0.99994170
0.09320335, 0.81969260
0.39437400, 0.07898100, 0.32976700
0.36191150, 0.44324370, 0.82009460
0.45056980, 0.70052790
-0.40146200, -0.12820700, 0.32954700
-0.62699020, 0.34607430, 0.69793680
0.33108580, 0.67276530
0.40146200, -0.12820700, 0.32954700
0.62699010, 0.34607460, 0.69793680
0.44731410, 0.67205880
-0.39437400, 0.07898100, 0.32976600
-0.36191170, 0.44324350, 0.82009460
0.32760520, 0.70052790
0.40146200, -0.14431600, 0.57514800
0.54049740, 0.58783090, 0.60192810
0.44401360, 0.63791840
-0.42268100, -0.31794300, 0.57515000
-0.72825410, 0.08582820, 0.67991130
0.32020470, 0.61435700
0.42268100, -0.31794300, 0.57515000
0.72825390, 0.08582829, 0.67991160
0.45760420, 0.62049330
-0.40146200, -0.14431600, 0.57514800
-0.54049730, 0.58783080, 0.60192820
0.33416130, 0.63791840
0.00000000, -0.31799500, 0.29695400
0.00000000, 1.00000000, -0.00000167
0.41023110, 0.98938700
0.00000000, -0.31799500, 0.70577700
-0.00000020, 1.00000000, -0.00000028
0.41022560, 0.90859180
0.00000000, 0.00071900, 0.80793600
0.00062922, -0.02333702, -0.99972740
0.41026770, 0.84425020
0.00000000, -0.31799500, 0.70577700
0.00214151, 0.30523520, -0.95227460
0.41022560, 0.90859180
0.00000000, 0.10288600, 0.76586300
0.00000020, -0.39965390, -0.91666620
0.41027620, 0.82100100
0.13379900, 0.12139400, 0.81604400
-0.01494283, 0.95702550, -0.28961860
0.38303020, 0.81005870
0.00000000, 0.10288600, 0.76586300
0.00000002, 0.94246890, -0.33429400
0.41027620, 0.82100100
0.00000000, 0.35818700, 0.62453500
-0.00000001, -0.99929610, 0.03751547
0.08926210, 0.71322760
0.00000000, 0.12345700, 0.82096300
0.00000000, 0.93683420, -0.34977370
0.41027560, 0.80909280
0.33108000, 0.34936200, 0.60255700
0.26376440, 0.75569740, 0.59945790
0.14253040, 0.70585830
0.14733800, 0.35495500, 0.61964600
0.05568391, -0.36796540, 0.92817070
0.11296780, 0.71158850
0.14437200, 0.36209600, 0.62265600
0.07422724, 0.55994560, 0.82519760
0.11249040, 0.71259760
0.00000000, 0.36556900, 0.62736100
-0.00016708, 0.57086570, 0.82104340
0.08926210, 0.71417510
0.00000000, 0.35818700, 0.62453500
-0.00000024, -0.35749610, 0.93391470
0.08926210, 0.71322760
0.41735700, 0.09562200, 0.29533100
0.54374230, 0.52868840, 0.65179200
0.45654590, 0.70209090
0.42702900, 0.00077500, 0.29511100
0.68452120, 0.06467415, 0.72611840
0.45566140, 0.68840860
0.42268100, -0.31794400, 0.32954900
0.99780070, 0.05309522, 0.03968225
0.47678150, 0.65706680
0.42268100, -0.31793900, 0.29511300
0.99990700, -0.01364104, -0.00000203
0.47960070, 0.66018810
0.00000000, 0.09556600, 0.29533100
-0.00000006, 0.90092060, 0.43398390
0.38908760, 0.70887820
0.24187600, -0.40813300, 0.88446700
0.99999840, -0.00085413, 0.00158214
0.94061890, 0.48146080
0.40651700, -0.30907000, 1.09556000
0.58982040, 0.05486975, 0.80566810
0.72745660, 0.38192220
0.42088300, -0.31140400, 1.05414200
0.93928170, -0.09086748, 0.33089730
0.71624640, 0.38256220
0.44967900, -0.17595400, 0.78352400
0.99979170, -0.01912072, -0.00714206
0.64300020, 0.34543510
0.44967900, -0.15167800, 0.68987800
0.99999890, -0.00065183, -0.00131413
0.61765360, 0.33878080
0.44967900, -0.24253600, 0.71573200
0.99998190, -0.00065214, -0.00598359
0.62465140, 0.36368530
0.41330200, -0.32692100, -1.09609500
0.41064950, -0.03567845, -0.91109500
0.13425820, 0.38681520
0.44981400, -0.28866100, -1.06502700
0.93034780, -0.03951372, -0.36454310
0.14266720, 0.37632800
0.44967900, -0.32692100, -1.05629200
0.94623740, -0.07516940, -0.31461770
0.14503160, 0.38681520
0.44981400, -0.28866100, -1.06502700
0.66431490, -0.02741740, -0.74694990
0.13384120, 0.37634210
0.41330200, -0.32692000, -1.09609500
0.39147880, -0.01462423, -0.92007090
0.13425820, 0.38681490
-0.24141500, -0.31140400, 1.05360200
-0.00253069, -0.98065040, 0.19575110
0.84040240, 0.51310590
-0.24180500, -0.40813300, 0.88446700
0.00000001, -0.98922910, 0.14637560
0.83962850, 0.47978750
0.24187600, -0.40813300, 0.88446700
0.00000000, -0.98920390, 0.14654560
0.94061890, 0.48146080
-0.24225100, -0.36090200, 0.67779800
-0.00000103, -0.99732010, -0.07316197
0.83963070, 0.43216670
-0.44973400, -0.36182800, 0.26098900
0.00038083, -0.99999970, -0.00067632
0.79822730, 0.34284910
0.27470000, -0.35975500, -0.30755100
-0.00026556, -0.99718990, 0.07491428
0.94748680, 0.22108790
-0.27462100, -0.35975500, -0.30755100
0.00042170, -0.99722420, 0.07445667
0.83300750, 0.22113940
0.44967900, -0.36002600, -0.30756000
-0.00155342, -0.99999640, -0.00220714
0.98397720, 0.22108610
-0.27462900, -0.41570700, -0.54548700
0.00000004, -0.99546560, -0.09512249
0.83285370, 0.16879640
0.27470500, -0.41570700, -0.54548600
0.00000001, -0.99546560, -0.09512272
0.94732200, 0.16939970
0.44989800, -0.15441400, -0.53578300
0.99999970, -0.00075214, 0.00002854
0.28591360, 0.33953060
0.45000700, -0.00033200, -1.06759300
0.92295410, 0.07478639, -0.37757470
0.14197270, 0.29729650
0.33108000, 0.35098200, -1.00450600
0.28098850, 0.94075230, -0.18981730
0.15583270, 0.41204850
0.36263900, 0.33498900, -0.99185000
0.76086410, 0.61562760, -0.20515460
0.15925770, 0.40353970
0.00000000, 0.36717900, -1.02333600
-0.00000094, 0.99062860, -0.13658330
0.15098280, 0.49933390
-0.27462100, -0.32678700, -0.74380600
0.00040859, -0.99028900, -0.13902360
0.83327730, 0.12738420
0.00000000, -0.32692000, -1.13117700
0.00000000, -0.99999990, 0.00035760
0.89020170, 0.04439574
0.27470000, -0.32678700, -0.74380600
-0.00040877, -0.99028910, -0.13902290
0.94748680, 0.12757770
0.41330200, -0.32692100, -1.09609500
-0.00019772, -1.00000000, 0.00003220
0.97639120, 0.05206513
0.44967900, -0.32705900, -0.74381400
-0.00141968, -0.99999900, -0.00024561
0.98397720, 0.12757590
0.44967900, -0.32692100, -1.05629200
0.00048382, -0.99999980, -0.00044217
0.98397720, 0.06059694
0.33108000, 0.34100200, -1.02945300
0.44812250, 0.76153910, -0.46823540
0.14896910, 0.41202860
0.00000000, 0.35524000, -1.06796500
0.00000008, 0.96603200, -0.25842240
0.13832140, 0.49912410
0.41214700, -0.00032900, -1.10753500
0.72089130, 0.08080829, -0.68832090
0.13116200, 0.29729550
0.44967900, -0.32705900, -0.74381400
0.99999900, -0.00136733, 0.00025695
0.22960740, 0.38685300
0.44976700, -0.25157000, -0.73286800
0.99999930, -0.00120427, -0.00002912
0.23257030, 0.36616130
0.44989800, -0.18033100, -0.65358800
0.99999980, -0.00071750, -0.00005009
0.25402830, 0.34663460
0.44984100, -0.18254200, -0.41797800
0.99999930, -0.00120280, 0.00007571
0.31779910, 0.34724060
0.44979100, -0.26870700, -0.34418600
0.99999960, -0.00084485, -0.00007338
0.33777150, 0.37085870
0.41314700, -0.28871200, -1.09763600
0.49263130, -0.03171723, -0.86965990
0.13384120, 0.37634210
0.27470000, -0.35975500, -0.30755100
0.04433444, -0.44512920, -0.89436820
0.94748680, 0.22108790
0.44979100, -0.26870700, -0.34418600
0.01668099, -0.51715800, -0.85572740
0.98400060, 0.21323530
0.44967900, -0.36002600, -0.30756000
-0.00062335, -0.37225690, -0.92812950
0.98397720, 0.22108610
0.27470500, -0.22535300, -0.38107400
0.08331461, -0.71385510, -0.69531970
0.94748790, 0.20532860
0.44984100, -0.18254200, -0.41797800
0.03807374, -0.85462960, -0.51784030
0.98401080, 0.19741830
0.27470800, -0.15414200, -0.53577400
0.07757463, -0.99675890, -0.02130526
0.94748840, 0.17216890
0.44989800, -0.15441400, -0.53578300
-0.00155204, -0.99995940, -0.00887421
0.98402270, 0.17216700
0.44989800, -0.18033100, -0.65358800
0.02919804, -0.89065930, 0.45373280
0.98402270, 0.14691570
0.27470600, -0.21567900, -0.69321900
0.09741151, -0.72609380, 0.68066060
0.94748800, 0.13842080
0.44976700, -0.25157000, -0.73286800
0.02652888, -0.47080920, 0.88183610
0.98399560, 0.12992230
0.27470000, -0.32678700, -0.74380600
0.08993974, -0.34518980, 0.93421350
0.94748680, 0.12757770
0.44967900, -0.32705900, -0.74381400
-0.00017456, -0.14351160, 0.98964860
0.98397720, 0.12757590
0.27470600, -0.21567900, -0.69321900
1.00000000, -0.00005033, 0.00000273
0.94748800, 0.13842080
0.27470000, -0.32021300, -0.54546200
1.00000000, 0.00002292, 0.00000165
0.94748680, 0.17009230
0.27470000, -0.32678700, -0.74380600
1.00000000, -0.00002076, 0.00000088
0.94748680, 0.12757770
0.27470000, -0.32021300, -0.54546200
1.00000000, -0.00004851, 0.00000067
0.94748680, 0.17009230
0.27470800, -0.15414200, -0.53577400
1.00000000, -0.00004850, 0.00000055
0.94748840, 0.17216890
0.27470500, -0.22535300, -0.38107400
1.00000000, -0.00004396, -0.00000515
0.94748790, 0.20532860
0.27470000, -0.35975500, -0.30755100
1.00000000, -0.00001220, -0.00000187
0.94748680, 0.22108790
0.27470500, -0.41570700, -0.54548600
1.00000000, 0.00005433, 0.00000420
0.94732200, 0.16939970
-0.14437200, 0.36209600, 0.62265600
-0.07406927, 0.56013260, 0.82508490
0.60064940, 0.53713210
-0.33108000, 0.34936100, 0.26323000
-0.25364740, 0.96729550, -0.00156338
0.50232200, 0.58622760
-0.33108000, 0.34936200, 0.60255700
-0.26376460, 0.75569600, 0.59945960
0.59515430, 0.58626010
-0.44967900, -0.36090200, 0.67740500
-0.00000440, -0.99999750, 0.00222597
0.79642360, 0.43221150
-0.36263900, 0.33335100, 0.26458700
-0.74253810, 0.66888370, -0.03509555
0.50270040, 0.59411910
-0.36263900, 0.33335200, 0.57673800
-0.69184730, 0.71980030, 0.05687593
0.58809580, 0.59456400
-0.33108000, 0.34100200, -1.02945300
-0.44812320, 0.76153890, -0.46823510
0.15229590, 0.00676525
-0.43882800, 0.09473700, -1.05545000
-0.90055210, 0.25079850, -0.35511410
0.14528120, 0.07414728
-0.36263900, 0.33498900, -0.99185000
-0.76086490, 0.61562670, -0.20515440
0.16277310, 0.00817013
-0.40239100, 0.09473600, -1.09437900
-0.70368020, 0.26647430, -0.65865440
0.13472270, 0.07426763
-0.43924500, 0.10041900, 0.77555300
-0.88003190, 0.45200540, 0.14572250
0.65238680, 0.59004510
-0.40674100, 0.02450100, 0.99378300
-0.79936710, 0.49124460, 0.34596370
0.69809190, 0.58177100
-0.35749700, 0.11181700, 0.79686800
-0.10224680, 0.99404780, 0.03761179
0.65479870, 0.57271420
-0.43924500, 0.10041900, 0.77555300
-0.88003190, 0.45200540, 0.14572250
0.64084270, 0.07270980
-0.43924000, -0.04194500, 0.99378300
-0.93257300, 0.20870170, 0.29453540
0.69990960, 0.11173210
-0.40674100, 0.02450100, 0.99378300
-0.79936710, 0.49124460, 0.34596370
0.69990960, 0.09351909
-0.45742800, 0.00535100, 0.77517700
-0.99707050, 0.07034317, -0.03003854
0.64074100, 0.09876829
-0.40131300, -0.04193900, 1.06389900
-0.63782880, 0.18369240, 0.74795150
0.71888710, 0.11173060
-0.42088300, -0.31140400, 1.05414200
0.00016938, -0.99841850, 0.05621832
0.80242880, 0.51296420
-0.40651800, -0.30907000, 1.09556000
-0.00070734, -0.99860600, 0.05277893
0.80534100, 0.52193280
-0.40651800, -0.30907000, 1.09556000
-0.58982040, 0.05486975, 0.80566810
0.78125000, 0.58007810
-0.40131300, -0.04193900, 1.06389900
-0.63782880, 0.18369240, 0.74795150
0.72265630, 0.58007810
-0.44967900, -0.15427000, 0.86777900
-0.99923000, 0.00409237, 0.03902031
0.66580470, 0.14252070
-0.44967900, -0.16660300, 0.94970900
-0.99590660, 0.05926842, 0.06824470
0.68798010, 0.14590140
-0.44250400, -0.20975600, 1.02068100
-0.91058780, 0.05678088, 0.40939680
0.70718970, 0.15772970
-0.24225100, -0.36090200, 0.67779800
-0.99998840, -0.00403843, 0.00263578
0.83963070, 0.43216670
-0.24194700, -0.30287200, 0.88193200
-0.99999080, -0.00379612, 0.00201983
0.83974430, 0.47605140
-0.24277900, -0.24253900, 0.71571800
-0.99998350, -0.00470740, 0.00329615
0.83957090, 0.44042370
-0.24277900, -0.17595700, 0.78351000
-0.99998650, -0.00426710, 0.00294665
0.83957090, 0.45495470
-0.24262700, -0.16660600, 0.94969400
-0.99998960, -0.00442222, -0.00113611
0.83960270, 0.49057610
-0.24271200, -0.15418000, 0.86812300
-0.99998660, -0.00503499, 0.00119219
0.83958470, 0.47309140
-0.24262700, -0.20975900, 1.02066700
-0.99997040, -0.00769427, 0.00026613
0.83960270, 0.50578890
-0.24141500, -0.31140400, 1.05360200
-0.99996480, -0.00794826, 0.00270425
0.84040240, 0.51310590
-0.42088300, -0.31140400, 1.05414200
-0.00092506, -0.31134480, -0.95029660
0.80242880, 0.51296420
-0.24262700, -0.20975900, 1.02066700
-0.00104903, -0.61973580, -0.78480980
0.83960270, 0.50578890
-0.24141500, -0.31140400, 1.05360200
-0.00286438, -0.30827220, -0.95129390
0.84040240, 0.51310590
-0.44250400, -0.20975600, 1.02068100
-0.00006329, -0.64879910, -0.76095980
0.79791990, 0.50579200
-0.24262700, -0.16660600, 0.94969400
0.00023327, -0.93985890, -0.34156300
0.83960270, 0.49057610
-0.44967900, -0.16660300, 0.94970900
-0.00003522, -0.94202110, -0.33555360
0.79642360, 0.49057920
-0.44967900, -0.15427000, 0.86777900
0.00007616, -0.99868720, 0.05122305
0.79642360, 0.47301770
-0.24271200, -0.15418000, 0.86812300
0.00034797, -0.99874840, 0.05001597
0.83958470, 0.47309140
-0.44967900, -0.17595400, 0.78352400
0.00002219, -0.87071710, 0.49178420
0.79642360, 0.45495780
-0.24277900, -0.24253900, 0.71571800
0.00005214, -0.52428860, 0.85154060
0.83957090, 0.44042370
-0.24277900, -0.17595700, 0.78351000
0.00002308, -0.87073830, 0.49174660
0.83957090, 0.45495470
-0.44967900, -0.24253600, 0.71573200
-0.00057788, -0.52545390, 0.85082190
0.79642360, 0.44042670
-0.24225100, -0.36090200, 0.67779800
-0.00058086, -0.30611600, 0.95199400
0.83963070, 0.43216670
-0.44967900, -0.36090200, 0.67740500
-0.00180145, -0.30805420, 0.95136710
0.79642360, 0.43221150
-0.37801200, 0.31136400, 0.55329300
-0.98902490, 0.03904194, 0.14249730
0.58068550, 0.01488924
-0.43914500, 0.10007900, 0.73263300
-0.92973420, 0.36555390, -0.04432502
0.62922600, 0.07280320
-0.36263900, 0.33335200, 0.57673800
-0.69184730, 0.71980030, 0.05687593
0.58703110, 0.00886250
-0.37801200, 0.31136400, 0.29803400
-0.97492480, 0.15625550, -0.15844820
0.51159640, 0.01488924
-0.36263900, 0.33335100, 0.26458700
-0.74253810, 0.66888370, -0.03509555
0.50219350, 0.00880653
-0.43914500, 0.09275800, 0.29533100
-0.97833350, 0.20621110, -0.01845057
0.51086490, 0.07480961
-0.43882900, 0.09309900, 0.26367100
-0.97774650, 0.20977100, -0.00279964
0.50228290, 0.07482708
-0.44978000, -0.00208800, 0.29511100
-0.99833410, 0.05746098, 0.00521944
0.51080520, 0.10080740
-0.45000600, -0.00197000, 0.26098700
-0.99830440, 0.05811116, 0.00339565
0.50169310, 0.10066660
-0.44956900, -0.32080200, 0.29511300
-0.99999360, 0.00180987, 0.00309772
0.51080570, 0.18816760
-0.44973400, -0.36182800, 0.26098900
-0.99999900, 0.00052429, 0.00129079
0.50156860, 0.19941330
-0.44978000, 0.00523200, 0.73147800
-0.98883380, 0.03268910, -0.14539310
0.62891340, 0.09880096
-0.44967900, -0.36090200, 0.67740500
-0.99992480, 0.01003795, -0.00705026
0.61427800, 0.19916190
-0.44900600, -0.32080200, 0.64319700
-0.99992690, 0.01084705, -0.00535379
0.60501900, 0.18816760
-0.37801200, 0.31136400, 0.55329300
-0.98902490, 0.03904194, 0.14249730
0.02844279, 0.68934020
-0.33066700, 0.33201300, 0.29803400
0.41535720, -0.90965180, 0.00345589
0.03606005, 0.60375120
-0.33066700, 0.34100800, 0.59912900
0.17031580, -0.67366510, 0.71914390
0.03606005, 0.70470910
-0.37801200, 0.31136400, 0.29803400
-0.97492480, 0.15625550, -0.15844820
0.02844279, 0.60375120
-0.37801200, 0.31136400, 0.29803400
0.00576273, -0.01358046, 0.99989120
0.01673424, 0.82696370
-0.41735700, 0.09562200, 0.29533100
0.00099811, -0.00945049, 0.99995480
0.00874324, 0.87582000
-0.33066700, 0.33201300, 0.29803400
0.00183837, -0.01191737, 0.99992730
0.02634985, 0.82228770
-0.43914500, 0.09275800, 0.29533100
0.00084686, -0.00645700, 0.99997880
0.00431810, 0.87646840
-0.42702900, 0.00077500, 0.29511100
0.00015615, -0.00129503, 0.99999920
0.00677886, 0.89729870
-0.44978000, -0.00208800, 0.29511100
0.00012170, -0.00103225, 0.99999950
0.00215815, 0.89794730
-0.42268100, -0.31793900, 0.29511300
-0.04756059, 0.88145440, 0.46986820
0.00766187, 0.96947370
-0.44956900, -0.32080200, 0.29511300
-0.07616087, 0.72597990, 0.68348570
0.00220099, 0.97012220
-0.44956900, -0.32080200, 0.29511300
-0.07616087, 0.72597990, 0.68348570
0.50076090, 0.98860030
-0.41348100, -0.31793900, 0.66248800
-0.03131751, 0.99950950, 0.00011569
0.49333950, 0.91496050
-0.42268100, -0.31793900, 0.29511300
-0.04756059, 0.88145440, 0.46986820
0.49528010, 0.98917020
-0.44900600, -0.32080200, 0.64319700
-0.08041016, 0.99676190, 0.00012964
0.50083210, 0.91777640
-0.44900600, -0.32080200, 0.64319700
0.44833550, 0.23948470, -0.86118660
0.50083210, 0.91777640
-0.44967900, -0.15167800, 0.68987800
0.45082290, 0.23719650, -0.86052110
0.50281450, 0.88092720
-0.41348100, -0.31793900, 0.66248800
0.30557240, 0.28103250, -0.90975060
0.49333950, 0.91496050
-0.44978000, 0.00523200, 0.73147800
0.40113200, 0.02408836, -0.91570350
0.50186430, 0.84794210
-0.35807900, 0.10294200, 0.73875200
0.20426850, -0.33493760, -0.91983220
0.48333900, 0.82571600
-0.33962800, 0.00809500, 0.79157100
0.23912770, -0.06455398, -0.96883990
0.47756420, 0.84586350
-0.43914500, 0.10007900, 0.73263300
0.07513257, 0.00371778, -0.99716660
0.49966010, 0.82757830
-0.43914500, 0.10007900, 0.73263300
-0.92973420, 0.36555390, -0.04432502
0.49966010, 0.82757830
-0.35749700, 0.11181700, 0.79686800
-0.10224680, 0.99404780, 0.03761179
0.48300710, 0.81416960
-0.35807900, 0.10294200, 0.73875200
-0.02193084, 0.98639860, -0.16290140
0.48333900, 0.82571600
-0.33066700, 0.34100800, 0.59912900
0.05572155, -0.99743680, 0.04488831
0.03606005, 0.70470910
-0.14733800, 0.35495500, 0.61964600
0.05051971, -0.99741320, 0.05113385
0.06555635, 0.71158840
-0.33066700, 0.33201300, 0.29803400
0.04203285, -0.99867070, 0.02983500
0.03606005, 0.60375120
-0.13379900, 0.12139400, 0.81604400
0.01494292, 0.95702550, -0.28961840
0.43752090, 0.81008020
-0.33108000, 0.34936200, 0.60255700
-0.26376460, 0.75569600, 0.59945960
0.03599367, 0.70585830
-0.14733800, 0.35495500, 0.61964600
-0.05568351, -0.36797290, 0.92816770
0.06555635, 0.71158840
-0.14437200, 0.36209600, 0.62265600
-0.07406927, 0.56013260, 0.82508490
0.06603368, 0.71259760
-0.41735700, 0.09562200, 0.29533100
-0.54374240, 0.52868840, 0.65179200
0.32162920, 0.70209090
-0.42702900, 0.00077500, 0.29511100
-0.68452110, 0.06467416, 0.72611860
0.32162150, 0.68751610
-0.42268100, -0.31794400, 0.32954900
-0.99780070, 0.05309512, 0.03968197
0.30139360, 0.65706720
-0.42268100, -0.31793900, 0.29511300
-0.99990700, -0.01364104, -0.00000203
0.29857440, 0.66018840
-0.24180500, -0.40813300, 0.88446700
-0.99999630, -0.00128903, 0.00238635
0.83962850, 0.47978750
-0.40651800, -0.30907000, 1.09556000
-0.58982040, 0.05486975, 0.80566810
0.72745660, 0.18495170
-0.42088300, -0.31140400, 1.05414200
-0.93928170, -0.09086748, 0.33089730
0.71624640, 0.18559160
-0.44967900, -0.17595400, 0.78352400
-0.99979170, -0.01912087, -0.00714257
0.64300020, 0.14846450
-0.44967900, -0.15167800, 0.68987800
-0.99999890, -0.00064963, -0.00130955
0.61765360, 0.14181030
-0.44967900, -0.24253600, 0.71573200
-0.99998270, -0.00062704, -0.00585912
0.62465140, 0.16671480
-0.44981400, -0.28866100, -1.06502700
-0.90956760, -0.03853739, -0.41376520
0.14266720, 0.17935750
-0.41330200, -0.32692100, -1.09609600
-0.40894460, -0.03565902, -0.91186230
0.13425820, 0.18984470
-0.44967900, -0.32692100, -1.05629200
-0.94623740, -0.07517032, -0.31461750
0.14503160, 0.18984470
-0.41330200, -0.32692000, -1.09609600
-0.38936380, -0.01461346, -0.92096810
0.13425820, 0.18984470
-0.44967900, -0.36002600, -0.30756000
0.00155276, -0.99999380, -0.00316948
0.79642360, 0.22108610
-0.44979100, -0.26870700, -0.34418700
-0.99999960, -0.00084504, -0.00007403
0.33777150, 0.17388810
-0.44967900, -0.36002600, -0.30756000
-0.99999920, -0.00126489, -0.00010103
0.34768510, 0.19891900
-0.45000600, -0.00033200, -1.06759400
-0.92295370, 0.07478677, -0.37757570
0.14190020, 0.10024800
-0.44989700, -0.15441400, -0.53578300
-0.99999970, -0.00075232, 0.00002820
0.28591360, 0.14256010
-0.33108000, 0.35098200, -1.00450700
-0.28098960, 0.94075200, -0.18981720
0.15595790, 0.58655570
-0.36263900, 0.33498900, -0.99185000
-0.76086490, 0.61562670, -0.20515440
0.15938780, 0.59458050
-0.41330200, -0.32692100, -1.09609600
0.00019771, -1.00000000, 0.00003213
0.80400960, 0.05206513
-0.44967900, -0.32705900, -0.74381500
0.00141902, -0.99999900, -0.00024568
0.79642360, 0.12757590
-0.44967900, -0.32692100, -1.05629200
-0.00048382, -0.99999980, -0.00044217
0.79642360, 0.06059694
-0.33108000, 0.34100200, -1.02945300
-0.44812320, 0.76153890, -0.46823510
0.14896910, 0.58626010
-0.41214700, -0.00032900, -1.10753500
-0.72089060, 0.08080862, -0.68832170
0.13116200, 0.10032500
-0.44967900, -0.32705900, -0.74381500
-0.99999900, -0.00136690, 0.00025665
0.22960740, 0.18988250
-0.44976700, -0.25157000, -0.73286800
-0.99999930, -0.00120388, -0.00002922
0.23257030, 0.16919080
-0.44989800, -0.18033100, -0.65358800
-0.99999980, -0.00071829, -0.00005052
0.25402830, 0.14966410
-0.44984000, -0.18254200, -0.41797800
-0.99999930, -0.00120291, 0.00007546
0.31779910, 0.15027010
-0.41314600, -0.28871200, -1.09763600
-0.49263110, -0.03171701, -0.86966010
0.13384120, 0.17937150
-0.44967900, -0.36002600, -0.30756000
-0.05574044, -0.42159440, -0.90506970
0.79642360, 0.22108610
-0.27462900, -0.22535300, -0.38107400
-0.07014658, -0.70355950, -0.70716580
0.83292880, 0.20532860
-0.27462100, -0.35975500, -0.30755100
0.00078814, -0.47991900, -0.87731240
0.83300750, 0.22113940
-0.44979100, -0.26870700, -0.34418700
-0.06184422, -0.48996600, -0.86954500
0.79640020, 0.21323530
-0.44984000, -0.18254200, -0.41797800
-0.03804327, -0.85462870, -0.51784410
0.79638990, 0.19741830
-0.27463300, -0.15414200, -0.53577400
-0.04318016, -0.99902950, 0.00869043
0.83292790, 0.17216890
-0.44989700, -0.15441400, -0.53578300
-0.03829358, -0.99884610, 0.02898573
0.79637800, 0.17216700
-0.27463000, -0.21567900, -0.69322000
-0.07685161, -0.74398680, 0.66376010
0.83292860, 0.13865400
-0.44989800, -0.18033100, -0.65358800
-0.08902287, -0.90581940, 0.41420560
0.79637800, 0.14691570
-0.44976700, -0.25157000, -0.73286800
-0.02650635, -0.47081060, 0.88183600
0.79640500, 0.12992230
-0.27462100, -0.32678700, -0.74380600
-0.08991239, -0.34521930, 0.93420520
0.83327730, 0.12738420
-0.44967900, -0.32705900, -0.74381500
0.00017448, -0.14351160, 0.98964860
0.79642360, 0.12757590
-0.27463000, -0.21567900, -0.69322000
-1.00000000, -0.00007622, 0.00000378
0.83292860, 0.13865400
-0.27462100, -0.32678700, -0.74380600
-1.00000000, -0.00003167, 0.00000086
0.83327730, 0.12738420
-0.27462100, -0.32021300, -0.54546200
-1.00000000, 0.00003446, 0.00000205
0.83293020, 0.17009230
-0.27462100, -0.32021300, -0.54546200
-1.00000000, -0.00007320, 0.00000074
0.83293020, 0.17009230
-0.27463300, -0.15414200, -0.53577400
-1.00000000, -0.00007319, 0.00000056
0.83292790, 0.17216890
-0.27462900, -0.22535300, -0.38107400
-1.00000000, -0.00006630, -0.00000815
0.83292880, 0.20532860
-0.27462100, -0.35975500, -0.30755100
-1.00000000, -0.00001841, -0.00000322
0.83300750, 0.22113940
-0.27462900, -0.41570700, -0.54548700
-1.00000000, 0.00008189, 0.00000590
0.83285370, 0.16879640
0.00000000, -0.32692000, -1.13117700
0.00000013, -0.04449648, -0.99900950
0.01556275, 0.49590660
-0.41314600, -0.28871200, -1.09763600
-0.49263110, -0.03171701, -0.86966010
0.02439615, 0.58810630
0.00000000, -0.28871200, -1.13288900
0.00000025, -0.04477860, -0.99899690
0.02441199, 0.49592460
-0.41330200, -0.32692000, -1.09609600
-0.38936380, -0.01461346, -0.92096810
0.01552770, 0.58814080
-0.41330200, -0.32692100, -1.09609600
-0.40894460, -0.03565902, -0.91186230
0.01552770, 0.58814080
0.41330200, -0.32692000, -1.09609500
0.39147880, -0.01462423, -0.92007090
0.01552770, 0.40370860
0.41330200, -0.32692100, -1.09609500
0.41064950, -0.03567845, -0.91109500
0.01552770, 0.40370860
0.41314700, -0.28871200, -1.09763600
0.49263130, -0.03171723, -0.86965990
0.02439615, 0.40374340
0.00000000, 0.36556900, 0.62736100
-0.00016708, 0.57086570, 0.82104340
0.60193570, 0.49914430
0.44967900, -0.36002600, -0.30756000
0.99999920, -0.00126427, -0.00009947
0.34768510, 0.39588950
-0.44978000, 0.00523200, 0.73147800
-0.99811290, 0.06139772, -0.00103084
0.62891340, 0.09880096
-0.43914500, 0.09275800, 0.29533100
-0.99376970, 0.11143760, -0.00186863
0.51086490, 0.07480961
-0.44978000, -0.00208800, 0.29511100
-0.99849500, 0.05483436, -0.00091978
0.51080520, 0.10080740
-0.43914500, 0.10007900, 0.73263300
-0.99376740, 0.11145740, -0.00186459
0.62922600, 0.07280320
-0.44956900, -0.32080200, 0.29511300
-0.99999860, -0.00162941, 0.00042285
0.51080570, 0.18816760
-0.44967900, -0.15167800, 0.68987800
-0.99999840, -0.00172615, 0.00046053
0.61765360, 0.14181030
-0.52490300, 0.20351300, 0.60038400
0.26869370, -0.00726598, -0.96319820
0.76677580, 0.28888790
-0.46346800, 0.07242200, 0.61851100
0.26869350, -0.00726606, -0.96319830
0.77700470, 0.36065800
-0.52597000, 0.07293700, 0.60107200
0.26869340, -0.00726612, -0.96319840
0.76716350, 0.36037600
-0.46240000, 0.20299700, 0.61782400
0.26869380, -0.00726592, -0.96319820
0.77661700, 0.28917000
-0.52490300, 0.20351300, 0.60038400
-0.65810560, 0.39298470, 0.64223060
0.76677580, 0.28888790
-0.50138300, 0.08634300, 0.63407700
-0.25280970, -0.36160150, 0.89740270
0.78578870, 0.35303650
-0.50058500, 0.19004400, 0.63356400
-0.24685170, 0.37627100, 0.89301980
0.78549910, 0.29626200
-0.52597000, 0.07293700, 0.60107200
-0.66430630, -0.37438060, 0.64694380
0.76716350, 0.36037600
-0.46346800, 0.07242200, 0.61851100
0.22796170, -0.38113390, 0.89597460
0.77700470, 0.36065800
-0.46240000, 0.20299700, 0.61782400
0.23633380, 0.38654720, 0.89147500
0.77661700, 0.28917000
-0.43702900, 0.04430700, 0.62857900
0.95129790, -0.30827290, 0.00000000
0.78268600, 0.37605010
-0.43475200, 0.05133300, 0.61944000
0.95129790, -0.30827290, 0.00000000
0.77752860, 0.37220410
-0.43475200, 0.05133300, 0.62857900
0.95129790, -0.30827290, 0.00000000
0.78268600, 0.37220410
-0.43702900, 0.04430700, 0.61944000
0.95129790, -0.30827290, 0.00000000
0.77752860, 0.37605010
-0.50239400, 0.08511800, 0.62857900
-0.95129600, 0.30827910, 0.00000000
0.78268600, 0.35370710
-0.50011700, 0.09214300, 0.61944000
-0.95129600, 0.30827910, 0.00000000
0.77752860, 0.34986100
-0.50239400, 0.08511800, 0.61944000
-0.95129600, 0.30827910, 0.00000000
0.77752860, 0.35370710
-0.50011700, 0.09214300, 0.62857900
-0.95129600, 0.30827910, 0.00000000
0.78268600, 0.34986100
-0.43702900, 0.04430700, 0.62857900
-0.40468500, -0.64816790, 0.64506470
0.78268600, 0.37605010
-0.50011700, 0.09214300, 0.62857900
0.40468580, 0.64817180, 0.64506020
0.78268600, 0.34986100
-0.50239400, 0.08511800, 0.62857900
-0.34651070, -0.55499450, 0.75624830
0.78268600, 0.35370710
-0.43475200, 0.05133300, 0.62857900
0.34651310, 0.55500120, 0.75624220
0.78268600, 0.37220410
-0.50011700, 0.09214300, 0.61944000
0.40468150, 0.64816300, -0.64507170
0.77752860, 0.34986100
-0.43475200, 0.05133300, 0.61944000
0.34651480, 0.55500110, -0.75624160
0.77752860, 0.37220410
-0.50239400, 0.08511800, 0.61944000
-0.34651810, -0.55500820, -0.75623490
0.77752860, 0.35370710
-0.43702900, 0.04430700, 0.61944000
-0.40468390, -0.64816850, -0.64506470
0.77752860, 0.37605010
-0.44900600, -0.32080200, 0.64319700
-0.99998890, -0.00442656, 0.00161744
0.60501900, 0.18816760
-0.43024900, -0.00660200, 0.71381500
0.99775900, -0.06690074, 0.00112835
0.64297280, 0.88899170
-0.41961400, 0.07365700, 0.31556600
0.99260300, -0.12138830, 0.00204432
0.51679130, 0.86432030
-0.41961300, 0.08037000, 0.71487400
0.99260070, -0.12140710, 0.00204046
0.64330820, 0.86225690
-0.43024900, -0.01331500, 0.31536400
0.99821310, -0.05974638, 0.00100652
0.51672760, 0.89105510
-0.43003800, -0.30556800, 0.31536600
0.99999830, 0.00177595, -0.00046320
0.51672790, 0.98089200
-0.43014800, -0.15048500, 0.67566800
0.99999810, 0.00188403, -0.00050570
0.63088610, 0.93322040
-0.42947500, -0.30556800, 0.63455100
0.99998690, 0.00480880, -0.00176460
0.61785880, 0.98089200
-0.41961300, 0.08037000, 0.71487400
0.62753810, -0.08081952, 0.77437980
0.64330820, 0.86225690
-0.44978000, 0.00523200, 0.73147800
0.61970850, -0.12754060, 0.77439960
0.64856910, 0.88535400
-0.43024900, -0.00660200, 0.71381500
0.60501060, -0.16430050, 0.77908120
0.64297280, 0.88899170
-0.43914500, 0.10007900, 0.73263300
0.62545890, -0.07958527, 0.77618770
0.64893500, 0.85619870
-0.41961400, 0.07365700, 0.31556600
0.70537020, 0.70873980, -0.01186611
0.51679130, 0.86432030
-0.43914500, 0.10007900, 0.73263300
0.70488330, 0.70922310, -0.01191953
0.64893500, 0.85619870
-0.41961300, 0.08037000, 0.71487400
0.70484750, 0.70925870, -0.01192347
0.64330820, 0.86225690
-0.43914500, 0.09275800, 0.29533100
0.70538630, 0.70872370, -0.01186434
0.51038000, 0.85844890
-0.43024900, -0.01331500, 0.31536400
0.70961770, -0.03037961, -0.70393160
0.51672760, 0.89105510
-0.43914500, 0.09275800, 0.29533100
0.68251620, -0.07996527, -0.72648280
0.51038000, 0.85844890
-0.41961400, 0.07365700, 0.31556600
0.67773560, -0.08118353, -0.73081030
0.51679130, 0.86432030
-0.44978000, -0.00208800, 0.29511100
0.70602340, -0.04652563, -0.70665850
0.51031040, 0.88760410
-0.43003800, -0.30556800, 0.31536600
0.71966200, 0.00047468, -0.69432440
0.51672790, 0.98089200
-0.44956900, -0.32080200, 0.29511300
0.71964780, 0.00047277, -0.69433920
0.51031090, 0.98557470
-0.42947500, -0.30556800, 0.63455100
0.61477940, -0.78869850, -0.00099740
0.61785880, 0.98089200
-0.44956900, -0.32080200, 0.29511300
0.61563720, -0.78802900, -0.00107822
0.51031090, 0.98557470
-0.43003800, -0.30556800, 0.31536600
0.61571760, -0.78796620, -0.00108580
0.51672790, 0.98089200
-0.44900600, -0.32080200, 0.64319700
0.61474210, -0.78872750, -0.00099389
0.62059800, 0.98557470
-0.43014800, -0.15048500, 0.67566800
0.58128430, -0.21110920, 0.78583800
0.63088610, 0.93322040
-0.44900600, -0.32080200, 0.64319700
0.53747720, -0.21497180, 0.81541730
0.62059800, 0.98557470
-0.42947500, -0.30556800, 0.63455100
0.53064580, -0.21506160, 0.81985570
0.61785880, 0.98089200
-0.44967900, -0.15167800, 0.68987800
0.58350250, -0.21061950, 0.78432410
0.63538840, 0.93358700
-0.43914500, 0.09275800, 0.29533100
-0.96240370, 0.27161520, -0.00209994
0.66454450, 0.07302439
-0.37801200, 0.31136400, 0.55329300
-0.96208490, 0.27273230, -0.00312213
0.73436510, 0.01310408
-0.37801200, 0.31136400, 0.29803400
-0.96305100, 0.26931900, -0.00000059
0.66527610, 0.01310408
-0.43914500, 0.10007900, 0.73263300
-0.96162270, 0.27433670, -0.00459128
0.78290560, 0.07101798
0.32702100, 0.30533800, 0.22809400
-0.00300959, -0.13163720, -0.99129340
0.19798800, 0.71839210
0.00018600, 0.07663600, 0.25945600
0.00000012, -0.06727363, -0.99773450
0.24635600, 0.74977070
0.00018600, 0.33298500, 0.22678700
0.00000006, -0.12641640, -0.99197730
0.24549100, 0.71532420
0.39597400, 0.07393600, 0.25945600
-0.00109441, -0.05743644, -0.99834860
0.19221170, 0.75041840
0.00000000, -0.29046400, 0.26096300
-0.00000086, 0.99999930, 0.00118844
0.24637590, 0.80103890
0.40546800, -0.29018400, -0.28720300
-0.00024693, 0.99999990, 0.00032922
0.19079930, 0.87944840
0.25957500, -0.29047300, -0.28719300
-0.00084616, 0.99999900, -0.00108348
0.21075830, 0.87944090
0.40556700, -0.29139100, 0.25907800
0.00229465, 0.99999490, 0.00220918
0.19145370, 0.80068130
0.40498800, -0.01185300, 0.25925700
-0.99804250, -0.06110225, 0.01333467
0.19109440, 0.76107490
0.40546800, -0.29018400, -0.28720300
-0.99999970, -0.00028054, -0.00073592
0.11456690, 0.79936590
0.40556700, -0.29139100, 0.25907800
-0.99999790, -0.00207259, 0.00017684
0.19145370, 0.80068130
0.40561400, -0.15239700, -0.41090600
-0.99999930, -0.00089897, -0.00074499
0.09733701, 0.78086690
0.37164200, -0.01559500, -1.09254400
-0.99662100, -0.06647537, 0.04824485
0.00256662, 0.76247450
0.40566500, -0.12534300, -0.54288500
-0.98668380, -0.16103530, 0.02286356
0.07895461, 0.77723480
0.36284900, 0.07583800, -1.07988200
-0.98441730, -0.17431850, 0.02314241
0.00427552, 0.75006570
0.39597400, 0.07393600, 0.25945600
-0.98144910, -0.19021410, 0.02400358
0.19221170, 0.75041840
0.32702100, 0.30533800, 0.22809400
-0.65772940, -0.75306710, 0.01679019
0.19798800, 0.71839210
0.29857800, 0.31269600, -1.01739200
-0.63774350, -0.77018370, 0.01001367
0.01251013, 0.71767690
0.32702100, 0.30533800, 0.22809400
-0.65772940, -0.75306710, 0.01679019
0.20012060, 0.71612320
0.00018600, 0.32639000, -1.05445900
-0.00000001, -0.99999510, -0.00314445
0.24618120, 0.60097420
0.29857800, 0.31269600, -1.01739200
-0.63774350, -0.77018370, 0.01001367
0.20429970, 0.60649070
0.00018600, 0.33298500, 0.22678700
-0.00000003, -0.99998680, 0.00514667
0.24549100, 0.71532420
0.25957500, -0.29113100, -0.77593700
0.00057500, 0.99999240, -0.00384852
0.21071680, 0.94737780
0.37254300, -0.29296100, -1.08301700
-0.12259440, 0.97685070, -0.17530880
0.19530390, 0.99012050
0.00018600, -0.29296100, -1.11694700
0.00031407, 0.99092740, 0.13439800
0.24624610, 0.99489520
0.40546800, -0.29139300, -0.77594600
0.00179162, 0.99998440, -0.00529839
0.19079930, 0.94741690
0.40566600, -0.15027000, -0.67486400
-0.99166240, -0.11855620, 0.05049858
0.06057177, 0.78058140
0.37254300, -0.29296100, -1.08301700
-0.99613430, -0.01588810, 0.08639450
0.00372294, 0.79973870
0.40546800, -0.29139300, -0.77594600
-0.99145670, -0.07503543, 0.10669280
0.04649280, 0.79952820
0.40546800, -0.29018400, -0.28720300
-0.00020419, 0.66720440, 0.74487470
0.19079930, 0.87944840
0.25958100, -0.15213500, -0.41089600
-0.64235420, 0.66474770, 0.38143360
0.21075760, 0.89665020
0.25957500, -0.29047300, -0.28719300
-0.47419640, 0.58687930, 0.65628540
0.21075830, 0.87944090
0.40561400, -0.15239700, -0.41090600
0.00158485, 0.86745060, 0.49752080
0.19077900, 0.89665140
0.25958300, -0.12508200, -0.54287500
-0.66542700, 0.74644050, 0.00578957
0.21075760, 0.91500420
0.40566500, -0.12534300, -0.54288500
0.00179108, 0.99996860, 0.00772465
0.19077230, 0.91500560
0.25958300, -0.15000900, -0.67485500
-0.63159310, 0.65368770, -0.41687240
0.21075760, 0.93335830
0.40566600, -0.15027000, -0.67486400
0.00147479, 0.84295120, -0.53798790
0.19077230, 0.93335960
0.25957500, -0.29113100, -0.77593700
-0.51598170, 0.49882220, -0.69637580
0.21071680, 0.94737780
0.40546800, -0.29139300, -0.77594600
0.00099035, 0.58230670, -0.81296860
0.19079930, 0.94741690
-0.32665000, 0.30533800, 0.22809300
0.00300982, -0.13163700, -0.99129340
0.29270480, 0.71972270
-0.39560300, 0.07393600, 0.25945600
0.00108643, -0.05899924, -0.99825750
0.30014630, 0.75015760
-0.25912900, -0.29047300, -0.28719300
0.00083604, 0.99999900, -0.00110162
0.28172250, 0.87944700
-0.40509700, -0.29018400, -0.28720300
0.00024675, 0.99999990, 0.00032952
0.30169220, 0.87944840
-0.40519600, -0.29139100, 0.25907800
-0.00229676, 0.99999490, 0.00220918
0.30125830, 0.80068130
-0.40509700, -0.29018400, -0.28720300
0.99991550, -0.01081762, -0.00720503
0.37865070, 0.79936590
-0.39817400, -0.01418800, 0.25926100
0.99930390, -0.03522289, 0.01229080
0.30114100, 0.76249920
-0.40519600, -0.29139100, 0.25907800
0.99967920, -0.02532643, 0.00012575
0.30125830, 0.80068130
-0.40524200, -0.15239700, -0.41090600
0.99978230, -0.01984070, -0.00645370
0.39588060, 0.78086690
0.25958000, -0.29098900, -0.54278700
-0.00001120, 0.99999910, -0.00131518
0.21072110, 0.91495520
-0.25913600, -0.29100900, -0.54278700
-0.00003993, 0.99999920, -0.00131139
0.28172330, 0.91499190
-0.40529400, -0.12534300, -0.54288500
0.98304060, -0.18246310, 0.01839563
0.41426310, 0.77723480
-0.37127000, -0.01559500, -1.09254400
0.99666010, -0.06778548, 0.04553828
0.49071500, 0.76229500
-0.36247800, 0.07583800, -1.07988200
0.98482170, -0.17235520, 0.02049009
0.48899010, 0.74976150
-0.39560300, 0.07393600, 0.25945600
0.98818410, -0.15134510, 0.02422568
0.30014630, 0.75015760
-0.32665000, 0.30533800, 0.22809300
0.65772970, -0.75306680, 0.01679041
0.29270480, 0.71972270
-0.29820700, 0.31269600, -1.01739200
0.63774350, -0.77018370, 0.01001394
0.48024810, 0.71768780
-0.29820700, 0.31269600, -1.01739200
0.63774350, -0.77018370, 0.01001394
0.28744550, 0.60616910
-0.25912900, -0.29113100, -0.77593700
-0.00058441, 0.99999250, -0.00382683
0.28172250, 0.94741560
-0.37217100, -0.29296100, -1.08301700
0.12116700, 0.97727320, -0.17394190
0.29718800, 0.99012050
-0.40509700, -0.29139300, -0.77594600
-0.00179072, 0.99998440, -0.00529830
0.30169220, 0.94741690
-0.37217100, -0.29296100, -1.08301700
0.99613430, -0.01588807, 0.08639468
0.48949470, 0.79973870
-0.40529400, -0.15027000, -0.67486400
0.99166260, -0.11855480, 0.05049917
0.43264550, 0.78058140
-0.40509700, -0.29139300, -0.77594600
0.99145660, -0.07503632, 0.10669330
0.44672440, 0.79952820
-0.40509700, -0.29018400, -0.28720300
0.00020377, 0.66720450, 0.74487450
0.30169220, 0.87944840
-0.25913700, -0.15213500, -0.41089600
0.64235230, 0.66475190, 0.38142940
0.28172370, 0.89665020
-0.40524200, -0.15239700, -0.41090600
-0.00158423, 0.86745070, 0.49752060
0.30171200, 0.89665140
-0.25912900, -0.29047300, -0.28719300
0.47423440, 0.58687050, 0.65626580
0.28172250, 0.87944700
-0.25914000, -0.12508200, -0.54287500
0.66542390, 0.74644330, 0.00578720
0.28172420, 0.91500420
-0.40529400, -0.12534300, -0.54288500
-0.00179022, 0.99996860, 0.00772446
0.30171880, 0.91500560
-0.25914100, -0.15000900, -0.67485500
0.63158790, 0.65369500, -0.41686870
0.28172420, 0.93335830
-0.40529400, -0.15027000, -0.67486400
-0.00147450, 0.84295170, -0.53798740
0.30171960, 0.93335960
-0.25912900, -0.29113100, -0.77593700
0.51602140, 0.49881880, -0.69634880
0.28172250, 0.94741560
-0.40509700, -0.29139300, -0.77594600
-0.00099239, 0.58230660, -0.81296870
0.30169220, 0.94741690
0.33108000, 0.34100200, -1.02945300
-0.23938430, -0.12969270, -0.96222390
0.11582200, 0.43258730
0.36284900, 0.07583800, -1.07988200
-0.38860530, 0.10607700, -0.91527790
0.11932050, 0.48732800
0.29857800, 0.31269600, -1.01739200
-0.16604000, -0.21734320, -0.96186940
0.11224290, 0.43843060
0.40239100, 0.09473600, -1.09437900
-0.38746660, 0.11027920, -0.91526400
0.12367510, 0.48342670
0.37164200, -0.01559500, -1.09254400
-0.35357940, 0.01786639, -0.93523390
0.12028880, 0.50620340
0.41214700, -0.00032900, -1.10753500
-0.35973660, 0.03911640, -0.93223360
0.12474940, 0.50305190
0.37254300, -0.29296100, -1.08301700
-0.12259440, 0.97685070, -0.17530880
0.12038810, 0.56346310
0.41314700, -0.28871200, -1.09763600
-0.35118490, 0.22916900, -0.90782750
0.12485940, 0.56258590
0.00018600, -0.29296100, -1.11694700
0.00031407, 0.99092740, 0.13439800
0.07934430, 0.56385870
0.00000000, -0.28871200, -1.13288900
0.00083021, 0.96639630, 0.25705550
0.07936054, 0.56164570
-0.37217100, -0.29296100, -1.08301700
0.12116700, 0.97727320, -0.17394190
0.03837766, 0.56346310
-0.41314600, -0.28871200, -1.09763600
0.34810570, 0.22760740, -0.90940490
0.03386516, 0.56258590
-0.37127000, -0.01559500, -1.09254400
0.35044350, 0.01889171, -0.93639330
0.03847679, 0.50620340
-0.41214700, -0.00032900, -1.10753500
0.35802440, 0.04014044, -0.93284900
0.03397541, 0.50305190
-0.36247800, 0.07583800, -1.07988200
0.38382860, 0.10912190, -0.91693410
0.03944509, 0.48732800
-0.40239100, 0.09473600, -1.09437900
0.38822170, 0.11254480, -0.91466800
0.03504973, 0.48342670
-0.29820700, 0.31269600, -1.01739200
0.15748710, -0.22389810, -0.96180430
0.04652276, 0.43843060
-0.33108000, 0.34100200, -1.02945300
0.23711070, -0.13166620, -0.96251890
0.04290276, 0.43258730
0.00018600, 0.32639000, -1.05445900
0.00328865, -0.42557670, -0.90491640
0.07943013, 0.43565870
0.00000000, 0.35524000, -1.06796500
0.00224764, -0.42574550, -0.90484020
0.07943013, 0.43183730
0.25958000, -0.29098900, -0.54278700
-1.00000000, 0.00002431, -0.00000316
0.21072110, 0.91495520
-0.25913600, -0.29100900, -0.54278700
1.00000000, 0.00003624, -0.00000458
0.28172330, 0.91499190
0.00000000, -0.29046400, 0.26096300
0.00001678, -0.00229607, -0.99999740
0.24637590, 0.80103890
0.40498800, -0.01185300, 0.25925700
-0.00243822, 0.00044194, -0.99999690
0.19109440, 0.76107490
0.40556700, -0.29139100, 0.25907800
-0.00464809, 0.00063065, -0.99998900
0.19145370, 0.80068130
0.00014000, -0.01295000, 0.25982400
0.00000906, -0.00367414, -0.99999330
0.24636230, 0.76216350
-0.39817400, -0.01418800, 0.25926100
0.00243434, 0.00043854, -0.99999700
0.30114100, 0.76249920
-0.40519600, -0.29139100, 0.25907800
0.00465274, 0.00054253, -0.99998900
0.30125830, 0.80068130
0.44978000, 0.00523200, 0.73147800
0.99811290, 0.06139785, -0.00103057
0.62891340, 0.29577150
0.43914500, 0.09275800, 0.29533100
0.99376970, 0.11143760, -0.00186828
0.51086490, 0.27178010
0.43914400, 0.10007900, 0.73263300
0.99376740, 0.11145740, -0.00186425
0.62922600, 0.26977370
0.44978000, -0.00208800, 0.29511100
0.99849500, 0.05483436, -0.00091943
0.51080520, 0.29777800
0.44956900, -0.32080200, 0.29511300
0.99999860, -0.00162436, 0.00042097
0.51080570, 0.38513820
0.44967900, -0.15167800, 0.68987800
0.99999840, -0.00172894, 0.00046193
0.61647840, 0.33915790
0.52490300, 0.20351300, 0.60038400
-0.26869300, -0.00726549, -0.96319850
0.73774520, 0.28794960
0.46346800, 0.07242200, 0.61851100
-0.26869260, -0.00726569, -0.96319850
0.74775850, 0.36076250
0.46240000, 0.20299700, 0.61782400
-0.26869320, -0.00726535, -0.96319840
0.74737910, 0.28823560
0.52597000, 0.07293700, 0.60107200
-0.26869230, -0.00726583, -0.96319870
0.73812470, 0.36047630
0.52490300, 0.20351300, 0.60038400
0.65810520, 0.39298460, 0.64223100
0.73774520, 0.28794960
0.50138300, 0.08634300, 0.63407700
0.25280900, -0.36160170, 0.89740280
0.75635740, 0.35303020
0.52597000, 0.07293700, 0.60107200
0.66430560, -0.37438120, 0.64694420
0.73812470, 0.36047630
0.50058500, 0.19004400, 0.63356400
0.24685150, 0.37627070, 0.89302000
0.75607410, 0.29543080
0.46346800, 0.07242200, 0.61851100
-0.22796230, -0.38113400, 0.89597430
0.74775850, 0.36076250
0.46240000, 0.20299700, 0.61782400
-0.23633410, 0.38654640, 0.89147520
0.74737910, 0.28823560
0.43702900, 0.04430800, 0.62857900
-0.95129800, -0.30827290, 0.00000000
0.75332010, 0.37637820
0.43475200, 0.05133300, 0.61944000
-0.95129800, -0.30827290, 0.00000000
0.74827130, 0.37247620
0.43702900, 0.04430800, 0.61944000
-0.95129800, -0.30827290, 0.00000000
0.74827130, 0.37637820
0.43475200, 0.05133300, 0.62857900
-0.95129800, -0.30827290, 0.00000000
0.75332010, 0.37247620
0.50239400, 0.08511800, 0.62857900
0.95129600, 0.30827910, 0.00000000
0.75332010, 0.35371050
0.50011700, 0.09214300, 0.61944000
0.95129600, 0.30827910, 0.00000000
0.74827130, 0.34980860
0.50011700, 0.09214300, 0.62857900
0.95129600, 0.30827910, 0.00000000
0.75332010, 0.34980860
0.50239400, 0.08511800, 0.61944000
0.95129600, 0.30827910, 0.00000000
0.74827130, 0.35371050
0.43702900, 0.04430800, 0.62857900
0.40468390, -0.64816790, 0.64506530
0.75332010, 0.37637820
0.50011700, 0.09214300, 0.62857900
-0.40468360, 0.64817000, 0.64506340
0.75332010, 0.34980860
0.43475200, 0.05133300, 0.62857900
-0.34651320, 0.55500170, 0.75624180
0.75332010, 0.37247620
0.50239400, 0.08511800, 0.62857900
0.34651320, -0.55499870, 0.75624410
0.75332010, 0.35371050
0.50011700, 0.09214300, 0.61944000
-0.40468130, 0.64816450, -0.64507040
0.74827130, 0.34980860
0.43475200, 0.05133300, 0.61944000
-0.34651450, 0.55500150, -0.75624140
0.74827130, 0.37247620
0.50239400, 0.08511800, 0.61944000
0.34651680, -0.55500660, -0.75623660
0.74827130, 0.35371050
0.43702900, 0.04430800, 0.61944000
0.40468330, -0.64816860, -0.64506500
0.74827130, 0.37637820
0.44900600, -0.32080200, 0.64503900
0.99998900, -0.00440726, 0.00160937
0.60551490, 0.38514720
0.43024900, -0.00660200, 0.71381500
-0.99775900, -0.06690076, 0.00112815
0.64432500, 0.74172800
0.41961300, 0.07365700, 0.31556600
-0.99260300, -0.12138830, 0.00204414
0.52093390, 0.71672480
0.43024900, -0.01331500, 0.31536400
-0.99821310, -0.05974638, 0.00100634
0.52087150, 0.74381920
0.41961300, 0.08037000, 0.71487400
-0.99260070, -0.12140710, 0.00204028
0.64465320, 0.71463370
0.43003800, -0.30556800, 0.31536600
-0.99999830, 0.00177598, -0.00046341
0.52087200, 0.83486430
0.43014800, -0.15048500, 0.67566800
-0.99999810, 0.00188410, -0.00050594
0.63250580, 0.78655150
0.42947500, -0.30556800, 0.63455200
-0.99998690, 0.00480886, -0.00176484
0.61976650, 0.83486410
0.41961300, 0.08037000, 0.71487400
-0.62753940, -0.08081968, 0.77437880
0.64465320, 0.71463370
0.44978000, 0.00523200, 0.73147800
-0.61971000, -0.12754080, 0.77439840
0.64979770, 0.73804130
0.43914400, 0.10007900, 0.73263300
-0.62546020, -0.07958540, 0.77618660
0.65015550, 0.70849400
0.43024900, -0.00660200, 0.71381500
-0.60501180, -0.16430090, 0.77908020
0.64432500, 0.74172800
0.41961300, 0.07365700, 0.31556600
-0.70537040, 0.70873960, -0.01186635
0.52093390, 0.71672480
0.43914400, 0.10007900, 0.73263300
-0.70488460, 0.70922190, -0.01191965
0.65015550, 0.70849400
0.43914500, 0.09275800, 0.29533100
-0.70538650, 0.70872360, -0.01186458
0.51466450, 0.71077440
0.41961300, 0.08037000, 0.71487400
-0.70484880, 0.70925740, -0.01192358
0.64465320, 0.71463370
0.43024900, -0.01331500, 0.31536400
-0.70961710, -0.03037967, -0.70393230
0.52087150, 0.74381920
0.43914500, 0.09275800, 0.29533100
-0.68251600, -0.07996532, -0.72648290
0.51466450, 0.71077440
0.44978000, -0.00208800, 0.29511100
-0.70602270, -0.04652574, -0.70665930
0.51459630, 0.74032190
0.41961300, 0.07365700, 0.31556600
-0.67773560, -0.08118353, -0.73081030
0.52093390, 0.71672480
0.43003800, -0.30556800, 0.31536600
-0.71966130, 0.00047467, -0.69432510
0.52087200, 0.83486430
0.44956900, -0.32080200, 0.29511300
-0.71964710, 0.00047277, -0.69433990
0.51459690, 0.83961000
0.42947500, -0.30556800, 0.63455200
-0.61472510, -0.78874080, -0.00099234
0.61976650, 0.83486410
0.44956900, -0.32080200, 0.29511300
-0.61563310, -0.78803220, -0.00107789
0.51459690, 0.83961000
0.44900600, -0.32080200, 0.64503900
-0.61468700, -0.78877050, -0.00098875
0.62286000, 0.83961430
0.43003800, -0.30556800, 0.31536600
-0.61571810, -0.78796580, -0.00108590
0.52087200, 0.83486430
0.43014800, -0.15048500, 0.67566800
-0.58377480, -0.20672530, 0.78515710
0.63250580, 0.78655150
0.44900600, -0.32080200, 0.64503900
-0.58286180, -0.20589880, 0.78605200
0.62286000, 0.83961430
0.44967900, -0.15167800, 0.68987800
-0.58382520, -0.20684580, 0.78508780
0.63690840, 0.78692310
0.42947500, -0.30556800, 0.63455200
-0.58271380, -0.20590200, 0.78616090
0.61976650, 0.83486410
0.43914500, 0.09275800, 0.29533100
0.96240370, 0.27161520, -0.00209963
0.66793220, 0.26891350
0.37801200, 0.31136400, 0.55329300
0.96208490, 0.27273230, -0.00312181
0.73775290, 0.20899310
0.43914400, 0.10007900, 0.73263300
0.96162270, 0.27433670, -0.00459095
0.78629330, 0.26690710
0.37801200, 0.31136400, 0.29803400
0.96305100, 0.26931900, -0.00000030
0.66866380, 0.20899310
0.00000000, 0.34409400, -1.05276200
-0.11012900, -0.26491610, 0.95796190
0.12647580, 0.20250320
0.38160000, 0.08994300, -1.07917600
-0.10138080, -0.19997400, 0.97454210
0.01249272, 0.27314480
0.31397400, 0.33020300, -1.01424900
-0.12916270, -0.29241050, 0.94753000
0.03291915, 0.20764870
0.00000000, 0.09254400, -1.11774100
-0.10019870, -0.17314520, 0.97978620
0.12759710, 0.27356840
0.00000000, -0.00277700, -1.12712100
-0.09389711, -0.03591092, 0.99493400
0.12742370, 0.30052160
0.39085200, -0.00280300, -1.09233100
-0.08883066, -0.05461872, 0.99454810
0.00969821, 0.29972430
0.00000000, -0.28415200, -1.11768600
-0.08898593, 0.03391299, 0.99545540
0.12452790, 0.37900820
0.39180000, -0.28415200, -1.08243300
-0.08956142, 0.03471960, 0.99537590
0.00941191, 0.37710080
0.40239100, 0.09473600, -1.09437900
0.59924660, -0.04757939, 0.79914940
0.01249272, 0.27314480
0.31397400, 0.33020300, -1.01424900
0.66178580, -0.00661321, 0.74966380
0.03291915, 0.20764870
0.38160000, 0.08994300, -1.07917600
0.59590830, -0.04952164, 0.80152410
0.01249272, 0.27314480
0.33108000, 0.34100200, -1.02945300
0.66570850, -0.00396205, 0.74620140
0.03291915, 0.20764870
0.33108000, 0.34100200, -1.02945300
-0.03148589, 0.82972880, 0.55727800
0.03291915, 0.20764870
0.00000000, 0.34409400, -1.05276200
-0.03397562, 0.80696380, 0.58962290
0.12647580, 0.20250320
0.31397400, 0.33020300, -1.01424900
-0.03132021, 0.83118210, 0.55511740
0.03291915, 0.20764870
0.00000000, 0.35524000, -1.06796500
-0.03407562, 0.80601240, 0.59091690
0.12647580, 0.20250320
0.00000000, -0.28871200, -1.13289000
-0.02572879, -0.95778140, 0.28634410
0.12452790, 0.37900820
0.39180000, -0.28415200, -1.08243300
-0.02213391, -0.96558740, 0.25913520
0.00941191, 0.37710080
0.00000000, -0.28415200, -1.11768600
-0.02584104, -0.95752420, 0.28719250
0.12452790, 0.37900820
0.41314700, -0.28871200, -1.09763600
-0.02207127, -0.96571610, 0.25866040
0.00941191, 0.37710080
0.41314700, -0.28871200, -1.09763600
0.58380820, 0.03047045, 0.81131960
0.00941191, 0.37710080
0.39085200, -0.00280300, -1.09233100
0.58214480, -0.01268835, 0.81298610
0.00969821, 0.29972430
0.39180000, -0.28415200, -1.08243300
0.58417370, 0.03050385, 0.81105520
0.00941191, 0.37710080
0.41214700, -0.00032900, -1.10753500
0.58319100, -0.01328151, 0.81222650
0.00969821, 0.29972430
0.00000000, 0.35524000, -1.06796500
0.10443930, 0.25869380, -0.96029680
0.12647580, 0.20250320
0.40239100, 0.09473600, -1.09437900
0.09630687, 0.19540020, -0.97598350
0.01249272, 0.27314480
0.00000000, 0.09740100, -1.13294500
0.09513807, 0.16922900, -0.98097410
0.12759710, 0.27356840
0.33108000, 0.34100200, -1.02945300
0.12284460, 0.28610910, -0.95028980
0.03291915, 0.20764870
0.00000000, -0.00030300, -1.14232500
0.08911472, 0.03496749, -0.99540740
0.12753730, 0.29977860
0.41214700, -0.00032900, -1.10753500
0.08428544, 0.05321620, -0.99501960
0.00969821, 0.29972430
0.00000000, -0.28871200, -1.13289000
0.08441688, -0.03308870, -0.99588100
0.12452790, 0.37900820
0.41314700, -0.28871200, -1.09763600
0.08497065, -0.03388663, -0.99580710
0.00941191, 0.37710080
0.00000000, 0.34409400, -1.05276200
-1.00000000, 0.00000005, -0.00000014
0.12647580, 0.20250320
0.00000000, 0.09740100, -1.13294500
-1.00000000, -0.00000003, -0.00000018
0.12759710, 0.27356840
0.00000000, 0.09254400, -1.11774100
-1.00000000, -0.00000004, -0.00000022
0.12759710, 0.27356840
0.00000000, 0.35524000, -1.06796500
-1.00000000, 0.00000005, -0.00000014
0.12647580, 0.20250320
0.00000000, -0.00030300, -1.14232500
-1.00000000, 0.00000000, -0.00000094
0.12753730, 0.29977860
0.00000000, -0.00277700, -1.12712100
-1.00000000, 0.00000000, -0.00000104
0.12742370, 0.30052160
0.00000000, -0.28415200, -1.11768600
-1.00000000, 0.00000016, 0.00000172
0.12452790, 0.37900820
0.00000000, -0.28871200, -1.13289000
-1.00000000, 0.00000017, 0.00000181
0.12452790, 0.37900820
0.00000000, 0.34409400, -1.05276200
0.11012870, -0.26491630, 0.95796190
0.00936445, 0.00465655
-0.38160000, 0.08994300, -1.07917600
0.10138100, -0.19997430, 0.97454200
0.12145130, 0.07550192
0.00000000, 0.09254400, -1.11774100
0.10019850, -0.17314690, 0.97978590
0.00936144, 0.07552618
-0.31397300, 0.33020300, -1.01424900
0.12916220, -0.29241030, 0.94753010
0.10265850, 0.00680190
0.00000000, -0.00277700, -1.12712200
0.09389736, -0.03591182, 0.99493400
0.00921085, 0.10105550
-0.39085200, -0.00280300, -1.09233200
0.08883104, -0.05461860, 0.99454810
0.12459100, 0.10105350
0.00000000, -0.28415200, -1.11768600
0.08898629, 0.03391350, 0.99545530
0.00975082, 0.17885020
-0.39179900, -0.28415200, -1.08243300
0.08956140, 0.03471960, 0.99537600
0.12457000, 0.17941850
0.00000000, 0.35524000, -1.06796500
0.03648020, 0.80703120, 0.58938100
0.01018222, 0.00426275
-0.31397300, 0.33020300, -1.01424900
0.02928611, 0.82946660, 0.55778800
0.10265850, 0.00680190
0.00000000, 0.34409400, -1.05276200
0.03682210, 0.80592910, 0.59086580
0.00936445, 0.00465655
-0.33108000, 0.34100200, -1.02945300
0.02907807, 0.83009420, 0.55686450
0.10172560, 0.00667620
-0.33108000, 0.34100200, -1.02945300
-0.66411240, -0.01440411, 0.74749390
0.10172560, 0.00667620
-0.38160000, 0.08994300, -1.07917600
-0.59874960, -0.04533543, 0.79965220
0.12145130, 0.07550192
-0.31397300, 0.33020300, -1.01424900
-0.66872010, -0.01266740, 0.74340640
0.10265850, 0.00680190
-0.40239100, 0.09473500, -1.09438000
-0.59543750, -0.04671554, 0.80204220
0.12154240, 0.07418162
-0.39085200, -0.00280300, -1.09233200
-0.58290090, -0.01034791, 0.81247730
0.12459100, 0.10105350
-0.41214700, -0.00032900, -1.10753500
-0.58207090, -0.01138056, 0.81305840
0.12425350, 0.10037200
-0.39179900, -0.28415200, -1.08243300
-0.58379480, 0.02990717, 0.81135020
0.12457000, 0.17941850
-0.41314600, -0.28871200, -1.09763700
-0.58409490, 0.02986670, 0.81113570
0.12453120, 0.18067480
-0.41314600, -0.28871200, -1.09763700
0.02322003, -0.96563850, 0.25884960
0.12453120, 0.18067480
0.00000000, -0.28415200, -1.11768600
0.02447230, -0.95778540, 0.28644080
0.00975082, 0.17885020
-0.39179900, -0.28415200, -1.08243300
0.02314735, -0.96606640, 0.25725460
0.12457000, 0.17941850
0.00000000, -0.28871200, -1.13289000
0.02450704, -0.95755430, 0.28720920
0.01199848, 0.18235310
0.00000000, 0.35524000, -1.06796500
-0.10443870, 0.25869420, -0.96029680
0.01018222, 0.00426275
-0.40239100, 0.09473500, -1.09438000
-0.09630641, 0.19540030, -0.97598350
0.12154240, 0.07418162
-0.33108000, 0.34100200, -1.02945300
-0.12284350, 0.28610870, -0.95029010
0.10172560, 0.00667620
0.00000000, 0.09740100, -1.13294500
-0.09513770, 0.16922980, -0.98097410
0.00916530, 0.07406074
0.00000000, -0.00030300, -1.14232500
-0.08911446, 0.03496755, -0.99540740
0.00914092, 0.10033600
-0.41214700, -0.00032900, -1.10753500
-0.08428520, 0.05321604, -0.99501960
0.12425350, 0.10037200
0.00000000, -0.28871200, -1.13289000
-0.08441661, -0.03308912, -0.99588100
0.01199848, 0.18235310
-0.41314600, -0.28871200, -1.09763700
-0.08497029, -0.03388690, -0.99580710
0.12453120, 0.18067480
0.00000000, 0.09740100, -1.13294500
1.00000000, -0.00000048, 0.00000196
0.00916530, 0.07406074
0.00000000, 0.34409400, -1.05276200
1.00000000, 0.00000038, -0.00000117
0.00936445, 0.00465655
0.00000000, 0.09254400, -1.11774100
1.00000000, -0.00000045, 0.00000195
0.00936144, 0.07552618
0.00000000, 0.35524000, -1.06796500
1.00000000, 0.00000041, -0.00000127
0.01018222, 0.00426275
0.00000000, -0.00030300, -1.14232500
1.00000000, 0.00000012, 0.00000030
0.00914092, 0.10033600
0.00000000, -0.00277700, -1.12712200
1.00000000, 0.00000014, 0.00000019
0.00921085, 0.10105550
0.00000000, -0.28415200, -1.11768600
1.00000000, 0.00000013, 0.00000041
0.00975082, 0.17885020
0.00000000, -0.28871200, -1.13289000
1.00000000, 0.00000013, 0.00000042
0.01199848, 0.18235310
-0.38542400, -0.05614200, 1.04532900
-0.02942203, 0.67728870, 0.73512880
0.02127656, 0.96932920
0.00000000, 0.02216300, 0.98861000
0.00246729, 0.82077160, 0.57125120
0.09287816, 0.93730790
-0.39019000, 0.00740000, 0.98861000
-0.04071173, 0.79800440, 0.60127490
0.01976421, 0.94366770
0.00000000, -0.06909700, 1.08532900
-0.00710425, 0.72193600, 0.69192330
0.09281707, 0.97456200
0.39019000, 0.00740000, 0.98861000
0.04636681, 0.80255140, 0.59477830
0.16658560, 0.94366770
0.38542300, -0.05870000, 1.04532900
0.06137324, 0.64742200, 0.75965660
0.16507320, 0.96932920
0.00000000, 0.09553400, 0.84357200
0.01351155, 0.89700260, 0.44181880
0.09307569, 0.90163670
-0.34701600, 0.08077100, 0.81885400
-0.06640394, 0.92194410, 0.38158830
0.02688432, 0.90479050
0.34701600, 0.08077100, 0.81885400
0.04344181, 0.91362530, 0.40422960
0.15946550, 0.90479050
0.00000000, -0.04193800, 1.11395200
0.00214922, 0.72885190, -0.68466800
0.09287816, 0.98553990
-0.38542400, -0.05614200, 1.04532900
0.07195376, 0.81632190, -0.57309790
0.02127656, 0.96932920
-0.40131300, -0.04193900, 1.06389900
0.07073408, 0.82058530, -0.56713000
0.01692289, 0.97721650
0.00000000, -0.06909700, 1.08532900
0.00225475, 0.72541220, -0.68831090
0.09281707, 0.97456200
0.38542300, -0.05870000, 1.04532900
-0.07917787, 0.77022810, -0.63283460
0.16507320, 0.96932920
0.40131300, -0.04193900, 1.06389900
-0.07858297, 0.77255820, -0.63006240
0.16942690, 0.97721650
0.38542300, -0.05870000, 1.04532900
-0.82154690, 0.43720280, 0.36594330
0.16507320, 0.96932920
0.40674100, 0.02450200, 0.99378300
-0.71938300, 0.52753210, 0.45188270
0.17175850, 0.93875910
0.39019000, 0.00740000, 0.98861000
-0.69820230, 0.52850190, 0.48290710
0.16658560, 0.94366770
0.40131300, -0.04193900, 1.06389900
-0.84075560, 0.42399730, 0.33668420
0.17078220, 0.96571070
0.35749600, 0.11181800, 0.79686800
-0.72508720, 0.54530110, 0.42058930
0.16639080, 0.89060540
0.34701600, 0.08077100, 0.81885400
-0.72755880, 0.54274900, 0.41962090
0.15946550, 0.90479050
0.34701600, 0.08077100, 0.81885400
0.09355363, 0.54850050, 0.83090010
0.15946550, 0.90479050
0.13379900, 0.12139400, 0.81604400
0.07973725, 0.50893590, 0.85710340
0.11865770, 0.88972670
0.00000000, 0.09553400, 0.84357200
-0.00065950, 0.60789120, 0.79402010
0.09307569, 0.90163670
0.35749600, 0.11181800, 0.79686800
0.09462231, 0.55385510, 0.82721890
0.16308980, 0.88967690
0.00000000, 0.12345800, 0.82096200
0.00000002, 0.62928740, 0.77717270
0.09287816, 0.89050010
-0.13379900, 0.12139400, 0.81604400
-0.09079471, 0.46671930, 0.87973250
0.06769207, 0.88972670
-0.35749700, 0.11181800, 0.79686800
-0.08358401, 0.54943340, 0.83134630
0.02326000, 0.88967690
-0.34701600, 0.08077100, 0.81885400
-0.08256173, 0.55723370, 0.82624100
0.02688432, 0.90479050
-0.34701600, 0.08077100, 0.81885400
0.72431990, 0.54480890, 0.42254460
0.02688432, 0.90479050
-0.40674100, 0.02450100, 0.99378300
0.70896440, 0.55174460, 0.43925770
0.01459131, 0.93875910
-0.39019000, 0.00740000, 0.98861000
0.71885540, 0.53993980, 0.43784920
0.01976421, 0.94366770
-0.35749700, 0.11181800, 0.79686800
0.72501150, 0.54392560, 0.42249660
0.01995897, 0.89060540
-0.40131300, -0.04193900, 1.06389900
0.80533700, 0.43425460, 0.40355320
0.01556754, 0.96571070
-0.38542400, -0.05614200, 1.04532900
0.82381010, 0.41062610, 0.39079810
0.02127656, 0.96932920
0.00000000, 0.01292800, 1.08442800
-0.00000009, 0.71257650, 0.70159440
0.71191040, 0.49781740
0.00000000, -0.04193900, 1.11395200
-0.00000011, 0.47385020, 0.88060550
0.72265630, 0.49804690
0.40131300, -0.04193900, 1.06389900
0.13120590, 0.69526270, 0.70667870
0.72265630, 0.41796880
0.13379900, 0.12139400, 0.81604400
0.06018136, 0.92338230, 0.37913490
0.65585410, 0.46944930
0.40674100, 0.02450100, 0.99378300
0.10235640, 0.83591130, 0.53923610
0.69804560, 0.41518630
0.35749600, 0.11181700, 0.79686800
0.07266401, 0.91834930, 0.38904290
0.65479590, 0.42423550
0.00000000, 0.05693900, 0.99457500
-0.00000003, 0.91303780, 0.40787500
0.69253780, 0.49767980
0.00000000, 0.12345800, 0.82096200
0.00000000, 0.93380590, 0.35778010
0.65613990, 0.49781910
-0.40131300, -0.04193900, 1.06389900
-0.13120610, 0.69526270, 0.70667870
0.72265630, 0.58007810
-0.13379900, 0.12139400, 0.81604400
-0.06018144, 0.92338230, 0.37913490
0.65585520, 0.52618870
-0.40674100, 0.02450100, 0.99378300
-0.10235650, 0.83591130, 0.53923600
0.69809190, 0.58177100
-0.35749700, 0.11181700, 0.79686800
-0.07266427, 0.91834940, 0.38904270
0.65479870, 0.57271420
0.00000000, 0.00316100, 1.07878800
0.00000003, -0.71257620, -0.70159470
0.71191040, 0.49781740
0.40131300, -0.05170600, 1.05825900
-0.13120600, -0.69526280, -0.70667860
0.72265630, 0.41796880
0.00000000, -0.05170600, 1.10831200
0.00000010, -0.47384920, -0.88060600
0.72265630, 0.49804690
0.13379900, 0.11162700, 0.81040400
-0.06018140, -0.92338250, -0.37913460
0.65585410, 0.46944930
0.40674100, 0.01473400, 0.98814300
-0.10235640, -0.83591140, -0.53923590
0.69804560, 0.41518630
0.00000000, 0.04717200, 0.98893500
0.00000000, -0.91303780, -0.40787490
0.69253780, 0.49767980
0.35749600, 0.10205000, 0.79122800
-0.07266402, -0.91834940, -0.38904270
0.65479590, 0.42423550
0.00000000, 0.11369000, 0.81532200
-0.00000001, -0.93380600, -0.35777970
0.65613990, 0.49781910
-0.40131300, -0.05170600, 1.05825900
0.13120600, -0.69526290, -0.70667850
0.72265630, 0.58007810
-0.13379900, 0.11162700, 0.81040400
0.06018144, -0.92338250, -0.37913450
0.65585520, 0.52618870
-0.40674100, 0.01473400, 0.98814300
0.10235650, -0.83591150, -0.53923580
0.69809190, 0.58177100
-0.35749700, 0.10205000, 0.79122800
0.07266427, -0.91834960, -0.38904240
0.65479870, 0.57271420
0.40131300, -0.04193900, 1.06389900
0.10738400, -0.49717330, 0.86098050
0.72265630, 0.41796880
0.00000000, -0.05170600, 1.10831200
-0.00000013, -0.50007110, 0.86598430
0.72265630, 0.49804690
0.40131300, -0.05170600, 1.05825900
0.10738400, -0.49717320, 0.86098060
0.72265630, 0.41796880
0.00000000, -0.04193900, 1.11395200
-0.00000015, -0.50007110, 0.86598430
0.72265630, 0.49804690
-0.40131300, -0.05170600, 1.05825900
-0.10738440, -0.49717600, 0.86097880
0.72265630, 0.58007810
-0.40131300, -0.04193900, 1.06389900
-0.10738440, -0.49717600, 0.86097880
0.72265630, 0.58007810
-0.40131300, -0.04193900, 1.06389900
-0.99833500, -0.02884492, 0.04995187
0.72265630, 0.58007810
-0.40674100, 0.01473400, 0.98814300
-0.99689960, 0.03934719, -0.06813931
0.69809190, 0.58177100
-0.40131300, -0.05170600, 1.05825900
-0.99833500, -0.02884493, 0.04995187
0.72265630, 0.58007810
-0.40674100, 0.02450100, 0.99378300
-0.99588080, 0.04534231, -0.07852134
0.69809190, 0.58177100
-0.35749700, 0.10205000, 0.79122800
-0.97457460, 0.11204600, -0.19403650
0.65479870, 0.57271420
-0.35749700, 0.11181700, 0.79686800
-0.97457460, 0.11204590, -0.19403650
0.65479870, 0.57271420
-0.35749700, 0.11181700, 0.79686800
0.05275497, 0.49936710, -0.86478290
0.65479870, 0.57271420
-0.13379900, 0.11162700, 0.81040400
0.03893749, 0.49969050, -0.86532840
0.65585520, 0.52618870
-0.35749700, 0.10205000, 0.79122800
0.05275498, 0.49936690, -0.86478300
0.65479870, 0.57271420
-0.13379900, 0.12139400, 0.81604400
0.03792169, 0.49971010, -0.86536220
0.65585520, 0.52618870
0.00000000, 0.11369000, 0.81532200
0.00000000, 0.50006980, -0.86598510
0.65613990, 0.49781910
0.00000000, 0.12345800, 0.82096200
0.00000000, 0.50006980, -0.86598510
0.65613990, 0.49781910
0.13379900, 0.11162700, 0.81040400
-0.03893701, 0.49969050, -0.86532840
0.65585410, 0.46944930
0.13379900, 0.12139400, 0.81604400
-0.03792123, 0.49970990, -0.86536230
0.65585410, 0.46944930
0.35749600, 0.10205000, 0.79122800
-0.05275473, 0.49936710, -0.86478290
0.65479590, 0.42423550
0.35749600, 0.11181700, 0.79686800
-0.05275476, 0.49936690, -0.86478300
0.65479590, 0.42423550
0.35749600, 0.11181700, 0.79686800
0.97457460, 0.11204590, -0.19403630
0.65479590, 0.42423550
0.40674100, 0.01473400, 0.98814300
0.99689950, 0.03934781, -0.06813953
0.69804560, 0.41518630
0.35749600, 0.10205000, 0.79122800
0.97457460, 0.11204580, -0.19403640
0.65479590, 0.42423550
0.40674100, 0.02450100, 0.99378300
0.99588080, 0.04534250, -0.07852056
0.69804560, 0.41518630
0.40131300, -0.05170600, 1.05825900
0.99833500, -0.02884477, 0.04995191
0.72265630, 0.41796880
0.40131300, -0.04193900, 1.06389900
0.99833500, -0.02884474, 0.04995195
0.72265630, 0.41796880
# Number of Faces:
765
# Face Data:
0, 1, 2
1, 0, 3
3, 4, 1
4, 3, 5
5, 6, 4
6, 5, 7
7, 2, 6
2, 7, 0
2, 8, 9
8, 2, 1
1, 4, 8
4, 9, 8
9, 4, 6
6, 2, 9
0, 10, 3
10, 0, 11
3, 12, 5
12, 3, 10
5, 13, 7
13, 5, 12
7, 11, 0
11, 7, 13
11, 14, 10
14, 11, 15
10, 14, 12
12, 15, 13
15, 12, 14
13, 15, 11
16, 17, 18
17, 16, 19
16, 20, 21
20, 16, 18
22, 20, 23
20, 22, 21
24, 17, 19
17, 24, 25
24, 26, 25
26, 24, 27
26, 28, 29
28, 26, 27
30, 31, 32
31, 30, 33
32, 34, 35
34, 32, 31
35, 36, 37
36, 35, 34
37, 33, 30
33, 37, 36
33, 38, 31
38, 33, 39
31, 38, 34
34, 39, 36
39, 34, 38
36, 39, 33
30, 40, 41
40, 30, 32
32, 42, 40
42, 32, 35
35, 43, 42
43, 35, 37
37, 41, 43
41, 37, 30
41, 44, 45
44, 41, 40
40, 42, 44
42, 45, 44
45, 42, 43
43, 41, 45
46, 47, 48
47, 46, 49
49, 50, 47
50, 49, 51
51, 48, 50
48, 51, 46
48, 52, 53
52, 48, 47
47, 54, 52
54, 47, 50
50, 53, 54
53, 50, 48
53, 55, 56
55, 53, 52
52, 57, 55
57, 52, 54
54, 56, 57
56, 54, 53
56, 58, 59
58, 56, 55
55, 60, 58
60, 55, 57
57, 59, 60
59, 57, 56
59, 61, 62
61, 59, 58
58, 63, 61
63, 58, 60
60, 62, 63
62, 60, 59
62, 49, 46
49, 62, 61
61, 51, 49
51, 61, 63
63, 46, 51
46, 63, 62
64, 65, 66
65, 64, 67
68, 69, 70
69, 68, 71
72, 71, 68
71, 72, 73
73, 69, 71
69, 73, 74
74, 70, 69
70, 74, 75
75, 68, 70
68, 75, 72
76, 77, 78
77, 76, 79
80, 81, 82
79, 83, 77
83, 79, 84
85, 86, 87
86, 85, 88
89, 90, 91
92, 93, 94
93, 92, 95
95, 96, 93
97, 98, 99
99, 98, 100
101, 102, 103
102, 101, 104
93, 105, 94
93, 106, 107
108, 109, 110
109, 111, 110
110, 112, 113
113, 114, 110
114, 115, 110
116, 117, 118
117, 116, 119
118, 120, 121
120, 118, 117
122, 120, 123
120, 122, 121
124, 125, 126
125, 124, 127
126, 128, 129
128, 126, 125
92, 130, 131
130, 92, 132
131, 133, 134
133, 131, 130
134, 135, 136
135, 134, 133
136, 137, 138
137, 136, 135
138, 139, 140
139, 138, 137
94, 132, 92
132, 94, 141
139, 142, 140
142, 139, 143
144, 145, 146
145, 144, 147
148, 149, 150
149, 148, 151
150, 152, 153
152, 150, 149
153, 154, 155
154, 153, 152
156, 157, 158
157, 156, 159
160, 161, 162
163, 164, 165
164, 163, 166
167, 168, 169
170, 171, 172
171, 170, 173
151, 174, 149
174, 151, 175
176, 177, 178
177, 176, 179
180, 181, 182
181, 180, 183
184, 157, 159
157, 184, 185
161, 186, 166
186, 161, 187
166, 188, 164
188, 166, 186
168, 189, 169
189, 168, 190
173, 191, 171
190, 192, 189
193, 194, 147
194, 193, 195
194, 196, 197
196, 194, 195
198, 178, 199
178, 198, 176
199, 200, 201
200, 199, 178
202, 179, 176
177, 180, 178
180, 177, 183
178, 182, 200
182, 178, 180
115, 203, 110
110, 203, 108
93, 96, 106
106, 204, 205
204, 106, 96
94, 105, 206
124, 123, 127
123, 124, 122
112, 110, 111
105, 93, 107
206, 141, 94
141, 206, 207
162, 161, 166
162, 166, 163
143, 208, 142
208, 143, 207
207, 206, 208
209, 210, 211
209, 212, 210
209, 213, 212
99, 100, 214
99, 215, 216
215, 99, 214
82, 215, 217
215, 82, 216
82, 218, 80
218, 82, 217
218, 219, 80
219, 218, 220
80, 219, 221
219, 222, 223
222, 219, 220
138, 224, 225
138, 86, 136
86, 138, 225
136, 88, 134
88, 136, 86
83, 226, 77
226, 83, 227
77, 228, 78
228, 77, 226
229, 230, 231
232, 231, 230
232, 233, 231
232, 234, 233
226, 227, 235
228, 235, 236
235, 228, 226
237, 86, 225
86, 237, 87
210, 238, 211
238, 210, 239
225, 224, 240
224, 138, 241
241, 138, 242
210, 237, 225
210, 243, 237
210, 212, 243
244, 245, 246
245, 244, 247
245, 247, 248
249, 248, 247
248, 249, 250
249, 251, 250
251, 249, 252
251, 252, 253
254, 253, 252
253, 254, 255
256, 257, 258
256, 259, 257
259, 256, 260
261, 259, 260
257, 261, 262
261, 257, 259
231, 222, 229
222, 231, 223
262, 263, 257
263, 258, 257
264, 265, 266
265, 264, 78
217, 267, 218
266, 268, 269
268, 266, 265
270, 271, 272
271, 270, 273
274, 275, 276
277, 278, 279
278, 277, 280
279, 278, 281
282, 214, 283
214, 100, 283
101, 284, 104
284, 101, 285
278, 280, 286
278, 287, 288
289, 290, 291
291, 290, 292
290, 293, 294
293, 290, 295
295, 290, 296
297, 298, 299
298, 297, 300
300, 301, 298
301, 300, 302
303, 301, 302
301, 303, 304
305, 306, 307
306, 305, 308
308, 309, 306
309, 308, 310
277, 311, 312
311, 277, 313
313, 314, 311
314, 313, 315
315, 316, 314
316, 315, 317
317, 318, 316
318, 317, 319
319, 320, 318
320, 319, 321
280, 312, 322
312, 280, 277
320, 323, 324
323, 320, 321
325, 326, 327
326, 325, 328
329, 330, 331
330, 329, 332
332, 333, 330
333, 332, 334
334, 335, 333
335, 334, 336
337, 338, 339
338, 337, 340
341, 342, 343
344, 345, 346
345, 344, 347
348, 349, 350
351, 171, 352
171, 351, 353
331, 174, 175
174, 331, 330
184, 338, 185
338, 184, 339
343, 186, 187
186, 343, 346
346, 188, 186
188, 346, 345
350, 354, 190
354, 350, 349
352, 171, 191
190, 354, 192
355, 356, 357
356, 355, 327
356, 196, 357
196, 356, 197
358, 177, 179
177, 358, 359
359, 360, 177
360, 359, 361
202, 358, 179
177, 181, 183
181, 177, 360
296, 290, 362
290, 289, 362
278, 288, 281
288, 363, 281
363, 288, 364
280, 365, 286
305, 304, 303
304, 305, 307
294, 292, 290
286, 287, 278
365, 322, 366
322, 365, 280
342, 346, 343
342, 344, 346
324, 367, 366
367, 324, 323
366, 367, 365
368, 369, 370
369, 368, 371
218, 372, 220
373, 321, 319
321, 373, 374
319, 375, 376
319, 271, 375
271, 319, 317
317, 272, 271
272, 317, 315
268, 377, 378
377, 268, 265
265, 228, 377
228, 265, 78
379, 380, 381
379, 229, 380
379, 230, 229
378, 377, 382
382, 228, 236
228, 382, 377
383, 271, 273
271, 383, 375
368, 384, 385
384, 368, 370
375, 386, 376
376, 387, 319
387, 373, 319
368, 383, 388
383, 368, 375
389, 390, 391
390, 389, 392
392, 393, 390
393, 394, 390
394, 393, 395
395, 396, 394
396, 395, 397
397, 398, 396
398, 399, 396
399, 398, 400
401, 402, 403
401, 404, 405
404, 401, 403
406, 405, 404
403, 406, 404
406, 403, 407
407, 403, 408
408, 403, 402
375, 368, 385
386, 375, 385
210, 225, 239
239, 225, 240
368, 388, 371
409, 410, 411
409, 412, 410
409, 413, 412
409, 414, 415
409, 416, 414
409, 411, 416
243, 212, 213
78, 417, 76
264, 417, 78
140, 242, 138
242, 140, 418
202, 176, 198
419, 420, 421
420, 419, 422
419, 423, 424
423, 419, 421
425, 426, 427
426, 425, 428
429, 430, 431
430, 429, 432
430, 432, 433
433, 431, 430
431, 433, 434
431, 434, 429
435, 436, 437
436, 435, 438
439, 440, 441
440, 439, 442
443, 444, 445
444, 443, 446
446, 447, 444
447, 446, 448
448, 449, 447
449, 448, 450
450, 445, 449
445, 450, 443
451, 424, 423
452, 453, 454
453, 452, 455
452, 456, 455
456, 452, 457
458, 456, 457
459, 460, 461
460, 459, 462
463, 464, 465
464, 463, 466
467, 468, 469
468, 467, 470
471, 470, 467
470, 471, 472
473, 474, 475
474, 473, 476
477, 478, 479
478, 477, 480
461, 480, 477
480, 461, 460
481, 482, 483
482, 481, 484
485, 486, 487
486, 485, 488
489, 490, 491
490, 489, 492
493, 494, 495
494, 493, 496
493, 497, 498
493, 499, 497
499, 493, 500
501, 499, 500
499, 501, 502
503, 504, 505
504, 503, 506
507, 508, 509
508, 507, 510
511, 512, 513
497, 511, 498
498, 496, 493
514, 515, 516
515, 514, 517
517, 518, 515
518, 517, 519
519, 520, 518
520, 519, 521
521, 522, 520
522, 521, 523
524, 486, 525
486, 524, 487
526, 489, 491
489, 527, 528
527, 489, 526
529, 530, 531
530, 529, 532
526, 533, 534
533, 526, 491
530, 535, 536
530, 537, 538
537, 530, 536
537, 539, 538
539, 537, 540
539, 504, 506
504, 539, 541
509, 542, 507
542, 543, 544
543, 542, 509
545, 546, 547
536, 535, 546
535, 530, 532
548, 549, 550
549, 548, 551
550, 552, 553
552, 550, 549
553, 554, 555
554, 553, 552
555, 556, 557
556, 555, 554
542, 533, 507
533, 542, 534
545, 536, 546
497, 512, 511
558, 559, 560
559, 558, 561
561, 562, 559
562, 561, 563
563, 564, 562
564, 563, 565
565, 566, 564
566, 565, 567
567, 568, 566
568, 567, 569
569, 570, 568
570, 569, 571
571, 572, 570
572, 571, 573
573, 574, 572
574, 573, 575
575, 576, 574
576, 575, 577
577, 560, 576
560, 577, 558
578, 520, 522
520, 578, 518
515, 578, 516
578, 515, 518
579, 549, 551
549, 579, 552
554, 579, 556
579, 554, 552
580, 581, 582
581, 580, 583
580, 584, 583
584, 580, 585
488, 583, 486
583, 488, 581
583, 525, 486
525, 583, 584
586, 587, 588
587, 586, 589
586, 590, 589
590, 586, 591
592, 593, 594
593, 592, 595
596, 597, 598
597, 596, 599
597, 600, 598
600, 599, 601
599, 600, 597
599, 596, 601
602, 603, 604
603, 602, 605
606, 607, 608
607, 606, 609
610, 611, 612
611, 610, 613
612, 614, 615
614, 612, 611
615, 616, 617
616, 615, 614
617, 613, 610
613, 617, 616
618, 590, 591
619, 620, 621
620, 619, 622
619, 623, 624
623, 619, 621
625, 624, 623
626, 627, 628
627, 626, 629
630, 631, 632
631, 630, 633
634, 635, 636
635, 634, 637
638, 636, 639
636, 638, 634
640, 641, 642
641, 640, 643
644, 645, 646
645, 644, 647
629, 646, 627
646, 629, 644
648, 649, 650
649, 648, 651
652, 653, 654
653, 652, 655
653, 656, 657
656, 653, 655
657, 658, 659
658, 657, 656
660, 661, 662
661, 660, 663
664, 665, 666
665, 664, 667
668, 669, 670
669, 668, 671
672, 673, 674
673, 672, 675
675, 662, 673
662, 675, 660
676, 677, 678
677, 676, 679
677, 680, 678
680, 677, 681
681, 682, 680
682, 681, 683
684, 685, 686
685, 684, 687
686, 688, 689
688, 686, 685
690, 688, 691
688, 690, 689
692, 693, 694
693, 692, 695
693, 696, 694
696, 693, 697
697, 698, 696
698, 697, 699
700, 701, 702
701, 700, 703
704, 705, 706
705, 704, 707
707, 708, 705
708, 707, 709
709, 710, 708
710, 709, 711
712, 713, 714
713, 712, 715
716, 717, 718
717, 716, 719
717, 720, 721
720, 717, 719
721, 722, 723
722, 721, 720
724, 725, 726
725, 724, 727
728, 726, 729
726, 728, 724
728, 730, 731
730, 728, 729
732, 733, 734
733, 732, 735
735, 736, 733
736, 735, 737
734, 738, 739
738, 734, 733
733, 740, 738
740, 733, 736
741, 742, 743
742, 741, 744
741, 745, 744
745, 741, 746
747, 748, 749
748, 747, 750
749, 751, 752
751, 749, 748
753, 754, 755
754, 753, 756
755, 754, 757
755, 757, 758
755, 759, 760
759, 755, 758
761, 762, 763
762, 761, 764
763, 765, 766
765, 763, 762
767, 768, 769
770, 771, 772
771, 770, 773
767, 771, 773
771, 767, 769
773, 770, 774
767, 775, 768
776, 777, 773
777, 776, 778
777, 767, 773
767, 777, 775
776, 773, 774
779, 780, 781
782, 783, 784
783, 782, 785
779, 783, 780
783, 779, 784
784, 786, 782
779, 781, 787
788, 789, 790
789, 788, 784
789, 779, 787
779, 789, 784
788, 786, 784
791, 792, 793
792, 791, 794
794, 795, 792
795, 794, 796
797, 798, 799
798, 797, 800
800, 801, 798
801, 800, 802
803, 804, 805
804, 803, 806
806, 807, 804
807, 806, 808
808, 809, 807
809, 808, 810
810, 811, 809
811, 810, 812
813, 814, 815
814, 813, 816
816, 817, 814
817, 816, 818
