# Project Zomboid Mesh
# File Version:
1.00000000
# Model Name:
Vehicles_PickupBurnt
# Vertex Stride Element Count:
3
# Vertex Stride Size (in bytes):
76
# Vertex Stride Data:
# (Int)    Offset
# (String) Type
0
VertexArray
12
NormalArray
24
TextureCoordArray
# Vertex Count:
847
# Vertex Buffer:
-0.07213600, 0.31585800, 0.34195300
-0.11773370, 0.45790210, 0.88117220
0.65278760, 0.52473410
0.04021900, 0.29355100, 0.34802500
0.08517328, 0.43773610, 0.89506010
0.69396080, 0.52700010
0.04021900, 0.33541700, -0.05952400
0.09347470, 0.99159500, 0.08945301
0.69396100, 0.37774710
-0.21120000, 0.33832000, -0.05945400
-0.22371760, 0.97402560, 0.03499348
0.60186850, 0.37774800
-0.21120000, 0.32975100, 0.29549200
-0.29764630, 0.72760850, 0.61805550
0.60186850, 0.50773640
0.04021900, 0.33541700, -0.05952400
0.01040266, 0.16876020, -0.98560230
0.13974850, 0.42177730
-0.31466600, 0.11644700, -0.09813400
-0.05814265, 0.15081610, -0.98685050
0.02221392, 0.33068470
-0.21120000, 0.33832000, -0.05945400
-0.04013019, 0.19075300, -0.98081740
0.05245565, 0.41647260
0.02380400, 0.10839100, -0.09832900
0.00532111, 0.09831605, -0.99514100
0.13980900, 0.33640230
-0.40355700, -0.27376800, -0.10755400
-0.07176731, -0.99620880, -0.04916673
0.30142420, 0.70868740
-0.40355700, -0.28543700, 0.37572700
0.85917450, -0.51153360, -0.01235030
0.30116730, 0.81631800
-0.40355700, -0.27471600, -0.06829600
0.98800550, 0.15437340, 0.00372724
0.30116730, 0.71791240
-0.40355700, -0.28642500, 0.41666000
-0.07170480, -0.99704120, 0.02769962
0.30170670, 0.82622040
-0.23614300, 0.32507000, -0.05850400
-0.70403430, 0.71011730, -0.00830631
0.59153230, 0.37821340
-0.23614300, 0.31735100, 0.26121300
-0.67245830, 0.73899870, 0.04099752
0.59153230, 0.49530040
-0.34594700, 0.10841800, -0.09581600
-0.13303480, 0.23043240, -0.96395160
0.01146798, 0.32732740
-0.23614300, 0.32507000, -0.05850400
-0.16908090, 0.24988990, -0.95339750
0.04403229, 0.41141090
0.01898800, 0.01258700, 1.09947200
0.00454527, 0.03899920, 0.99922890
0.69020620, 0.88031140
-0.39252200, -0.05798900, 1.05766900
-0.11377370, -0.03920542, 0.99273280
0.55714360, 0.91369180
0.01173600, -0.08822900, 1.10379000
-0.00034814, -0.02896645, 0.99958030
0.69020620, 0.91375670
-0.35767000, 0.02072900, 1.05956000
-0.10486480, 0.02254462, 0.99423090
0.56679370, 0.88685450
-0.34594700, 0.13181500, -1.06489200
-0.65915660, 0.22444330, -0.71773100
0.52606710, 0.37286230
0.01173600, -0.03531500, -1.08797300
0.00057576, 0.03212534, -0.99948370
0.41532690, 0.41656510
-0.38075900, -0.00729200, -1.07736600
-0.70184250, 0.16987780, -0.69177930
0.53351820, 0.41659310
0.02268200, 0.11661900, -1.08430500
0.00000004, 0.02413644, -0.99970870
0.41532560, 0.36956780
0.02480300, 0.10776300, 0.50243900
0.06557810, 0.90294050, 0.42473290
0.69108930, 0.66556940
-0.08748000, 0.11371400, 0.49793300
0.00563647, 0.91793960, 0.39668010
0.65341680, 0.66408380
0.02336100, 0.08665100, 0.54754500
0.06541421, 0.89985940, 0.43124710
0.69108480, 0.68207350
-0.27855100, 0.09289100, 0.54766500
-0.10178120, 0.98853620, 0.11152040
0.58934960, 0.68204120
-0.27702800, 0.10026000, 0.45997400
-0.10202710, 0.99109600, 0.08555204
0.58973480, 0.65167120
-0.34793200, 0.08119100, 0.58364900
-0.61864730, 0.78243400, 0.07122110
0.56626800, 0.69457580
-0.34594700, 0.09582200, 0.42588700
-0.85922680, 0.50798580, -0.06066077
0.56667360, 0.63992640
-0.34594700, 0.09582200, 0.42588700
-0.85922680, 0.50798580, -0.06066077
0.34964360, 0.10270600
-0.39258800, -0.04646800, 0.58056700
-0.96695150, 0.25279830, -0.03313361
0.38607310, 0.13546590
-0.34793200, 0.08119100, 0.58364900
-0.61864730, 0.78243400, 0.07122110
0.38607310, 0.10523730
-0.38602700, -0.04312500, 0.42253200
-0.97647830, 0.18585940, -0.10929950
0.34964360, 0.13546590
-0.21211600, -0.28818700, 0.57510100
-0.07152490, -0.99458770, 0.07536239
0.35672210, 0.86049270
-0.42323000, -0.27297600, 0.57510000
-0.07165805, -0.99456590, 0.07552353
0.29509250, 0.86041120
0.02336100, 0.08665100, 0.54754500
0.07151356, 0.99025960, 0.11946470
0.69108480, 0.68207350
-0.28122100, 0.03967500, 0.99389100
-0.03062180, 0.98348480, 0.17838140
0.58947970, 0.83671440
0.02022900, 0.03237800, 0.99374600
0.07124419, 0.98571820, 0.15259060
0.69110390, 0.83679260
-0.27855100, 0.09289100, 0.54766500
0.02056604, 0.99273920, 0.11851550
0.58934960, 0.68204120
-0.35609300, 0.03237500, 0.99422100
-0.58825640, 0.80212360, 0.10272370
0.56446490, 0.83688930
-0.39255900, -0.05640800, 0.99207800
-0.96054140, 0.27614250, 0.03324923
0.48094040, 0.13546640
-0.35609300, 0.03237500, 0.99422100
-0.58825640, 0.80212360, 0.10272370
0.48094040, 0.11435340
0.01898800, 0.01258700, 1.09947200
0.07073759, 0.97757890, 0.19833210
0.69108360, 0.87343240
-0.35767000, 0.02072900, 1.05956000
-0.57594110, 0.80218550, 0.15744910
0.56411270, 0.85982750
-0.39252200, -0.05798900, 1.05766900
-0.96475990, 0.26086570, 0.03445751
0.49606130, 0.13546510
-0.35767000, 0.02072900, 1.05956000
-0.57594110, 0.80218550, 0.15744910
0.49605890, 0.11670380
-0.42327700, -0.28396400, 0.98658500
-0.05410913, -0.78733350, 0.61414830
0.29510090, 0.95161130
-0.21216300, -0.29915400, 0.98571200
-0.10456790, -0.87662420, 0.46967610
0.35673060, 0.95149920
-0.40597900, -0.24442000, 1.03880500
-0.06882815, -0.80941860, 0.58318450
0.30090010, 0.96213080
-0.00172100, -0.27466000, 1.08492600
-0.06530138, -0.91640610, 0.39488690
0.41728460, 0.97334330
-0.40597900, -0.24442000, 1.03880500
-0.11962330, -0.09139639, 0.98860350
0.55714850, 0.97577240
-0.00172100, -0.27466000, 1.08492600
-0.00549104, -0.10027730, 0.99494440
0.69020620, 0.97582020
-0.42327700, -0.28396400, 0.98658500
-0.97765890, 0.08692217, 0.19138330
0.48094080, 0.18853690
-0.40597900, -0.24442000, 1.03880500
-0.95717850, 0.04008171, 0.28671030
0.49275200, 0.17882970
-0.42323000, -0.27297600, 0.57510000
-0.98810240, 0.10209130, -0.11502560
0.38607350, 0.18829300
-0.40355700, -0.28642500, 0.41666000
-0.98355810, 0.12779850, -0.12759680
0.34964390, 0.19195350
-0.00141900, -0.21790100, -1.09237900
-0.04633826, -0.62470360, -0.77948590
0.41532570, 0.47304300
-0.39918300, -0.18940200, -1.08578400
-0.61804980, -0.45594000, -0.64041640
0.53514830, 0.47312160
-0.41084900, -0.10559400, 0.90296600
-0.95825360, 0.28305590, 0.04036715
0.46068250, 0.14762130
-0.41087800, -0.09981200, 0.64995700
-0.95814420, 0.28425630, -0.03403101
0.40235750, 0.14769720
-0.41300500, -0.12848800, 0.61762100
-0.96956710, 0.15616930, -0.18854900
0.39506650, 0.15453250
-0.41297700, -0.13591700, 0.93387700
-0.97879120, 0.14666330, 0.14302990
0.46797340, 0.15448420
-0.21211600, -0.28818700, 0.57510100
-0.99972450, -0.02211889, 0.00785377
0.35672210, 0.86049270
-0.21080500, -0.27509200, 0.77897200
-0.99973230, 0.02310753, 0.00119356
0.35672630, 0.90557900
-0.21538700, -0.11389100, 0.64960300
-0.99967580, -0.02512833, 0.00410211
0.35208960, 0.87606250
-0.21535800, -0.11967300, 0.90261200
-0.99967040, -0.02513268, -0.00522807
0.35209160, 0.93914220
-0.21216300, -0.29915400, 0.98571200
-0.99976270, 0.02131233, -0.00452464
0.35673060, 0.95149920
-0.42327700, -0.28396400, 0.98658500
-0.07794651, -0.37375710, -0.92424570
0.29510090, 0.95161130
-0.21535800, -0.11967300, 0.90261200
-0.08201148, -0.82828340, -0.55427500
0.35209160, 0.93914220
-0.21216300, -0.29915400, 0.98571200
-0.03399669, -0.42040860, -0.90669780
0.35673060, 0.95149920
-0.41297700, -0.13591700, 0.93387700
-0.09405942, -0.50597240, -0.85740580
0.29502280, 0.93914520
-0.41084900, -0.10559400, 0.90296600
-0.06686617, -0.91866800, -0.38933020
0.29502240, 0.93213630
-0.21538700, -0.11389100, 0.64960300
-0.10893230, -0.84276160, 0.52714950
0.35208960, 0.87606250
-0.41087800, -0.09981200, 0.64995700
-0.06680793, -0.93629190, 0.34481040
0.29502080, 0.87606540
-0.41300500, -0.12848800, 0.61762100
-0.06186068, -0.52890650, 0.84642260
0.29501920, 0.86905660
-0.21211600, -0.28818700, 0.57510100
-0.44538420, -0.28024070, 0.85035170
0.35672210, 0.86049270
-0.42323000, -0.27297600, 0.57510000
-0.02024418, -0.28093800, 0.95951240
0.29509250, 0.86041120
-0.41671200, -0.25321300, -0.37323400
-0.07175467, -0.99471740, -0.07340620
0.29705120, 0.65025540
-0.20559800, -0.26841500, -0.37360100
-0.07175457, -0.99471750, -0.07340612
0.35868080, 0.65025540
-0.41671200, -0.25321300, -0.37323400
-0.99272850, 0.10803800, 0.05308464
0.16746830, 0.18890790
-0.38602700, -0.03046900, -0.10168100
-0.98426860, 0.17568550, 0.01870644
0.22879440, 0.13546590
-0.38602700, -0.02404600, -0.36768700
-0.97399070, 0.22493630, 0.02730795
0.16747150, 0.13546590
-0.40355700, -0.27376800, -0.10755400
-0.98852160, 0.11931080, 0.09268212
0.22879490, 0.19195350
-0.34594700, 0.11490100, -0.36433200
-0.96084590, 0.27700270, 0.00668766
0.16747150, 0.10270610
-0.34594700, 0.10841800, -0.09581600
-0.94304830, 0.33260520, 0.00579971
0.22937350, 0.10270600
-0.34594700, 0.10841800, -0.09581600
-0.24692090, 0.96875330, 0.02338930
0.02869697, 0.96899380
-0.31466600, 0.12286900, -0.36414000
-0.24692440, 0.96875240, 0.02338884
0.03581713, 0.90974920
-0.34594700, 0.11490100, -0.36433200
-0.24692450, 0.96875240, 0.02338882
0.02870543, 0.90974720
-0.31466600, 0.11644700, -0.09813400
-0.24692070, 0.96875340, 0.02338935
0.03580810, 0.96844180
-0.32190800, -0.07799100, -0.10280500
0.07184219, 0.99712540, 0.02407425
0.07872379, 0.96845970
0.00866000, -0.09537200, -0.36938500
0.07184216, 0.99712540, 0.02407432
0.15180340, 0.90977600
-0.32190800, -0.07156900, -0.36881100
0.07184193, 0.99712540, 0.02407410
0.07872983, 0.90976950
0.00866000, -0.10179400, -0.10338000
0.07184215, 0.99712540, 0.02407449
0.15180440, 0.96846340
-0.34594700, 0.12493400, -0.77990100
-0.96084590, 0.27700260, 0.00668791
0.07166876, 0.10270610
-0.38602700, -0.01401300, -0.78325600
-0.97341880, 0.22770860, -0.02458792
0.07166876, 0.13546600
-0.31466600, 0.13290300, -0.77970900
-0.24692290, 0.96875040, 0.02348779
0.03584152, 0.81805170
-0.34594700, 0.12493400, -0.77990100
-0.24698340, 0.96873520, 0.02347983
0.02873114, 0.81805290
0.00866000, -0.08533900, -0.78495500
0.07184215, 0.99712540, 0.02407423
0.15179870, 0.81809770
-0.32190800, -0.06153500, -0.78438000
0.07184175, 0.99712540, 0.02407444
0.07874300, 0.81808010
-0.20558300, -0.25777600, -0.78914100
-0.09110589, -0.97100900, 0.22100070
0.35867230, 0.55815920
-0.39918300, -0.18940200, -1.08578400
-0.61804980, -0.45594000, -0.64041640
0.30160460, 0.49299280
-0.00141900, -0.21790100, -1.09237900
-0.04633826, -0.62470360, -0.77948590
0.41728460, 0.49224600
-0.41669700, -0.24257400, -0.78877400
-0.06000089, -0.84604820, 0.52971900
0.29704260, 0.55815920
-0.41669700, -0.24257400, -0.78877400
-0.99062390, 0.12471020, -0.05578237
0.07166882, 0.18876770
-0.38075900, -0.00729200, -1.07736600
-0.70184250, 0.16987780, -0.69177930
0.00386874, 0.13546620
-0.39918300, -0.18940200, -1.08578400
-0.61804980, -0.45594000, -0.64041640
0.00294204, 0.17785750
-0.34594700, 0.13181500, -1.06489200
-0.65915660, 0.22444330, -0.71773100
0.00596900, 0.10270610
0.00866000, -0.07897800, -1.04839200
0.07184215, 0.99712540, 0.02407485
0.15179560, 0.75999550
-0.32132000, -0.05526900, -1.04568500
0.07184236, 0.99712540, 0.02407547
0.07885665, 0.76039000
-0.40426300, -0.07452000, -0.45821700
-0.96025380, 0.27634940, 0.03928788
0.14689410, 0.14792500
-0.40429200, -0.06873700, -0.71122700
-0.96010800, 0.27774130, -0.03244132
0.08856874, 0.14800080
-0.40641800, -0.09741400, -0.74356200
-0.97234330, 0.15427730, -0.17534820
0.08127805, 0.15483600
-0.40639100, -0.10484200, -0.42730600
-0.97974540, 0.14510840, 0.13799470
0.15418480, 0.15478780
-0.20558300, -0.25777600, -0.78914100
-0.99989250, 0.01465576, 0.00041139
0.35867230, 0.55815920
-0.20557200, -0.26280500, -0.58266500
-0.99963930, 0.02684901, 0.00071028
0.35867650, 0.60391940
-0.20880100, -0.08281600, -0.71158000
-0.99983450, -0.01818686, -0.00034757
0.35403980, 0.57440290
-0.20877200, -0.08859900, -0.45857100
-0.99983720, -0.01804074, -0.00045889
0.35404180, 0.63748250
-0.20559800, -0.26841500, -0.37360100
-0.99986850, 0.01621611, 0.00031216
0.35868080, 0.65025540
-0.41671200, -0.25321300, -0.37323400
-0.07648528, -0.38103600, -0.92139110
0.29705120, 0.65025540
-0.20877200, -0.08859900, -0.45857100
-0.08118111, -0.83027190, -0.55141470
0.35404180, 0.63748250
-0.20559800, -0.26841500, -0.37360100
-0.03235241, -0.42748110, -0.90344520
0.35868080, 0.65025540
-0.40639100, -0.10484200, -0.42730600
-0.09342872, -0.50961720, -0.85531360
0.29697290, 0.63748570
-0.40426300, -0.07452000, -0.45821700
-0.06686617, -0.91866820, -0.38932990
0.29697260, 0.63047670
-0.20880100, -0.08281600, -0.71158000
-0.10756830, -0.84612240, 0.52202110
0.35403980, 0.57440290
-0.40429200, -0.06873700, -0.71122700
-0.06680801, -0.93629160, 0.34481100
0.29697090, 0.57440600
-0.40641800, -0.09741400, -0.74356200
-0.06127862, -0.53601370, 0.84198240
0.29696940, 0.56739710
0.02268200, 0.11661900, -1.08430500
0.07180182, 0.99738910, 0.00771327
0.15178680, 0.70803050
-0.31502200, 0.13917300, -1.04099100
-0.10788700, 0.98251930, -0.15171060
0.07705351, 0.71746470
0.02267800, 0.11557600, -1.04369500
0.07182711, 0.99708820, 0.02561296
0.15178270, 0.71698280
-0.34594700, 0.13181500, -1.06489200
-0.13159920, 0.98244830, -0.13220020
0.07016768, 0.71219000
0.02267800, 0.11557600, -1.04369500
0.00005884, -0.02405927, 0.99971060
0.15178270, 0.71698280
-0.32132000, -0.05526900, -1.04568500
0.00634725, -0.02442395, 0.99968150
0.07885665, 0.76039000
0.00866000, -0.07897800, -1.04839200
0.00005619, -0.02413956, 0.99970860
0.15179560, 0.75999550
-0.31502200, 0.13917300, -1.04099100
0.00630441, -0.02433773, 0.99968390
0.07705351, 0.71746470
-0.31502200, 0.13917300, -1.04099100
0.99941000, -0.03434469, -0.00004562
0.03583404, 0.76039710
-0.32190800, -0.06153500, -0.78438000
0.99934390, -0.03621045, -0.00081655
0.07874300, 0.81808010
-0.32132000, -0.05526900, -1.04568500
0.99947370, -0.03240637, 0.00147215
0.07885665, 0.76039000
-0.31466600, 0.13290300, -0.77970900
0.99930740, -0.03717937, -0.00157542
0.03584152, 0.81805170
-0.31502200, 0.13917300, -1.04099100
-0.10788700, 0.98251930, -0.15171060
0.03583404, 0.76039710
-0.34594700, 0.13181500, -1.06489200
-0.13159920, 0.98244830, -0.13220020
0.02874839, 0.75517050
-0.32190800, -0.07156900, -0.36881100
0.99930760, -0.03719565, -0.00089796
0.07872983, 0.90976950
-0.31466600, 0.12286900, -0.36414000
0.99930760, -0.03719566, -0.00089796
0.03581713, 0.90974920
-0.32190800, -0.07799100, -0.10280500
0.99930760, -0.03719566, -0.00089790
0.07872379, 0.96845970
-0.31466600, 0.11644700, -0.09813400
0.99930760, -0.03719567, -0.00089790
0.03580810, 0.96844180
0.00866000, -0.10179400, -0.10338000
-0.00000812, 0.02402280, -0.99971140
0.13986240, 0.26309490
-0.32190800, -0.07799100, -0.10280500
-0.00000824, 0.02401676, -0.99971160
0.02459289, 0.26303670
-0.24924700, 0.29810800, 0.24268800
-0.85036240, 0.52436300, 0.04390023
0.30630910, 0.05542308
-0.33967700, 0.09597000, 0.38779500
-0.94252970, 0.29630540, -0.15440450
0.34038770, 0.10277990
-0.23614300, 0.31735100, 0.26121300
-0.67245830, 0.73899870, 0.04099752
0.31047010, 0.05065995
-0.24924700, 0.30459500, -0.02596700
-0.86064380, 0.50851200, -0.02660390
0.24437530, 0.05542308
-0.23614300, 0.32507000, -0.05850400
-0.70403430, 0.71011730, -0.00830631
0.23676490, 0.05065995
-0.34623500, 0.10722300, -0.05870700
-0.93011770, 0.36726070, 0.00084687
0.23792970, 0.10277990
-0.38583600, -0.03154600, -0.06226300
-0.98701880, 0.16038880, 0.00832133
0.23788240, 0.13549170
-0.39570100, -0.26001300, -0.06570000
-0.94767000, 0.31166390, 0.06918912
0.23788280, 0.18841420
-0.40355700, -0.28543700, 0.37572700
-0.88276960, 0.46966940, 0.01133957
0.34020750, 0.19195350
-0.39570100, -0.27072200, 0.37786300
-0.94730750, 0.31369050, -0.06485916
0.34013880, 0.18841420
-0.37927800, -0.04277700, 0.38336500
-0.97019850, 0.17687240, -0.16562300
0.34013860, 0.13549170
-0.40355700, -0.27471600, -0.06829600
-0.88277060, 0.46966740, 0.01133964
0.23784520, 0.19195350
-0.27152100, 0.09361000, 0.39346600
-0.00704441, 0.98418740, -0.17698990
0.95991600, 0.82969560
-0.08748000, 0.11371400, 0.49793300
0.07589143, 0.94581450, -0.31571410
0.92818000, 0.81097040
0.02206800, 0.07185400, 0.41623900
0.09613653, 0.93226370, -0.34877230
0.90968260, 0.82546370
-0.27702800, 0.10026000, 0.45997400
-0.04979042, 0.99338720, -0.10345430
0.95939390, 0.81847440
0.39196900, -0.34370900, 0.41527700
-0.07169298, -0.99704410, 0.02762322
0.53290370, 0.82625620
0.39196900, -0.33105200, -0.10893700
-0.07175613, -0.99621100, -0.04913997
0.53312710, 0.70870580
0.15210800, 0.27072600, 0.34156300
0.23250980, 0.37682900, 0.89662650
0.73513440, 0.52473410
0.28945900, 0.30226900, -0.06032500
0.37303740, 0.91619710, 0.14637630
0.78605300, 0.37774800
0.28945900, 0.23492600, 0.29462100
0.50250850, 0.47393990, 0.72309480
0.78605300, 0.50773640
0.36518800, 0.06749300, -0.09931600
0.09433544, 0.14864630, -0.98438050
0.25924330, 0.33086220
0.28945900, 0.30226900, -0.06032500
0.06370524, 0.18355350, -0.98094330
0.22704940, 0.41660350
0.39196900, -0.34272000, 0.37434400
0.99799190, 0.06332354, 0.00152895
0.53340210, 0.81631800
0.39196900, -0.33200000, -0.06967900
-0.98823660, -0.15288820, -0.00369138
0.53340210, 0.71791240
0.31224900, 0.28558200, -0.05945700
0.77370070, 0.62885230, 0.07701977
0.79638880, 0.37821340
0.31224900, 0.21908900, 0.26025900
0.82564200, 0.55538290, 0.09932347
0.79638880, 0.49530040
0.38975100, 0.05544300, -0.09709500
0.19547350, 0.22174040, -0.95531210
0.26818960, 0.32753280
0.31224900, 0.28558200, -0.05945700
0.19984010, 0.22332500, -0.95403870
0.23548400, 0.41155800
0.41599400, -0.11620800, 1.05626400
0.11041610, -0.05534827, 0.99234310
0.82322370, 0.91377730
0.39278600, -0.03330900, 1.05825600
0.11045170, 0.00704204, 0.99385650
0.81358510, 0.88681670
0.38975100, 0.07883900, -1.06617100
0.68202570, 0.12786830, -0.72006290
0.30464060, 0.37293910
0.40423000, -0.06381700, -1.07873000
0.71686780, 0.06717818, -0.69396510
0.29708820, 0.41656910
0.13676900, 0.09763600, 0.49749400
0.12728790, 0.90897320, 0.39694520
0.72877390, 0.66404030
0.32305200, 0.04957100, 0.54662000
0.24282830, 0.96369930, 0.11098630
0.79281720, 0.68204120
0.32229700, 0.05710500, 0.45893200
0.24339800, 0.96619950, 0.08494698
0.79243200, 0.65167120
0.39016500, 0.02804300, 0.58236600
0.72460810, 0.68570980, 0.06888586
0.81589910, 0.69457580
0.38975100, 0.04284700, 0.42460800
0.90675040, 0.42101870, 0.02338351
0.81549320, 0.63992640
0.38975100, 0.04284700, 0.42460800
0.90675040, 0.42101870, 0.02338351
0.65080620, 0.10277610
0.41605900, -0.10469700, 0.57916100
0.99318520, 0.11046910, -0.03714635
0.61437810, 0.13553460
0.40949900, -0.10040900, 0.42114900
0.99768010, 0.05020611, 0.04597532
0.65080620, 0.13553460
0.39016500, 0.02804300, 0.58236600
0.72460810, 0.68570980, 0.06888586
0.61437810, 0.10530720
0.41304500, -0.33319400, 0.57364600
-0.07131216, -0.99459070, 0.07552421
0.53922280, 0.86041120
0.20280000, -0.31806400, 0.57437900
-0.07144846, -0.99459320, 0.07536253
0.47784710, 0.86049270
0.31961300, -0.00359000, 0.99284700
0.17182790, 0.96890700, 0.17802940
0.79268690, 0.83671440
0.32305200, 0.04957100, 0.54662000
0.12228710, 0.98541460, 0.11833870
0.79281720, 0.68204120
0.39266800, -0.02154100, 0.99291900
0.69746090, 0.70954240, 0.10048820
0.81770240, 0.83688930
0.41603000, -0.11463200, 0.99067200
0.99046680, 0.13436290, 0.03036501
0.51951510, 0.13553510
0.39266800, -0.02154100, 0.99291900
0.69746090, 0.70954240, 0.10048820
0.51951510, 0.11442300
0.19696700, -0.35416100, 0.67564300
-0.03494948, -0.97780450, -0.20658370
0.47721260, 0.88218470
-0.21799700, -0.35607100, 0.87977300
-0.03239693, -0.97701160, 0.21071040
0.35643010, 0.92992170
-0.21795000, -0.35010600, 0.67636400
-0.00986659, -0.95954750, -0.28137410
0.35649770, 0.90450950
0.19686200, -0.36012100, 0.87905200
-0.00945397, -0.99143370, 0.13026800
0.47721420, 0.92975200
0.39278600, -0.03330900, 1.05825600
0.68547140, 0.71135410, 0.15525530
0.81793580, 0.85965870
0.41599400, -0.11620800, 1.05626400
0.99250860, 0.11847910, 0.02982127
0.50439480, 0.13553380
0.39278600, -0.03330900, 1.05825600
0.68547140, 0.71135410, 0.15525530
0.50439660, 0.11677320
0.41294000, -0.34417800, 0.98513100
-0.05713286, -0.78710420, 0.61416830
0.53921430, 0.95161130
0.40253700, -0.30263900, 1.03740000
-0.04575903, -0.81122370, 0.58294280
0.53381050, 0.96219840
0.20269600, -0.32902700, 0.98499100
-0.02048247, -0.88267830, 0.46953110
0.47783860, 0.95149920
0.40253700, -0.30263900, 1.03740000
0.10871340, -0.10783860, 0.98820660
0.82324550, 0.97580540
0.41294000, -0.34417800, 0.98513100
0.98186420, -0.05532509, 0.18133330
0.51951490, 0.18860340
0.40253700, -0.30263900, 1.03740000
0.95878590, -0.09625724, 0.26732780
0.50770370, 0.17889650
0.41304500, -0.33319400, 0.57364600
0.99227570, -0.04227399, -0.11662710
0.61437770, 0.18835950
0.39196900, -0.34370900, 0.41527700
0.99245360, -0.12262090, -0.00011848
0.65080590, 0.19201970
0.39634400, -0.24668500, -1.08716700
0.54511440, -0.53961140, -0.64161500
0.29550250, 0.47312200
0.42677600, -0.16590900, 0.90151000
0.98905530, 0.14283550, 0.03698183
0.53977190, 0.14768950
0.42675800, -0.16012800, 0.64850000
0.98886160, 0.14405830, -0.03741603
0.59809480, 0.14776530
0.42464200, -0.18880500, 0.61616500
0.98032670, 0.01340324, -0.19692640
0.60538520, 0.15460030
0.42464500, -0.19623200, 0.93242100
0.98974860, 0.00255714, 0.14279750
0.53248160, 0.15455210
0.20280000, -0.31806400, 0.57437900
0.69427910, -0.34811190, 0.62991640
0.47784710, 0.86049270
0.23126700, -0.14605300, 0.64882700
0.53209130, -0.74383680, 0.40445720
0.48248120, 0.86905360
0.20408300, -0.30496700, 0.77825100
0.98798100, -0.15452700, -0.00387982
0.47784280, 0.90557900
0.23128500, -0.15183500, 0.90183600
0.52761700, -0.73262890, -0.42997120
0.48247810, 0.93213330
0.20269600, -0.32902700, 0.98499100
0.64526980, -0.40509830, -0.64770550
0.47783860, 0.95149920
0.41294000, -0.34417800, 0.98513100
0.02036398, -0.38105470, -0.92432820
0.53921430, 0.95161130
0.42464500, -0.19623200, 0.93242100
0.01745181, -0.51457020, -0.85727060
0.53954650, 0.93914520
0.42677600, -0.16590900, 0.90151000
-0.06678951, -0.91867350, -0.38933040
0.53954680, 0.93213630
0.42675800, -0.16012800, 0.64850000
-0.06683283, -0.93628980, 0.34481110
0.53954850, 0.87606540
0.42464200, -0.18880500, 0.61616500
-0.01161439, -0.53296970, 0.84605460
0.53955020, 0.86905660
0.41304500, -0.33319400, 0.57364600
-0.01688998, -0.28118910, 0.95950370
0.53922280, 0.86041120
0.19590000, -0.29732600, -0.37429900
-0.07175446, -0.99471750, -0.07340605
0.47588840, 0.65025540
0.40614400, -0.31246500, -0.37466500
-0.07175440, -0.99471750, -0.07340609
0.53726420, 0.65025540
0.40949900, -0.08775200, -0.10306400
0.99895390, 0.04532784, 0.00603552
0.77164990, 0.13553460
0.40614400, -0.31246500, -0.37466500
0.99807280, -0.03763512, 0.04933872
0.83297370, 0.18897450
0.40949900, -0.08133000, -0.36907000
0.99635400, 0.08175725, 0.02438056
0.83297030, 0.13553460
0.39196900, -0.33105200, -0.10893700
0.99225810, -0.11809420, -0.03844028
0.77164950, 0.19201970
0.38975100, 0.06192500, -0.36561100
0.99063710, 0.13648160, 0.00329522
0.83297030, 0.10277620
0.38975100, 0.05544300, -0.09709500
0.98098650, 0.19406070, 0.00245426
0.77107130, 0.10277610
0.38975100, 0.05544300, -0.09709500
0.43875500, 0.89834490, 0.02168949
0.27498970, 0.96899930
0.36518800, 0.07391500, -0.36532200
0.43875830, 0.89834330, 0.02168904
0.26896030, 0.90975510
0.36518800, 0.06749300, -0.09931600
0.43875470, 0.89834510, 0.02168952
0.26896770, 0.96844630
0.38975100, 0.06192500, -0.36561100
0.43875840, 0.89834330, 0.02168903
0.27498430, 0.90975460
0.34448200, -0.12597600, -0.10396400
0.07184213, 0.99712540, 0.02407424
0.22604880, 0.96846050
0.34448200, -0.11955400, -0.36996900
0.07184239, 0.99712540, 0.02407409
0.22604270, 0.90977010
-0.21125800, -0.34460000, -0.47387300
-0.04839597, -0.95348990, 0.29751440
0.35868080, 0.62845340
0.19031300, -0.35468500, -0.69355600
-0.04933954, -0.94396720, -0.32633050
0.47576150, 0.57950940
0.19024000, -0.36057400, -0.47457100
-0.03784058, -0.96280150, 0.26754690
0.47575330, 0.62774920
-0.21124400, -0.33870700, -0.69285800
-0.03780882, -0.93476800, -0.35324120
0.35867230, 0.57991840
0.38975100, 0.07195900, -0.78118000
0.99063710, 0.13648160, 0.00329512
0.92876890, 0.10277620
0.40949900, -0.07129700, -0.78463900
0.99599550, 0.08470374, -0.02860406
0.92876890, 0.13553460
0.36518800, 0.08394800, -0.78089100
0.43875940, 0.89833950, 0.02182868
0.26894440, 0.81806420
0.38975100, 0.07195900, -0.78118000
0.43883900, 0.89830080, 0.02181865
0.27496770, 0.81806440
0.34448200, -0.10952000, -0.78553900
0.07184255, 0.99712540, 0.02407447
0.22602830, 0.81807660
0.19597300, -0.28669100, -0.78983900
-0.04818782, -0.97409940, 0.22092610
0.47589690, 0.55815920
0.39634400, -0.24668500, -1.08716700
0.54511440, -0.53961140, -0.64161500
0.53291230, 0.49310270
0.40621700, -0.30183000, -0.79020400
-0.05997012, -0.84564020, 0.53037360
0.53727260, 0.55815920
0.40621700, -0.30183000, -0.79020400
0.99799380, -0.02113778, -0.05967919
0.92876880, 0.18883420
0.40423000, -0.06381700, -1.07873000
0.71686780, 0.06717818, -0.69396510
0.99656620, 0.13553480
0.39634400, -0.24668500, -1.08716700
0.54511440, -0.53961140, -0.64161500
0.99749270, 0.17792430
0.38975100, 0.07883900, -1.06617100
0.68202570, 0.12786830, -0.72006290
0.99446590, 0.10277620
0.34448300, -0.10321100, -1.04684300
0.07184191, 0.99712540, 0.02407555
0.22600530, 0.76038500
0.42000200, -0.13387300, -0.45965000
0.99007040, 0.13591170, 0.03589761
0.85354680, 0.14799320
0.41998400, -0.12809100, -0.71266000
0.98987740, 0.13732770, -0.03583097
0.91186970, 0.14806890
0.41786800, -0.15676800, -0.74499500
0.98296560, 0.01115758, -0.18345060
0.91916010, 0.15490380
0.41787000, -0.16419500, -0.42873900
0.99047240, 0.00090332, 0.13770880
0.84625660, 0.15485560
0.19597300, -0.28669100, -0.78983900
0.99068920, -0.13610450, -0.00322979
0.47589690, 0.55815920
0.22449200, -0.11401700, -0.71233300
0.98690680, -0.16124660, -0.00380137
0.48053100, 0.56739400
0.19595500, -0.29171800, -0.58336300
0.99232560, -0.12361750, -0.00293698
0.47589270, 0.60391940
0.22451100, -0.11979800, -0.45932400
0.98693000, -0.16110240, -0.00391289
0.48052780, 0.63047370
0.19590000, -0.29732600, -0.37429900
0.99085610, -0.13488150, -0.00335671
0.47588840, 0.65025540
0.40614400, -0.31246500, -0.37466500
0.01788173, -0.38804290, -0.92146780
0.53726420, 0.65025540
0.22451100, -0.11979800, -0.45932400
-0.04046613, -0.83322060, -0.55145800
0.48052780, 0.63047370
0.41787000, -0.16419500, -0.42873900
0.01631646, -0.51807430, -0.85518000
0.53759630, 0.63748570
0.19590000, -0.29732600, -0.37429900
-0.03235257, -0.42748120, -0.90344510
0.47588840, 0.65025540
0.42000200, -0.13387300, -0.45965000
-0.06678951, -0.91867370, -0.38932990
0.53759660, 0.63047670
0.22449200, -0.11401700, -0.71233300
-0.01296150, -0.85293480, 0.52185650
0.48053100, 0.56739400
0.41998400, -0.12809100, -0.71266000
-0.06683258, -0.93628980, 0.34481140
0.53759840, 0.57440600
0.41786800, -0.15676800, -0.74499500
-0.01322384, -0.53989790, 0.84162660
0.53759990, 0.56739710
0.36553500, 0.09016800, -1.04217400
0.28251500, 0.94729710, -0.15104150
0.22767910, 0.71746840
0.38975100, 0.07883900, -1.06617100
0.28659310, 0.94510320, -0.15698540
0.23342000, 0.71214900
0.34448300, -0.10321100, -1.04684300
-0.00622212, -0.02353373, 0.99970370
0.22600530, 0.76038500
0.36553500, 0.09016800, -1.04217400
-0.00617389, -0.02346282, 0.99970570
0.22767910, 0.71746840
0.36553500, 0.09016800, -1.04217400
-0.99420940, 0.10744040, 0.00203780
0.26897840, 0.76041500
0.34448200, -0.10952000, -0.78553900
-0.99428490, 0.10673670, 0.00217407
0.22602830, 0.81807660
0.36518800, 0.08394800, -0.78089100
-0.99432410, 0.10637660, 0.00189056
0.26894440, 0.81806420
0.34448300, -0.10321100, -1.04684300
-0.99413000, 0.10816070, 0.00260481
0.22600530, 0.76038500
0.36553500, 0.09016800, -1.04217400
0.28251500, 0.94729710, -0.15104150
0.26897840, 0.76041500
0.38975100, 0.07883900, -1.06617100
0.28659310, 0.94510320, -0.15698540
0.27495670, 0.75518440
0.34448200, -0.11955400, -0.36996900
-0.99432430, 0.10636030, 0.00256783
0.22604270, 0.90977010
0.36518800, 0.07391500, -0.36532200
-0.99432430, 0.10636030, 0.00256784
0.26896030, 0.90975510
0.34448200, -0.12597600, -0.10396400
-0.99432430, 0.10636030, 0.00256778
0.22604880, 0.96846050
0.36518800, 0.06749300, -0.09931600
-0.99432430, 0.10636040, 0.00256780
0.26896770, 0.96844630
0.34448200, -0.12597600, -0.10396400
-0.00000891, 0.02401684, -0.99971160
0.25696530, 0.26321040
0.32239700, 0.19817300, 0.24169400
0.91774970, 0.39287600, 0.05817159
0.69413880, 0.05549514
0.31224900, 0.21908900, 0.26025900
0.82564200, 0.55538290, 0.09932347
0.68997790, 0.05073249
0.38999300, 0.04347900, 0.38445000
0.95255710, 0.30362820, 0.02109061
0.66006190, 0.10285000
0.32239700, 0.26343200, -0.02696100
0.89246940, 0.45007130, 0.03056523
0.75607010, 0.05549538
0.31224900, 0.28558200, -0.05945700
0.77370070, 0.62885230, 0.07701977
0.76367990, 0.05073249
0.38999300, 0.05420900, -0.05998700
0.97313730, 0.23021250, -0.00246277
0.76251510, 0.10285000
0.40929100, -0.08880100, -0.06364600
0.99891770, 0.04617046, 0.00563055
0.76256250, 0.13556030
0.39942600, -0.31726800, -0.06708200
0.95198090, -0.29922370, -0.06478791
0.76256200, 0.18848060
0.39196900, -0.34272000, 0.37434400
0.89294730, -0.45003000, -0.01086565
0.66024150, 0.19201970
0.39942600, -0.32797700, 0.37648000
0.95163340, -0.30116480, 0.06077562
0.66031060, 0.18848060
0.41584900, -0.10003200, 0.38198200
0.98591760, 0.04764949, 0.16029980
0.66031090, 0.13556030
0.39196900, -0.33200000, -0.06967900
0.89294750, -0.45002970, -0.01086551
0.76259960, 0.19201970
0.32239700, 0.19817300, 0.24169400
-0.74429170, -0.65324850, -0.13891140
0.83869440, 0.53547140
0.28858600, 0.29366900, -0.02623100
-0.67018100, -0.72182400, -0.17270630
0.84906240, 0.47403620
0.32239700, 0.26343200, -0.02696100
-0.65812920, -0.73162900, -0.17772200
0.83869440, 0.47403740
0.28858600, 0.22726300, 0.28992600
-0.29251840, -0.76236690, 0.57726050
0.84906830, 0.54633550
0.32222200, 0.05090600, 0.39035600
0.10078180, 0.99085940, -0.08966972
0.85876000, 0.82919470
0.32229700, 0.05710500, 0.45893200
0.10078180, 0.99085940, -0.08966973
0.85928690, 0.81808910
0.38999300, 0.04347900, 0.38445000
0.10078180, 0.99085940, -0.08966972
0.84760000, 0.82986080
-0.21120000, 0.32975100, 0.29549200
-0.29764630, 0.72760850, 0.61805550
0.96413840, 0.54839650
-0.07187200, 0.30923700, 0.33783200
-0.23197270, -0.51932390, 0.82249090
0.93199930, 0.55707000
-0.07213600, 0.31585800, 0.34195300
-0.11773370, 0.45790210, 0.88117220
0.93224340, 0.55883190
-0.21145000, 0.32204200, 0.29079500
-0.31884960, -0.48561000, 0.81395200
0.96390370, 0.54634090
0.04021900, 0.29355100, 0.34802500
0.08517328, 0.43773610, 0.89506010
0.90648510, 0.56033640
0.03972300, 0.28675300, 0.34414200
-0.09510190, -0.48924650, 0.86694490
0.90648530, 0.55854270
0.15210800, 0.27072600, 0.34156300
0.23250980, 0.37682900, 0.89662650
0.88072740, 0.55882820
0.15088300, 0.26421200, 0.33744500
0.05018939, -0.54010350, 0.84010080
0.88097130, 0.55706670
0.28945900, 0.23492600, 0.29462100
0.50250850, 0.47393990, 0.72309480
0.84883350, 0.54839060
-0.34783900, -0.26077400, -0.06571800
-0.07199507, -0.99711230, -0.02416213
0.54399560, 0.34553030
-0.00450700, -0.28687300, -0.01167400
-0.07195719, -0.99712220, -0.02386620
0.62417200, 0.33256360
-0.34783900, -0.26214800, -0.00899900
-0.07193386, -0.99711890, -0.02406915
0.54399480, 0.33256390
0.00205100, -0.28602100, -0.06632700
-0.07199188, -0.99711200, -0.02418221
0.62417200, 0.34553070
0.35194800, -0.31806500, 0.21874000
-0.07177351, -0.99713220, -0.02399741
0.62417200, 0.27719960
-0.34783900, -0.26767600, 0.21995700
-0.07184219, -0.99712540, -0.02407306
0.54399470, 0.28021930
0.35194800, -0.31253800, -0.01021600
-0.07169507, -0.99713610, -0.02407331
0.70434930, 0.33256360
-0.21211600, -0.28818700, 0.57510100
-0.01875824, -0.86922970, -0.49405260
0.35672210, 0.86049270
0.20280000, -0.31806400, 0.57437900
-0.06816754, -0.93850330, -0.33847420
0.47784710, 0.86049270
0.19696700, -0.35416100, 0.67564300
0.98901870, -0.14777310, 0.00225176
0.47721260, 0.88218470
0.19686200, -0.36012100, 0.87905200
0.98911330, -0.14685000, -0.00948945
0.47721420, 0.92975200
0.20269600, -0.32902700, 0.98499100
-0.01865673, -0.94783460, 0.31821630
0.47783860, 0.95149920
-0.21216300, -0.29915400, 0.98571200
-0.06237930, -0.87776050, 0.47502140
0.35673060, 0.95149920
-0.21795000, -0.35010600, 0.67636400
-0.99577350, 0.09177605, 0.00351198
0.35649770, 0.90450950
-0.21799700, -0.35607100, 0.87977300
-0.99526780, 0.09713439, 0.00261995
0.35643010, 0.92992170
-0.21080500, -0.27509200, 0.77897200
-0.99553820, 0.09435913, 0.00034526
0.35672630, 0.90557900
-0.21795000, -0.35010600, 0.67636400
-0.99553820, 0.09435913, 0.00034526
0.35649770, 0.90450950
-0.21124400, -0.33870700, -0.69285800
-0.99741130, 0.07188465, 0.00182156
0.35867230, 0.57991840
-0.20558300, -0.25777600, -0.78914100
-0.03665197, -0.77364770, -0.63255510
0.35867230, 0.55815920
0.19597300, -0.28669100, -0.78983900
-0.05960065, -0.81374490, -0.57815830
0.47589690, 0.55815920
0.19024000, -0.36057400, -0.47457100
0.99630150, -0.08590265, -0.00202841
0.47575330, 0.62774920
0.19590000, -0.29732600, -0.37429900
-0.03723674, -0.83514850, 0.54876260
0.47588840, 0.65025540
-0.20559800, -0.26841500, -0.37360100
-0.05608160, -0.79346330, 0.60602880
0.35868080, 0.65025540
0.00342700, -0.35063400, 1.13388700
0.07208397, 0.02065484, 0.99718470
0.12734280, 0.04417449
-0.40591700, -0.26282500, 1.13061900
-0.44773090, 0.06960824, 0.89145480
0.02407047, 0.02163994
-0.40535900, -0.35566800, 1.13884700
-0.44218520, 0.10084190, 0.89123690
0.02567045, 0.04680091
0.00339900, -0.25623200, 1.13299700
0.07209180, 0.00942839, 0.99735340
0.12827430, 0.02128166
0.00339900, -0.25623200, 1.13299700
0.01372409, 0.98272380, 0.18456850
0.12827430, 0.02128166
-0.40391500, -0.25751900, 1.09633300
-0.27411000, 0.96062630, 0.04539605
0.02248059, 0.01695228
-0.40591700, -0.26282500, 1.13061900
-0.16152800, 0.97664150, 0.14170380
0.02407047, 0.02163994
0.00115800, -0.25030400, 1.10195900
0.01387374, 0.98233010, 0.18664170
0.12799850, 0.01848698
0.00115800, -0.25030400, 1.10195900
-0.07191693, -0.07496500, -0.99458940
0.12799850, 0.01848698
-0.40276400, -0.36112700, 1.11282700
0.43021730, -0.12724800, -0.89371190
0.02155223, 0.04367095
-0.40391500, -0.25751900, 1.09633300
0.46865650, -0.15060950, -0.87044690
0.02248059, 0.01695228
0.00156700, -0.35609000, 1.10819000
-0.07198834, -0.05892226, -0.99566350
0.12665810, 0.04442060
0.00156700, -0.35609000, 1.10819000
0.01455607, -0.97830170, 0.20667340
0.12665810, 0.04442060
-0.40535900, -0.35566800, 1.13884700
0.01455635, -0.97830160, 0.20667360
0.02567045, 0.04680091
-0.40276400, -0.36112700, 1.11282700
0.02444223, -0.99357160, 0.11053470
0.02155223, 0.04367095
0.00342700, -0.35063400, 1.13388700
0.01455607, -0.97830170, 0.20667350
0.12734280, 0.04417449
-0.43182400, -0.27120500, 1.09277500
-0.98918360, -0.00680822, 0.14652470
0.01618060, 0.01997530
-0.43060600, -0.36211300, 1.11012100
-0.97326080, 0.01338653, 0.22931250
0.01183677, 0.04563570
-0.43182400, -0.27120500, 1.09277500
-0.42081500, 0.89562100, -0.14414500
0.01618060, 0.01997530
-0.43060600, -0.36211300, 1.11012100
0.04194248, -0.99678050, -0.06833306
0.01183677, 0.04563570
-0.41973700, -0.35562400, 1.08575500
-0.06615775, -0.23066340, -0.97078190
0.01679136, 0.04116082
-0.42134600, -0.27628100, 1.06306100
0.17259650, -0.23511730, -0.95651990
0.01511727, 0.01966614
-0.41973700, -0.35562400, 1.08575500
0.05703395, -0.97078740, -0.23306430
0.01679136, 0.04116082
-0.42134600, -0.27628100, 1.06306100
-0.39190120, 0.87393190, -0.28750040
0.01511727, 0.01966614
0.40811300, -0.26314300, 1.07178100
0.57132770, 0.06921178, 0.81779840
0.23631590, 0.02094209
0.40867200, -0.35598600, 1.08001000
0.56582930, 0.10045040, 0.81838060
0.23321950, 0.04726350
0.40120600, -0.25783400, 1.03814000
0.27853410, 0.96041080, 0.00545409
0.23573810, 0.01577240
0.40811300, -0.26314300, 1.07178100
0.18098970, 0.97650670, 0.11695030
0.23631590, 0.02094209
0.40235800, -0.36144100, 1.05463400
-0.55436780, -0.12686200, -0.82254630
0.23314740, 0.04584390
0.40120600, -0.25783400, 1.03814000
-0.58907780, -0.15019470, -0.79399560
0.23573810, 0.01577240
0.40867200, -0.35598600, 1.08001000
0.01455541, -0.97830250, 0.20666980
0.23321950, 0.04726350
0.40235800, -0.36144100, 1.05463400
-0.00906454, -0.99355880, 0.11295480
0.23314740, 0.04584390
0.42830300, -0.27154100, 1.03060600
0.99996750, -0.00758740, 0.00275110
0.24314080, 0.02032954
0.42952100, -0.36244800, 1.04795200
0.99613110, 0.01261639, 0.08696920
0.23958430, 0.04910135
0.42830300, -0.27154100, 1.03060600
0.39640430, 0.89530240, -0.20321740
0.24314080, 0.02032954
0.42952100, -0.36244800, 1.04795200
-0.05210697, -0.99674400, -0.06153305
0.23958430, 0.04910135
0.41526600, -0.35595000, 1.02540200
-0.07431734, -0.23066190, -0.97019170
0.23878050, 0.04217130
0.41365700, -0.27660800, 1.00270800
-0.30853830, -0.23493150, -0.92174360
0.23249480, 0.02279055
0.41526600, -0.35595000, 1.02540200
-0.09070979, -0.97073140, -0.22237870
0.23878050, 0.04217130
0.41365700, -0.27660800, 1.00270800
0.34715730, 0.87364410, -0.34092210
0.23249480, 0.02279055
0.02365300, -0.30709400, -1.16658300
0.07793503, 0.11185500, -0.99066370
0.87641780, 0.04672033
-0.39300200, -0.25617600, -1.18862300
-0.42748440, 0.09086411, -0.89944470
0.78126250, 0.02550423
0.01094600, -0.20691400, -1.15755100
0.07950816, 0.09950947, -0.99185500
0.87786300, 0.02297217
-0.37978000, -0.35447800, -1.20566300
-0.36652990, 0.13461860, -0.92061590
0.76830690, 0.04671562
0.01094600, -0.20691400, -1.15755100
-0.09345695, 0.96830120, -0.23164300
0.87786300, 0.02297217
-0.39253400, -0.24908500, -1.15377800
-0.39240630, 0.91899000, -0.03840183
0.77135500, 0.01395112
0.00718400, -0.19966300, -1.12602500
-0.09320910, 0.96782540, -0.23372220
0.87696680, 0.02030516
-0.39300200, -0.25617600, -1.18862300
-0.28103010, 0.94115230, -0.18776180
0.78126250, 0.02550423
0.00718400, -0.19966300, -1.12602500
-0.07122116, -0.16331940, 0.98399910
0.87696680, 0.02030516
-0.37696100, -0.35978400, -1.18040100
0.42199100, -0.14398040, 0.89509400
0.77620290, 0.04588801
0.02205600, -0.31292300, -1.14172900
-0.07345287, -0.14642540, 0.98649090
0.87603530, 0.04766965
-0.39253400, -0.24908500, -1.15377800
0.40484040, -0.16615760, 0.89916400
0.77135500, 0.01395112
0.02205600, -0.31292300, -1.14172900
0.13465270, -0.96660050, -0.21806460
0.87603530, 0.04766965
-0.37978000, -0.35447800, -1.20566300
0.02753824, -0.97765000, -0.20842760
0.76830690, 0.04671562
0.02365300, -0.30709400, -1.16658300
0.13465270, -0.96660040, -0.21806470
0.87641780, 0.04672033
-0.37696100, -0.35978400, -1.18040100
-0.02723711, -0.98754440, -0.15496550
0.77620290, 0.04588801
-0.41838300, -0.26811400, -1.15138200
-0.97452520, -0.11063430, -0.19509150
0.76372290, 0.02816403
-0.40563300, -0.35610500, -1.17657300
-0.95541550, -0.05773662, -0.28956450
0.77078010, 0.04460531
-0.41838300, -0.26811400, -1.15138200
-0.54463780, 0.77896320, 0.31078290
0.76372290, 0.02816403
-0.40563300, -0.35610500, -1.17657300
-0.13327850, -0.98996600, -0.04694732
0.77078010, 0.04460531
-0.39564000, -0.35651500, -1.14625500
0.05981497, -0.25702990, 0.96455060
0.77012560, 0.05201203
-0.40662300, -0.28145600, -1.12359700
0.12786380, -0.26411180, 0.95597900
0.75198170, 0.02828217
-0.39564000, -0.35651500, -1.14625500
-0.12361390, -0.99195360, 0.02734471
0.77012560, 0.05201203
-0.40662300, -0.28145600, -1.12359700
-0.46788790, 0.70300770, 0.53559420
0.75198170, 0.02828217
0.41411300, -0.16050200, -1.11432500
0.54953070, 0.20668370, -0.80950460
0.98535850, 0.01813132
0.42733400, -0.25880400, -1.13136600
0.48493670, 0.23555210, -0.84223010
0.98532810, 0.04446489
0.40574800, -0.15445800, -1.08029200
0.16896700, 0.98553230, 0.01327830
0.98466270, 0.01739264
0.41411300, -0.16050200, -1.11432500
0.08424291, 0.98445160, -0.15413680
0.98535850, 0.01813132
0.42132100, -0.26515700, -1.10691700
-0.53118210, -0.25697450, 0.80734730
0.98038070, 0.04395670
0.40574800, -0.15445800, -1.08029200
-0.51038210, -0.27465480, 0.81490780
0.98466270, 0.01739264
0.42733400, -0.25880400, -1.13136600
0.23787530, -0.95271790, -0.18906060
0.98532810, 0.04446489
0.42132100, -0.26515700, -1.10691700
0.28290540, -0.95078100, -0.12641220
0.98038070, 0.04395670
0.43443800, -0.16702200, -1.07287600
0.99236690, 0.12252110, -0.01402070
0.99185350, 0.02094239
0.44718700, -0.25501400, -1.09806700
0.97884820, 0.17154300, -0.11148680
0.98577810, 0.04642648
0.43443800, -0.16702200, -1.07287600
0.28408960, 0.87719560, 0.38706710
0.99185350, 0.02094239
0.44718700, -0.25501400, -1.09806700
0.36538570, -0.93085560, -0.00103770
0.98577810, 0.04642648
0.43227000, -0.25837600, -1.07004200
-0.17126770, -0.28442770, 0.94327530
0.97893920, 0.05124885
0.42128700, -0.18331700, -1.04738400
-0.23314320, -0.30690990, 0.92274080
0.98162130, 0.03054351
0.43227000, -0.25837600, -1.07004200
0.34322950, -0.93661530, 0.07032219
0.97893920, 0.05124885
0.42128700, -0.18331700, -1.04738400
0.18785280, 0.78073280, 0.59595940
0.98162130, 0.03054351
-0.21125800, -0.34460000, -0.47387300
-0.99742070, 0.07175370, 0.00181852
0.35868080, 0.62845340
0.19031300, -0.35468500, -0.69355600
0.99631150, -0.08578613, -0.00199820
0.47576150, 0.57950940
-0.08748000, 0.11371400, 0.49793300
0.03965722, -0.00826192, -0.99917920
0.65600070, 0.62507620
0.02480300, 0.10776300, 0.50243900
0.00166577, -0.00034704, -0.99999860
0.69206540, 0.62555660
-0.08748000, 0.11371400, 0.49793300
-0.18420600, 0.72608160, 0.66247540
0.65597330, 0.62507950
0.02480300, 0.10776300, 0.50243900
-0.00540325, 0.00112568, -0.99998470
0.69209400, 0.62555600
-0.27702800, 0.10026000, 0.45997400
-0.21277100, 0.68668770, 0.69511770
0.59382600, 0.62603810
-0.32413300, 0.11247300, 0.43349100
-0.55237270, 0.45497130, 0.69848810
0.57759900, 0.62002090
-0.34594700, 0.09582200, 0.42588700
-0.59700720, 0.49318490, 0.63273300
0.57129840, 0.61648890
0.03912400, 0.27807500, 0.35899600
0.11939440, 0.56885350, 0.81372640
0.69200020, 0.54518090
0.15210800, 0.27072600, 0.34156300
0.29114630, 0.53742700, 0.79145820
0.72846570, 0.53902910
0.04021900, 0.29355100, 0.34802500
0.11348510, 0.56953050, 0.81409840
0.69199520, 0.53903330
0.15107800, 0.25616900, 0.35203400
0.29537780, 0.54402460, 0.78535930
0.72847100, 0.54483910
0.30571800, 0.21007700, 0.29674700
0.73110060, 0.55695940, 0.39406610
0.78255220, 0.53899480
0.28945900, 0.23492600, 0.29462100
0.53986990, 0.41587420, 0.73183960
0.77523710, 0.53301470
0.31224900, 0.21908900, 0.26025900
0.77355760, 0.56900940, 0.27899290
0.79078800, 0.53599300
-0.24924700, 0.29810800, 0.24268800
0.55302480, -0.83292200, -0.02010980
0.97427790, 0.53547720
-0.21145000, 0.32967500, -0.02536200
0.27923520, -0.95994300, -0.02317663
0.96390970, 0.47404130
-0.21145000, 0.32204200, 0.29079500
0.12643600, -0.99104220, -0.04300300
0.96390370, 0.54634090
-0.24924700, 0.30459500, -0.02596700
0.55302450, -0.83292230, -0.02010988
0.97427790, 0.47404300
-0.24924700, 0.30459500, -0.02596700
0.10496430, -0.19060860, 0.97603830
0.55862390, 0.21438180
-0.32121800, 0.10805700, -0.05660900
-0.05798533, -0.09693374, 0.99360030
0.54400940, 0.26098120
-0.21145000, 0.32967500, -0.02536200
0.01920154, -0.14626670, 0.98905890
0.56687530, 0.20810890
-0.34623500, 0.10722300, -0.05870700
-0.07569485, -0.05742016, 0.99547640
0.53982950, 0.26159570
-0.33141500, -0.03282900, -0.06021600
-0.04056668, -0.01823956, 0.99901030
0.54401220, 0.29327930
-0.38583600, -0.03154600, -0.06226300
-0.03529535, -0.01793581, 0.99921600
0.53308860, 0.29389180
-0.34783900, -0.26077400, -0.06571800
-0.00540953, -0.01596455, 0.99985790
0.54399560, 0.34553030
-0.39570100, -0.26001300, -0.06570000
0.00014468, -0.01504432, 0.99988680
0.53307270, 0.34613910
-0.39570100, -0.26001300, -0.06570000
0.01940548, 0.99939030, 0.02902508
0.97485170, 0.97077870
-0.29813500, -0.27641900, 0.43397300
0.06175235, 0.99779630, 0.02427331
0.95655850, 0.89088880
-0.34783900, -0.26077400, -0.06571800
0.04218904, 0.99874280, 0.02707461
0.96671390, 0.97213710
-0.39570100, -0.27072200, 0.37786300
0.04445009, 0.99872060, 0.02411289
0.97343470, 0.89592920
-0.39570100, -0.27072200, 0.37786300
0.49782780, -0.01493711, -0.86714730
0.97343470, 0.89592920
-0.28171200, -0.04847400, 0.43947500
0.30912870, -0.17447620, -0.93487830
0.95855620, 0.85386340
-0.29813500, -0.27641900, 0.43397300
0.34897730, -0.00252345, -0.93712780
0.95655850, 0.89088880
-0.37927800, -0.04277700, 0.38336500
0.44054420, -0.11185850, -0.89073480
0.97663380, 0.85506680
-0.27152100, 0.09361000, 0.39346600
0.15427310, -0.22110460, -0.96297070
0.95991600, 0.82969560
-0.33967700, 0.09597000, 0.38779500
0.08318562, 0.00807864, -0.99650130
0.97107190, 0.83086940
-0.33967700, 0.09597000, 0.38779500
0.04241906, 0.99448390, -0.09592921
0.97107190, 0.83086940
-0.27702800, 0.10026000, 0.45997400
0.04241906, 0.99448390, -0.09592920
0.95939390, 0.81847440
-0.27152100, 0.09361000, 0.39346600
0.04241906, 0.99448390, -0.09592921
0.95991600, 0.82969560
0.03950400, 0.32465800, -0.02548300
-0.12055450, -0.98755350, -0.10101840
0.93200210, 0.47403780
-0.07187200, 0.30923700, 0.33783200
-0.12659790, -0.98866000, -0.08077338
0.93199930, 0.55707000
0.02862600, 0.08281300, -0.05721800
-0.00787593, -0.13257480, 0.99114170
0.62417200, 0.26098260
0.03950400, 0.32465800, -0.02548300
-0.00753041, -0.12976990, 0.99151550
0.59864720, 0.20514140
-0.30306700, 0.08979700, -0.00029800
-0.54518190, 0.59629700, 0.58924250
0.33601640, 0.23034570
0.34356900, -0.15998400, -0.00653400
0.83915670, 0.25874180, 0.47840220
0.47255580, 0.27057930
0.35809200, 0.04218900, -0.00144700
0.50694040, 0.44495480, 0.73825920
0.47573780, 0.22987540
-0.31767600, -0.11234400, -0.00538400
-0.73437920, 0.40464770, 0.54492880
0.33962000, 0.27141590
-0.31875900, -0.13290200, 0.22320900
-0.49009200, 0.61446540, 0.61825730
0.34071910, 0.31914620
0.35194800, -0.31806500, 0.21874000
0.73766920, 0.03446072, 0.67428230
0.40662540, 0.34819230
0.34248800, -0.18051700, 0.22205900
0.57737710, 0.53692890, 0.61509600
0.47212780, 0.31826620
-0.34783900, -0.26767600, 0.21995700
-0.72150490, 0.13538910, 0.67904380
0.33531240, 0.34677110
0.00205100, -0.28602100, -0.06632700
0.07184641, 0.99712530, 0.02406955
0.90772510, 0.97433240
0.00205100, -0.29948300, 0.49125400
0.07184620, 0.99712530, 0.02406920
0.90894540, 0.88521360
0.01847400, -0.07153800, 0.49675600
-0.02037182, -0.23291620, -0.97228340
0.90920390, 0.85086500
0.00205100, -0.29948300, 0.49125400
-0.00000028, 0.02413076, -0.99970880
0.90894540, 0.88521360
0.02206800, 0.07185400, 0.41623900
-0.02982841, -0.43974440, -0.89762750
0.90968260, 0.82546370
0.03972300, 0.28675300, 0.34414200
-0.19738040, -0.97522430, -0.09989224
0.90648530, 0.55854270
0.02206800, 0.07185400, 0.41623900
0.05658242, 0.92550090, -0.37449500
0.90968260, 0.82546370
-0.08748000, 0.11371400, 0.49793300
0.06425235, 0.92047390, -0.38548590
0.92818000, 0.81097040
0.02480300, 0.10776300, 0.50243900
0.06523482, 0.92040400, -0.38548800
0.90967900, 0.81041830
0.32239700, 0.26343200, -0.02696100
-0.13949410, -0.18396910, 0.97298340
0.68972030, 0.21438170
0.37847700, 0.05767400, -0.05782500
0.11415050, -0.09560174, 0.98885290
0.70433590, 0.26098060
0.38999300, 0.05420900, -0.05998700
0.15489210, -0.05783869, 0.98623690
0.70851590, 0.26159480
0.28858600, 0.29366900, -0.02623100
-0.03593495, -0.14346800, 0.98900230
0.68146870, 0.20810870
0.36837200, -0.08321800, -0.06143300
0.05420763, -0.02349212, 0.99825330
0.70433780, 0.29327860
0.40929100, -0.08880100, -0.06364600
0.04730652, -0.02282769, 0.99861960
0.71526130, 0.29389080
0.35194800, -0.31116400, -0.06693400
0.00661176, -0.01649260, 0.99984210
0.70434920, 0.34552970
0.39942600, -0.31726800, -0.06708200
0.00116370, -0.01508830, 0.99988550
0.71527240, 0.34613870
0.39942600, -0.31726800, -0.06708200
0.12408020, 0.99185290, 0.02884326
0.84074030, 0.96936920
0.30224500, -0.31965100, 0.43292900
0.08191685, 0.99634460, 0.02422993
0.86120020, 0.88999080
0.39942600, -0.32797700, 0.37648000
0.09918042, 0.99477960, 0.02401775
0.84419550, 0.89472780
0.35194800, -0.31116400, -0.06693400
0.10142770, 0.99447710, 0.02697614
0.84882720, 0.97082130
0.39942600, -0.32797700, 0.37648000
-0.49782890, 0.05675742, -0.86541600
0.84419550, 0.89472780
0.31866800, -0.09170600, 0.43843100
-0.33738460, -0.13877180, -0.93108220
0.85979850, 0.85315820
0.41584900, -0.10003200, 0.38198200
-0.45674300, -0.05988735, -0.88758060
0.84168990, 0.85408590
0.30224500, -0.31965100, 0.43292900
-0.34897810, 0.04773444, -0.93591430
0.86120020, 0.88999080
0.32222200, 0.05090600, 0.39035600
-0.18886150, -0.21979920, -0.95708910
0.85876000, 0.82919470
0.38999300, 0.04347900, 0.38445000
-0.08666328, 0.00151354, -0.99623650
0.84760000, 0.82986080
0.28858600, 0.22726300, 0.28992600
-0.22629160, -0.96666520, -0.11979350
0.84906830, 0.54633550
0.28858600, 0.29366900, -0.02623100
-0.12146800, -0.97139850, -0.20403550
0.84906240, 0.47403620
0.15088300, 0.26421200, 0.33744500
-0.24653090, -0.96538880, -0.08512949
0.88097130, 0.55706670
0.32222200, 0.05090600, 0.39035600
0.14784040, 0.97444580, -0.16911160
0.85876000, 0.82919470
0.13676900, 0.09763600, 0.49749400
0.05989167, 0.94176580, -0.33089300
0.89070260, 0.81106920
0.32229700, 0.05710500, 0.45893200
0.19500270, 0.97680160, -0.08850209
0.85928690, 0.81808910
-0.32121800, 0.10805700, -0.05660900
-0.61109410, 0.67377660, 0.41543860
0.32023220, 0.23249700
-0.33141500, -0.03282900, -0.06021600
-0.94453370, 0.07594746, 0.31951220
0.33733570, 0.25642310
-0.30306700, 0.08979700, -0.00029800
-0.64314020, 0.73331790, 0.22048950
0.33601640, 0.23034570
-0.34783900, -0.26214800, -0.00899900
-0.98871450, 0.14349160, 0.04305579
0.30626510, 0.28129720
-0.34783900, -0.26077400, -0.06571800
-0.99741600, 0.07182082, 0.00173414
0.30111290, 0.27352880
0.35194800, -0.31116400, -0.06693400
0.99668260, 0.02419482, 0.07770716
0.51101650, 0.27217900
0.35194800, -0.31253800, -0.01021600
0.99835900, 0.05711830, 0.00410538
0.50599660, 0.28001070
0.36837200, -0.08321800, -0.06143300
0.94420280, -0.07587025, 0.32050700
0.47453000, 0.25578140
0.37847700, 0.05767400, -0.05782500
0.70275800, 0.57915600, 0.41317010
0.49156170, 0.23178430
0.37847700, 0.05767400, -0.05782500
0.70275800, 0.57915600, 0.41317010
0.47804740, 0.21772660
0.02862600, 0.08281300, -0.05721800
0.06930225, 0.95551170, 0.28669590
0.40587200, 0.21780510
-0.34783900, -0.26767600, 0.21995700
-0.72150490, 0.13538910, 0.67904380
0.31487370, 0.32465110
0.35194800, -0.31806500, 0.21874000
0.73766920, 0.03446072, 0.67428230
0.49802570, 0.32346510
-0.32121800, 0.10805700, -0.05660900
-0.61109410, 0.67377660, 0.41543860
0.33369630, 0.21788380
0.14967400, 0.10197200, 0.32107900
-0.44037450, 0.83826700, 0.32152560
0.83647770, 0.39293810
0.24362800, 0.07601400, 0.32581500
-0.13754950, -0.51732720, 0.84466120
0.86852200, 0.39770220
0.25419000, 0.09444600, 0.32089800
0.55704120, 0.76644560, 0.31979100
0.87161330, 0.39293810
0.15750300, 0.08221600, 0.32596400
0.06493399, -0.53191010, 0.84430750
0.83956890, 0.39770220
0.24421000, 0.08461500, 0.30418800
-0.08861829, 0.20613770, -0.97450200
0.86852200, 0.39746460
0.15808500, 0.09081600, 0.30433800
0.11386680, 0.19155440, -0.97485450
0.83956890, 0.39746460
0.28165400, 0.00363100, 0.29805100
-0.22695070, -0.34715190, 0.90993340
0.88299850, 0.41945630
0.30033600, 0.00660700, 0.28720600
0.99741600, -0.07182171, -0.00173381
0.88918140, 0.41933750
0.28223600, 0.01223200, 0.27642500
-0.17801850, 0.37631260, -0.90922950
0.88299850, 0.41921820
0.23355500, -0.06255000, 0.27043800
-0.11386660, -0.19155490, 0.97485440
0.86852200, 0.44121010
0.24196500, -0.07370600, 0.25369600
0.44037460, -0.83826700, -0.32152560
0.87161330, 0.44573660
0.23413600, -0.05394900, 0.24881100
-0.06493459, 0.53190890, -0.84430830
0.86852200, 0.44097230
0.14743000, -0.05634800, 0.27058800
0.08861843, -0.20613590, 0.97450230
0.83956890, 0.44121010
0.13744900, -0.06618000, 0.25387800
-0.55704090, -0.76644570, -0.31979120
0.83647770, 0.44573660
0.14801100, -0.04774800, 0.24896100
0.13755020, 0.51732750, -0.84466100
0.83956890, 0.44097230
0.10940400, 0.01603400, 0.29835100
0.17801890, -0.37631250, 0.90922950
0.82509240, 0.41945630
0.09130400, 0.02165900, 0.28757000
-0.99741600, 0.07182148, 0.00173427
0.81890980, 0.41933750
0.10998600, 0.02463500, 0.27672400
0.22695170, 0.34715200, -0.90993310
0.82509240, 0.41921820
0.17796200, -0.06608000, 0.49425200
-0.02464688, -0.36477050, 0.93077120
0.84288570, 0.42310780
0.20252200, -0.06784800, 0.49420900
-0.02464687, -0.36477050, 0.93077120
0.86803410, 0.42310780
0.19107300, -0.05553500, 0.49873100
-0.02464676, -0.36476890, 0.93077180
0.85545990, 0.41219690
0.18941100, -0.07839300, 0.48972900
-0.02464700, -0.36477220, 0.93077050
0.85545990, 0.43401880
0.18351100, 0.01604600, 0.28469300
-0.80015670, 0.26924110, -0.53596510
0.84288590, 0.41710440
0.20807100, 0.01427800, 0.28465000
0.82861690, 0.15195740, -0.53879770
0.86803420, 0.41710440
0.19496000, 0.00373300, 0.28017000
-0.04086828, -0.54737310, -0.83589020
0.85546010, 0.42801530
0.19662200, 0.02659100, 0.28917200
0.06932909, 0.96857290, -0.23887240
0.85546010, 0.40619360
0.17796200, -0.06608000, 0.49425200
-0.99741600, 0.07182166, 0.00173371
0.84288570, 0.42310780
0.19107300, -0.05553500, 0.49873100
0.06748116, 0.92832370, 0.36559720
0.85545990, 0.41219690
0.20252200, -0.06784800, 0.49420900
0.99741600, -0.07182121, -0.00173338
0.86803410, 0.42310780
0.18941100, -0.07839300, 0.48972900
-0.06748229, -0.92832370, -0.36559710
0.85545990, 0.43401880
-0.07319100, 0.30095200, 0.35267600
-0.07328133, 0.58548090, 0.80736730
0.65516410, 0.54441830
-0.07213600, 0.31585800, 0.34195300
-0.10776230, 0.57468700, 0.81124720
0.65510430, 0.53846410
-0.23096900, 0.30733900, 0.29782800
-0.69530570, 0.58009800, 0.42430680
0.59951770, 0.53816680
-0.21120000, 0.32975100, 0.29549200
-0.44563350, 0.47233960, 0.76046440
0.60726460, 0.53286700
-0.23614300, 0.31735100, 0.26121300
-0.74254940, 0.60834570, 0.28024250
0.59271670, 0.52932490
0.13676900, 0.09763600, 0.49749400
-0.14901590, 0.03521209, -0.98820760
0.72855180, 0.62555160
0.13676900, 0.09763600, 0.49749400
-0.16037670, 0.01233667, -0.98697880
0.72854500, 0.62555210
0.37121200, 0.06536600, 0.43110300
0.66337810, 0.42096520, 0.61864190
0.80777410, 0.61728950
0.32229700, 0.05710500, 0.45893200
0.31390040, 0.60534240, 0.73145540
0.79164270, 0.62556230
0.38975100, 0.04284700, 0.42460800
0.71382690, 0.43312680, 0.55032030
0.81646770, 0.62130810
0.38999300, 0.04347900, 0.38445000
-0.84910320, -0.50719950, -0.14755510
0.66006190, 0.10285000
0.30571800, 0.21007700, 0.29674700
-0.84910320, -0.50719950, -0.14755510
0.68997790, 0.05073249
0.32239700, 0.19817300, 0.24169400
-0.84910320, -0.50719950, -0.14755510
0.69413880, 0.05549514
0.30571800, 0.21007700, 0.29674700
-0.86101640, -0.49561320, -0.11409820
0.68997790, 0.05073249
0.38999300, 0.04347900, 0.38445000
-0.86101640, -0.49561320, -0.11409820
0.66006190, 0.10285000
0.37121200, 0.06536600, 0.43110300
-0.86101640, -0.49561320, -0.11409820
0.65080620, 0.10277610
-0.33967700, 0.09597000, 0.38779500
0.86249290, -0.49272530, -0.11544620
0.34038770, 0.10277990
-0.23096900, 0.30733900, 0.29782800
0.86249290, -0.49272530, -0.11544620
0.31047010, 0.05065995
-0.32413300, 0.11247300, 0.43349100
0.86249290, -0.49272530, -0.11544620
0.34964360, 0.10270600
-0.23096900, 0.30733900, 0.29782800
0.83718620, -0.51219560, -0.19176790
0.31047010, 0.05065995
-0.33967700, 0.09597000, 0.38779500
0.83718620, -0.51219560, -0.19176790
0.34038770, 0.10277990
-0.24924700, 0.29810800, 0.24268800
0.83718620, -0.51219560, -0.19176790
0.30630910, 0.05542308
-0.38450200, -0.04162500, 0.38182200
-0.97586420, 0.16255220, 0.14582840
0.34013860, 0.13549170
-0.41345300, 0.09318600, -0.06371700
-0.95438270, 0.26289520, 0.14156220
0.23792970, 0.10277990
-0.45080000, -0.04608300, -0.05686600
-0.97591060, 0.16226420, 0.14583830
0.23788240, 0.13549170
-0.34702400, 0.09765200, 0.37583500
-0.95438270, 0.26289510, 0.14156220
0.34038770, 0.10277990
-0.46402100, -0.27426200, -0.05254700
-0.98708040, 0.06000472, 0.14856560
0.23788280, 0.18841420
-0.39772300, -0.26980400, 0.38614000
-0.98708040, 0.06000449, 0.14856570
0.34013880, 0.18841420
-0.35919600, -0.04667200, 0.36101200
0.97452600, -0.17063430, -0.14554400
0.96163100, 0.73328750
-0.38373000, 0.07779000, -0.05100600
0.95002660, -0.27864070, -0.14074390
0.86389330, 0.69973770
-0.32234900, 0.08191700, 0.35514600
0.95002680, -0.27864020, -0.14074380
0.96186910, 0.69973770
-0.42045600, -0.05079200, -0.04434200
0.97457840, -0.17032490, -0.14555520
0.86384800, 0.73328750
-0.43267500, -0.26168000, -0.04035000
0.98708040, -0.06000436, -0.14856570
0.86384840, 0.78756590
-0.37141500, -0.25756100, 0.36500300
0.98708040, -0.06000420, -0.14856580
0.96163120, 0.78756590
-0.34702400, 0.09765200, 0.37583500
0.48589670, 0.87013520, -0.08227446
0.96590630, 0.69616980
-0.38373000, 0.07779000, -0.05100600
0.48589670, 0.87013520, -0.08227446
0.86389330, 0.69973770
-0.41345300, 0.09318600, -0.06371700
0.48589670, 0.87013520, -0.08227446
0.85987360, 0.69616980
-0.38373000, 0.07779000, -0.05100600
0.48589300, 0.87013730, -0.08227425
0.86389330, 0.69973770
-0.34702400, 0.09765200, 0.37583500
0.48589300, 0.87013730, -0.08227425
0.96590630, 0.69616980
-0.32234900, 0.08191700, 0.35514600
0.48589300, 0.87013730, -0.08227425
0.96186910, 0.69973770
-0.41345300, 0.09318600, -0.06371700
0.33184410, -0.14164730, -0.93263900
0.85987360, 0.69616980
-0.42045600, -0.05079200, -0.04434200
0.36554760, -0.09058838, -0.92637400
0.86384800, 0.73328750
-0.45080000, -0.04608300, -0.05686600
0.36786170, -0.09082492, -0.92543420
0.85982450, 0.73247020
-0.38373000, 0.07779000, -0.05100600
0.32630480, -0.14164080, -0.93459250
0.86389330, 0.69973770
-0.43267500, -0.26168000, -0.04035000
0.37599930, -0.03930737, -0.92578580
0.86384840, 0.78756590
-0.46402100, -0.27426200, -0.05254700
0.37599920, -0.03930739, -0.92578590
0.85982500, 0.79119870
-0.46402100, -0.27426200, -0.05254700
0.38851760, -0.92011800, -0.04936560
0.85982500, 0.79119870
-0.37141500, -0.25756100, 0.36500300
0.38851760, -0.92011800, -0.04936560
0.96163120, 0.78756590
-0.39772300, -0.26980400, 0.38614000
0.38851760, -0.92011800, -0.04936560
0.96564890, 0.79119870
-0.37141500, -0.25756100, 0.36500300
0.38851880, -0.92011740, -0.04936588
0.96163120, 0.78756590
-0.46402100, -0.27426200, -0.05254700
0.38851880, -0.92011740, -0.04936588
0.85982500, 0.79119870
-0.43267500, -0.26168000, -0.04035000
0.38851880, -0.92011740, -0.04936588
0.86384840, 0.78756590
-0.39772300, -0.26980400, 0.38614000
0.63238450, -0.02198722, 0.77434250
0.96564890, 0.79119870
-0.35919600, -0.04667200, 0.36101200
0.62338260, -0.08100402, 0.77770980
0.96163100, 0.73328750
-0.38450200, -0.04162500, 0.38182200
0.62140330, -0.08014799, 0.77938070
0.96564870, 0.73247020
-0.37141500, -0.25756100, 0.36500300
0.63238450, -0.02198722, 0.77434250
0.96163120, 0.78756590
-0.32234900, 0.08191700, 0.35514600
0.59275640, -0.12646230, 0.79539120
0.96186910, 0.69973770
-0.34702400, 0.09765200, 0.37583500
0.58974270, -0.12439300, 0.79795350
0.96590630, 0.69616980
0.40919500, -0.09953800, 0.38135700
0.98927950, 0.02862072, 0.14320220
0.66031060, 0.13556030
0.45355800, 0.04958900, -0.05831400
0.98095690, 0.13098810, 0.14340770
0.76251510, 0.10285000
0.39004600, 0.04354200, 0.38165100
0.98095690, 0.13098770, 0.14340750
0.66006190, 0.10285000
0.47258200, -0.09350300, -0.05774200
0.98928830, 0.02832895, 0.14319960
0.76256210, 0.13556030
0.45615800, -0.32144800, -0.06324400
0.98713170, -0.07453778, 0.14147450
0.76256250, 0.18848060
0.39277100, -0.32748300, 0.37585500
0.98713170, -0.07453778, 0.14147450
0.66031100, 0.18848060
0.38336400, -0.10036600, 0.36059600
-0.98899820, -0.03681261, -0.14327410
0.86446650, 0.61975690
0.42214400, 0.03762600, -0.04598300
-0.97867340, -0.14718460, -0.14330050
0.96189660, 0.58610120
0.44193400, -0.09479000, -0.04513800
-0.98901020, -0.03649905, -0.14327160
0.96194180, 0.61975690
0.36345800, 0.03203900, 0.36055100
-0.97867360, -0.14718360, -0.14330020
0.86422920, 0.58610120
0.42675500, -0.30546300, -0.05022300
-0.98713180, 0.07453766, -0.14147450
0.96194140, 0.67420670
0.36818500, -0.31103900, 0.35551000
-0.98713170, 0.07453775, -0.14147460
0.86446630, 0.67420670
0.39004600, 0.04354200, 0.38165100
-0.36944590, 0.92836610, -0.04057318
0.86020460, 0.58252200
0.42214400, 0.03762600, -0.04598300
-0.36944590, 0.92836610, -0.04057318
0.96189660, 0.58610120
0.36345800, 0.03203900, 0.36055100
-0.36944590, 0.92836610, -0.04057318
0.86422920, 0.58610120
0.42214400, 0.03762600, -0.04598300
-0.36944530, 0.92836630, -0.04057313
0.96189660, 0.58610120
0.39004600, 0.04354200, 0.38165100
-0.36944530, 0.92836630, -0.04057313
0.86020460, 0.58252200
0.45355800, 0.04958900, -0.05831400
-0.36944530, 0.92836630, -0.04057313
0.96590370, 0.58252200
0.45355800, 0.04958900, -0.05831400
-0.35116440, -0.05701688, -0.93457620
0.96590370, 0.58252200
0.44193400, -0.09479000, -0.04513800
-0.37794500, -0.00235142, -0.92582510
0.96194180, 0.61975690
0.42214400, 0.03762600, -0.04598300
-0.34567900, -0.05764143, -0.93658080
0.96189660, 0.58610120
0.47258200, -0.09350300, -0.05774200
-0.38026650, -0.00232737, -0.92487400
0.96595260, 0.61893700
0.42675500, -0.30546300, -0.05022300
-0.38166660, 0.04977626, -0.92295880
0.96194140, 0.67420670
0.45615800, -0.32144800, -0.06324400
-0.38166660, 0.04977627, -0.92295880
0.96595220, 0.67785100
0.45615800, -0.32144800, -0.06324400
-0.50460420, -0.85919080, -0.08465093
0.96595220, 0.67785100
0.36818500, -0.31103900, 0.35551000
-0.50460420, -0.85919080, -0.08465093
0.86446630, 0.67420670
0.42675500, -0.30546300, -0.05022300
-0.50460420, -0.85919080, -0.08465093
0.96194140, 0.67420670
0.36818500, -0.31103900, 0.35551000
-0.50460360, -0.85919120, -0.08465079
0.86446630, 0.67420670
0.45615800, -0.32144800, -0.06324400
-0.50460360, -0.85919120, -0.08465079
0.96595220, 0.67785100
0.39277100, -0.32748300, 0.37585500
-0.50460360, -0.85919120, -0.08465079
0.86046120, 0.67785100
0.39277100, -0.32748300, 0.37585500
-0.62676860, 0.02636115, 0.77875940
0.86046120, 0.67785100
0.38336400, -0.10036600, 0.36059600
-0.62547200, -0.03341427, 0.77953080
0.86446650, 0.61975690
0.36818500, -0.31103900, 0.35551000
-0.62676860, 0.02636115, 0.77875940
0.86446630, 0.67420670
0.40919500, -0.09953800, 0.38135700
-0.62339170, -0.03289447, 0.78121750
0.86046150, 0.61893700
0.36345800, 0.03203900, 0.36055100
-0.60091880, -0.08317213, 0.79497110
0.86422920, 0.58610120
0.39004600, 0.04354200, 0.38165100
-0.59765230, -0.08162253, 0.79758980
0.86020460, 0.58252200
0.27871200, -0.29615400, 0.85899700
0.00000039, -0.25882030, 0.96592550
0.41976960, 0.03872603
0.42036200, -0.25112100, 0.85899700
0.00000082, 0.25881770, 0.96592620
0.43207480, 0.07210439
0.27871200, -0.25112100, 0.85899700
0.00000058, 0.25881850, 0.96592600
0.43207480, 0.03872603
0.42036300, -0.29615500, 0.85899700
0.00000025, -0.25882030, 0.96592550
0.41976960, 0.07210439
0.42036200, -0.21212000, 0.83648000
0.00000015, 0.70710620, 0.70710740
0.44437980, 0.07210439
0.27871200, -0.21212000, 0.83648000
-0.00000076, 0.70710830, 0.70710530
0.44437980, 0.03872603
0.42036200, -0.18960400, 0.79748000
-0.00000028, 0.96592590, 0.25881860
0.45668490, 0.07210439
0.27871200, -0.18960400, 0.79748000
-0.00000039, 0.96592610, 0.25881820
0.45668490, 0.03872603
0.42036300, -0.18960400, 0.75244600
-0.00000015, 0.96592600, -0.25881840
0.46899010, 0.07210439
0.27871200, -0.18960400, 0.75244600
-0.00000007, 0.96592610, -0.25881810
0.46899010, 0.03872603
0.42036300, -0.21212000, 0.71344600
0.00000000, 0.70710770, -0.70710590
0.48129510, 0.07210439
0.27871200, -0.21212000, 0.71344600
0.00000030, 0.70710830, -0.70710530
0.48129510, 0.03872603
0.42036200, -0.25112100, 0.69092900
0.00000038, 0.25881830, -0.96592610
0.49360020, 0.07210439
0.27871200, -0.25112100, 0.69092900
0.00000026, 0.25881790, -0.96592620
0.49360020, 0.03872603
0.42036300, -0.29615500, 0.69092900
-0.00000012, -0.25882060, -0.96592540
0.50315990, 0.07210439
0.27871200, -0.29615400, 0.69092900
-0.00000001, -0.25881980, -0.96592560
0.50315990, 0.03872603
0.27871200, -0.29615400, 0.69092900
-0.00000001, -0.25881980, -0.96592560
0.36098950, 0.03872603
0.42036200, -0.33515500, 0.71344600
-0.00000015, -0.70710540, -0.70710810
0.37054910, 0.07210439
0.27871200, -0.33515500, 0.71344600
-0.00000012, -0.70710550, -0.70710800
0.37054910, 0.03872603
0.42036300, -0.29615500, 0.69092900
-0.00000012, -0.25882060, -0.96592540
0.36098950, 0.07210439
0.42036200, -0.35767200, 0.75244600
-0.00000009, -0.96592560, -0.25881980
0.38285420, 0.07210416
0.27871200, -0.35767200, 0.75244600
-0.00000018, -0.96592560, -0.25881970
0.38285420, 0.03872603
0.42036300, -0.35767200, 0.79748000
0.00000004, -0.96592590, 0.25881890
0.39515930, 0.07210439
0.27871200, -0.35767200, 0.79748000
0.00000047, -0.96592620, 0.25881750
0.39515930, 0.03872603
0.42036300, -0.33515500, 0.83648000
0.00000055, -0.70710920, 0.70710430
0.40746450, 0.07210439
0.27871200, -0.33515500, 0.83648000
0.00000023, -0.70710830, 0.70710520
0.40746450, 0.03872603
0.27871200, -0.25112100, 0.85899700
-1.00000000, -0.00000070, 0.00000000
0.63379700, 0.04557103
0.27871200, -0.25112100, 0.69092900
-1.00000000, -0.00000017, -0.00000031
0.59589530, 0.05567497
0.27871200, -0.29615400, 0.85899700
-1.00000000, 0.00000016, 0.00000027
0.63650690, 0.05568701
0.27871200, -0.21212000, 0.83648000
-1.00000000, 0.00000013, -0.00000017
0.62635340, 0.03815264
0.27871200, -0.18960400, 0.79748000
-1.00000000, 0.00000110, -0.00000027
0.61617620, 0.03544921
0.27871200, -0.18960400, 0.75244600
-1.00000000, -0.00000053, 0.00000053
0.60602960, 0.03818280
0.27871200, -0.21212000, 0.71344600
-1.00000000, 0.00000231, -0.00000231
0.59863190, 0.04557151
0.27871200, -0.33515500, 0.71344600
-1.00000000, -0.00000199, -0.00000319
0.60603490, 0.07318419
0.27871200, -0.29615400, 0.69092900
-1.00000000, -0.00000085, 0.00000107
0.59859110, 0.06575209
0.27871200, -0.35767200, 0.75244600
-1.00000000, 0.00000095, 0.00000164
0.61620000, 0.07590348
0.27871200, -0.35767200, 0.79748000
-1.00000000, -0.00000178, -0.00000053
0.62635950, 0.07318550
0.27871200, -0.33515500, 0.83648000
-1.00000000, -0.00000062, -0.00000049
0.63378380, 0.06578511
0.42036300, -0.29615500, 0.85899700
1.00000000, 0.00000048, -0.00000010
0.63650690, 0.05566472
0.42036200, -0.25112100, 0.69092900
1.00000000, -0.00000009, 0.00000047
0.59589530, 0.05567676
0.42036200, -0.25112100, 0.85899700
1.00000000, 0.00000129, 0.00000000
0.63378380, 0.04556626
0.42036200, -0.21212000, 0.83648000
1.00000000, 0.00000121, 0.00000020
0.62635970, 0.03816634
0.42036200, -0.18960400, 0.79748000
1.00000000, -0.00000089, 0.00000087
0.61620010, 0.03544837
0.42036300, -0.18960400, 0.75244600
1.00000000, -0.00000223, 0.00000161
0.60603500, 0.03816754
0.42036300, -0.21212000, 0.71344600
1.00000000, -0.00000147, 0.00000085
0.59859140, 0.04559952
0.42036300, -0.29615500, 0.69092900
1.00000000, 0.00000085, 0.00000486
0.59863190, 0.06577986
0.42036200, -0.33515500, 0.71344600
1.00000000, -0.00000068, -0.00000083
0.60602940, 0.07316881
0.42036200, -0.35767200, 0.75244600
1.00000000, -0.00000134, -0.00000233
0.61617640, 0.07590276
0.42036300, -0.35767200, 0.79748000
1.00000000, 0.00000090, -0.00000017
0.62635340, 0.07319909
0.42036300, -0.33515500, 0.83648000
1.00000000, 0.00000084, 0.00000022
0.63379690, 0.06578046
-0.31616000, -0.29615400, 0.85899700
0.00000031, -0.25881990, 0.96592560
0.41976960, 0.03872603
-0.45781100, -0.25112100, 0.85899700
0.00000010, 0.25881920, 0.96592580
0.43207480, 0.07210439
-0.45781100, -0.29615500, 0.85899700
0.00000009, -0.25882110, 0.96592530
0.41976960, 0.07210439
-0.31616000, -0.25112100, 0.85899700
0.00000002, 0.25881880, 0.96592590
0.43207480, 0.03872603
-0.45781100, -0.21212000, 0.83648000
0.00000008, 0.70710740, 0.70710620
0.44437980, 0.07210439
-0.31616000, -0.21212000, 0.83648000
-0.00000032, 0.70710660, 0.70710690
0.44437980, 0.03872603
-0.45781100, -0.18960400, 0.79748000
-0.00000022, 0.96592590, 0.25881900
0.45668490, 0.07210439
-0.31616000, -0.18960400, 0.79748000
-0.00000048, 0.96592560, 0.25881980
0.45668490, 0.03872603
-0.45781100, -0.18960400, 0.75244600
-0.00000005, 0.96592620, -0.25881780
0.46899010, 0.07210439
-0.31616000, -0.18960400, 0.75244600
-0.00000007, 0.96592620, -0.25881760
0.46899010, 0.03872603
-0.45781100, -0.21212000, 0.71344600
-0.00000011, 0.70710750, -0.70710600
0.48129510, 0.07210439
-0.31616000, -0.21212000, 0.71344600
0.00000000, 0.70710720, -0.70710640
0.48129510, 0.03872603
-0.45781100, -0.25112100, 0.69092900
-0.00000012, 0.25881910, -0.96592580
0.49360020, 0.07210439
-0.31616000, -0.25112100, 0.69092900
0.00000052, 0.25881720, -0.96592630
0.49360020, 0.03872603
-0.45781100, -0.29615400, 0.69092900
0.00000073, -0.25881830, -0.96592610
0.50315990, 0.07210439
-0.31616000, -0.29615400, 0.69092900
0.00000121, -0.25881960, -0.96592570
0.50315990, 0.03872603
-0.31616000, -0.29615400, 0.69092900
0.00000121, -0.25881960, -0.96592570
0.36098950, 0.03872603
-0.45781100, -0.33515500, 0.71344600
0.00000149, -0.70710690, -0.70710660
0.37054910, 0.07210439
-0.45781100, -0.29615400, 0.69092900
0.00000073, -0.25881830, -0.96592610
0.36098950, 0.07210439
-0.31616000, -0.33515500, 0.71344600
0.00000060, -0.70710490, -0.70710870
0.37054910, 0.03872603
-0.45781100, -0.35767200, 0.75244600
0.00000064, -0.96592570, -0.25881950
0.38285420, 0.07210416
-0.31616000, -0.35767200, 0.75244600
0.00000006, -0.96592520, -0.25882150
0.38285420, 0.03872603
-0.45781100, -0.35767200, 0.79748000
0.00000044, -0.96592610, 0.25881800
0.39515930, 0.07210439
-0.31616000, -0.35767200, 0.79748000
0.00000077, -0.96592590, 0.25881870
0.39515930, 0.03872603
-0.45781100, -0.33515500, 0.83648000
0.00000040, -0.70710840, 0.70710510
0.40746450, 0.07210439
-0.31616000, -0.33515500, 0.83648000
0.00000060, -0.70710770, 0.70710580
0.40746450, 0.03872603
-0.31616000, -0.25112100, 0.85899700
1.00000000, 0.00000025, 0.00000057
0.63379700, 0.04557103
-0.31616000, -0.29615400, 0.85899700
1.00000000, -0.00000009, 0.00000032
0.63650690, 0.05568701
-0.31616000, -0.25112100, 0.69092900
1.00000000, 0.00000028, 0.00000020
0.59589530, 0.05567497
-0.31616000, -0.21212000, 0.83648000
1.00000000, -0.00000049, 0.00000052
0.62635340, 0.03815264
-0.31616000, -0.18960400, 0.79748000
1.00000000, 0.00000003, 0.00000034
0.61617620, 0.03544921
-0.31616000, -0.18960400, 0.75244600
1.00000000, 0.00000082, -0.00000020
0.60602960, 0.03818280
-0.31616000, -0.21212000, 0.71344600
1.00000000, 0.00000262, -0.00000200
0.59863190, 0.04557151
-0.31616000, -0.33515500, 0.71344600
1.00000000, 0.00000028, 0.00000104
0.60603490, 0.07318419
-0.31616000, -0.29615400, 0.69092900
1.00000000, 0.00000000, 0.00000000
0.59859110, 0.06575209
-0.31616000, -0.35767200, 0.75244600
1.00000000, -0.00000003, 0.00000057
0.61620000, 0.07590348
-0.31616000, -0.35767200, 0.79748000
1.00000000, 0.00000016, 0.00000070
0.62635950, 0.07318550
-0.31616000, -0.33515500, 0.83648000
1.00000000, -0.00000050, 0.00000037
0.63378380, 0.06578511
-0.45781100, -0.29615500, 0.85899700
-1.00000000, 0.00000048, -0.00000010
0.63650690, 0.05566472
-0.45781100, -0.25112100, 0.85899700
-1.00000000, -0.00000044, -0.00000023
0.63378380, 0.04556626
-0.45781100, -0.25112100, 0.69092900
-1.00000000, 0.00000058, 0.00000018
0.59589530, 0.05567676
-0.45781100, -0.21212000, 0.83648000
-1.00000000, -0.00000027, -0.00000045
0.62635970, 0.03816634
-0.45781100, -0.18960400, 0.79748000
-1.00000000, 0.00000165, -0.00000095
0.61620010, 0.03544837
-0.45781100, -0.18960400, 0.75244600
-1.00000000, 0.00000147, -0.00000085
0.60603500, 0.03816754
-0.45781100, -0.21212000, 0.71344600
-1.00000000, 0.00000147, -0.00000085
0.59859140, 0.04559952
-0.45781100, -0.29615400, 0.69092900
-1.00000000, 0.00000169, 0.00000463
0.59863190, 0.06577986
-0.45781100, -0.33515500, 0.71344600
-1.00000000, 0.00000093, 0.00000178
0.60602940, 0.07316881
-0.45781100, -0.35767200, 0.75244600
-1.00000000, 0.00000017, 0.00000029
0.61617640, 0.07590276
-0.45781100, -0.35767200, 0.79748000
-1.00000000, -0.00000087, -0.00000087
0.62635340, 0.07319909
-0.45781100, -0.33515500, 0.83648000
-1.00000000, 0.00000008, -0.00000048
0.63379690, 0.06578046
0.27871200, -0.18881500, -0.58746000
0.00000005, 1.00000000, -0.00000110
0.41976960, 0.03872603
0.42036300, -0.20047000, -0.63095900
0.00000032, 0.86602590, -0.49999920
0.43207480, 0.07210439
0.27871200, -0.20047000, -0.63095900
0.00000033, 0.86602590, -0.49999920
0.43207480, 0.03872603
0.42036300, -0.18881500, -0.58745900
0.00000020, 1.00000000, -0.00000052
0.41976960, 0.07210439
0.42036300, -0.23231400, -0.66280200
0.00000024, 0.50000070, -0.86602500
0.44437980, 0.07210439
0.27871200, -0.23231400, -0.66280200
0.00000017, 0.50000070, -0.86602500
0.44437980, 0.03872603
0.42036300, -0.27581300, -0.67445800
0.00000003, 0.00000014, -1.00000000
0.45668490, 0.07210439
0.27871200, -0.27581300, -0.67445800
0.00000043, 0.00000131, -1.00000000
0.45668490, 0.03872603
0.42036300, -0.31931200, -0.66280200
0.00000043, -0.50000010, -0.86602530
0.46899010, 0.07210439
0.27871200, -0.31931200, -0.66280300
0.00000051, -0.49999970, -0.86602560
0.46899010, 0.03872603
0.42036300, -0.35115600, -0.63095900
0.00000022, -0.86602580, -0.49999930
0.48129510, 0.07210439
0.27871200, -0.35115600, -0.63095900
-0.00000008, -0.86602630, -0.49999850
0.48129510, 0.03872603
0.42036200, -0.36281100, -0.58746000
-0.00000006, -1.00000000, -0.00000058
0.49360020, 0.07210439
0.27871200, -0.36281100, -0.58746000
-0.00000003, -1.00000000, -0.00000067
0.49360020, 0.03872603
0.42036300, -0.35115600, -0.54396000
-0.00000024, -0.86602520, 0.50000040
0.50315990, 0.07210439
0.27871200, -0.35115600, -0.54396000
-0.00000003, -0.86602560, 0.49999970
0.50315990, 0.03872603
0.27871200, -0.35115600, -0.54396000
-0.00000003, -0.86602560, 0.49999970
0.36098950, 0.03872603
0.42036300, -0.31931200, -0.51211700
-0.00000010, -0.49999920, 0.86602590
0.37054910, 0.07210439
0.27871200, -0.31931200, -0.51211700
0.00000011, -0.49999970, 0.86602560
0.37054910, 0.03872603
0.42036300, -0.35115600, -0.54396000
-0.00000024, -0.86602520, 0.50000040
0.36098950, 0.07210439
0.42036300, -0.27581300, -0.50046100
0.00000003, -0.00000102, 1.00000000
0.38285420, 0.07210416
0.27871200, -0.27581300, -0.50046100
-0.00000022, -0.00000036, 1.00000000
0.38285420, 0.03872603
0.42036300, -0.23231400, -0.51211700
-0.00000025, 0.49999800, 0.86602660
0.39515930, 0.07210439
0.27871200, -0.23231400, -0.51211700
-0.00000023, 0.49999800, 0.86602650
0.39515930, 0.03872603
0.42036200, -0.20047000, -0.54396000
0.00000000, 0.86602490, 0.50000080
0.40746450, 0.07210439
0.27871200, -0.20047000, -0.54396000
0.00000004, 0.86602490, 0.50000080
0.40746450, 0.03872603
0.27871200, -0.20047000, -0.63095900
-1.00000000, 0.00000002, 0.00000008
0.63379700, 0.04557103
0.27871200, -0.36281100, -0.58746000
-1.00000000, -0.00000009, 0.00000014
0.59589530, 0.05567497
0.27871200, -0.18881500, -0.58746000
-1.00000000, -0.00000022, -0.00000044
0.63650690, 0.05568701
0.27871200, -0.23231400, -0.66280200
-1.00000000, -0.00000005, 0.00000068
0.62635340, 0.03815264
0.27871200, -0.27581300, -0.67445800
-1.00000000, -0.00000047, -0.00000047
0.61617620, 0.03544921
0.27871200, -0.31931200, -0.66280300
-1.00000000, 0.00000166, 0.00000172
0.60602960, 0.03818280
0.27871200, -0.35115600, -0.63095900
-1.00000000, 0.00000038, 0.00000098
0.59863190, 0.04557151
0.27871200, -0.31931200, -0.51211700
-1.00000000, -0.00000049, -0.00000023
0.60603490, 0.07318419
0.27871200, -0.35115600, -0.54396000
-1.00000000, -0.00000164, 0.00000044
0.59859110, 0.06575209
0.27871200, -0.27581300, -0.50046100
-1.00000000, 0.00000009, -0.00000075
0.61620000, 0.07590348
0.27871200, -0.23231400, -0.51211700
-1.00000000, -0.00000007, -0.00000039
0.62635950, 0.07318550
0.27871200, -0.20047000, -0.54396000
-1.00000000, -0.00000021, -0.00000011
0.63378380, 0.06578511
0.42036300, -0.18881500, -0.58745900
1.00000000, -0.00000044, 0.00000044
0.63650690, 0.05566472
0.42036200, -0.36281100, -0.58746000
1.00000000, 0.00000061, 0.00000038
0.59589530, 0.05567676
0.42036300, -0.20047000, -0.63095900
1.00000000, -0.00000024, 0.00000000
0.63378380, 0.04556626
0.42036300, -0.23231400, -0.66280200
1.00000000, -0.00000001, 0.00000100
0.62635970, 0.03816634
0.42036300, -0.27581300, -0.67445800
1.00000000, -0.00000032, 0.00000055
0.61620010, 0.03544837
0.42036300, -0.31931200, -0.66280200
1.00000000, -0.00000010, 0.00000045
0.60603500, 0.03816754
0.42036300, -0.35115600, -0.63095900
1.00000000, 0.00000687, 0.00000447
0.59859140, 0.04559952
0.42036300, -0.35115600, -0.54396000
1.00000000, 0.00000120, -0.00000120
0.59863190, 0.06577986
0.42036300, -0.31931200, -0.51211700
1.00000000, 0.00000026, -0.00000066
0.60602940, 0.07316881
0.42036300, -0.27581300, -0.50046100
1.00000000, -0.00000060, 0.00000016
0.61617640, 0.07590276
0.42036300, -0.23231400, -0.51211700
1.00000000, 0.00000012, -0.00000122
0.62635340, 0.07319909
0.42036200, -0.20047000, -0.54396000
1.00000000, -0.00000006, 0.00000023
0.63379690, 0.06578046
-0.31616000, -0.18881500, -0.58746000
0.00000019, 1.00000000, -0.00000032
0.41976960, 0.03872603
-0.45781100, -0.20047000, -0.63095900
0.00000021, 0.86602670, -0.49999780
0.43207480, 0.07210439
-0.45781100, -0.18881500, -0.58746000
0.00000022, 1.00000000, -0.00000026
0.41976960, 0.07210439
-0.31616000, -0.20047000, -0.63095900
0.00000049, 0.86602620, -0.49999870
0.43207480, 0.03872603
-0.45781100, -0.23231400, -0.66280300
0.00000098, 0.50000100, -0.86602490
0.44437980, 0.07210439
-0.31616000, -0.23231400, -0.66280200
0.00000091, 0.50000130, -0.86602470
0.44437980, 0.03872603
-0.45781100, -0.27581300, -0.67445800
0.00000096, -0.00000098, -1.00000000
0.45668490, 0.07210439
-0.31616000, -0.27581300, -0.67445800
-0.00000011, 0.00000232, -1.00000000
0.45668490, 0.03872603
-0.45781100, -0.31931200, -0.66280300
-0.00000028, -0.50000100, -0.86602490
0.46899010, 0.07210439
-0.31616000, -0.31931200, -0.66280300
-0.00000085, -0.49999920, -0.86602590
0.46899010, 0.03872603
-0.45781100, -0.35115600, -0.63095900
-0.00000048, -0.86602580, -0.49999930
0.48129510, 0.07210439
-0.31616000, -0.35115600, -0.63095900
-0.00000026, -0.86602620, -0.49999870
0.48129510, 0.03872603
-0.45781100, -0.36281100, -0.58746000
-0.00000015, -1.00000000, -0.00000066
0.49360020, 0.07210439
-0.31616000, -0.36281100, -0.58746000
0.00000000, -1.00000000, -0.00000009
0.49360020, 0.03872603
-0.45781100, -0.35115600, -0.54396100
-0.00000027, -0.86602530, 0.50000020
0.50315990, 0.07210439
-0.31616000, -0.35115600, -0.54396000
-0.00000011, -0.86602500, 0.50000070
0.50315990, 0.03872603
-0.31616000, -0.35115600, -0.54396000
-0.00000011, -0.86602500, 0.50000070
0.36098950, 0.03872603
-0.45781100, -0.31931200, -0.51211700
-0.00000016, -0.49999880, 0.86602610
0.37054910, 0.07210439
-0.45781100, -0.35115600, -0.54396100
-0.00000027, -0.86602530, 0.50000020
0.36098950, 0.07210439
-0.31616000, -0.31931200, -0.51211700
0.00000000, -0.49999850, 0.86602630
0.37054910, 0.03872603
-0.45781100, -0.27581300, -0.50046200
0.00000000, -0.00000164, 1.00000000
0.38285420, 0.07210416
-0.31616000, -0.27581300, -0.50046200
-0.00000003, -0.00000172, 1.00000000
0.38285420, 0.03872603
-0.45781100, -0.23231400, -0.51211700
-0.00000011, 0.49999660, 0.86602740
0.39515930, 0.07210439
-0.31616000, -0.23231400, -0.51211700
0.00000010, 0.49999720, 0.86602700
0.39515930, 0.03872603
-0.45781100, -0.20047000, -0.54396000
0.00000003, 0.86602480, 0.50000100
0.40746450, 0.07210439
-0.31616000, -0.20047000, -0.54396000
0.00000032, 0.86602530, 0.50000020
0.40746450, 0.03872603
-0.31616000, -0.20047000, -0.63095900
1.00000000, 0.00000006, 0.00000109
0.63379700, 0.04557103
-0.31616000, -0.18881500, -0.58746000
1.00000000, 0.00000022, 0.00000044
0.63650690, 0.05568701
-0.31616000, -0.36281100, -0.58746000
1.00000000, 0.00000002, 0.00000028
0.59589530, 0.05567497
-0.31616000, -0.23231400, -0.66280200
1.00000000, -0.00000007, 0.00000039
0.62635340, 0.03815264
-0.31616000, -0.27581300, -0.67445800
1.00000000, 0.00000021, 0.00000087
0.61617620, 0.03544921
-0.31616000, -0.31931200, -0.66280300
1.00000000, 0.00000025, 0.00000091
0.60602960, 0.03818280
-0.31616000, -0.35115600, -0.63095900
1.00000000, 0.00000038, 0.00000098
0.59863190, 0.04557151
-0.31616000, -0.31931200, -0.51211700
1.00000000, 0.00000091, -0.00000103
0.60603490, 0.07318419
-0.31616000, -0.35115600, -0.54396000
1.00000000, -0.00000164, 0.00000044
0.59859110, 0.06575209
-0.31616000, -0.27581300, -0.50046200
1.00000000, -0.00000031, 0.00000031
0.61620000, 0.07590348
-0.31616000, -0.23231400, -0.51211700
1.00000000, -0.00000003, -0.00000045
0.62635950, 0.07318550
-0.31616000, -0.20047000, -0.54396000
1.00000000, 0.00000023, -0.00000087
0.63378380, 0.06578511
-0.45781100, -0.18881500, -0.58746000
-1.00000000, -0.00000066, -0.00000044
0.63650690, 0.05566472
-0.45781100, -0.20047000, -0.63095900
-1.00000000, -0.00000064, -0.00000065
0.63378380, 0.04556626
-0.45781100, -0.36281100, -0.58746000
-1.00000000, 0.00000017, -0.00000015
0.59589530, 0.05567676
-0.45781100, -0.23231400, -0.66280300
-1.00000000, -0.00000046, -0.00000030
0.62635970, 0.03816634
-0.45781100, -0.27581300, -0.67445800
-1.00000000, 0.00000044, 0.00000088
0.61620010, 0.03544837
-0.45781100, -0.31931200, -0.66280300
-1.00000000, 0.00000238, 0.00000289
0.60603500, 0.03816754
-0.45781100, -0.35115600, -0.63095900
-1.00000000, 0.00000076, 0.00000196
0.59859140, 0.04559952
-0.45781100, -0.35115600, -0.54396100
-1.00000000, 0.00000076, -0.00000196
0.59863190, 0.06577986
-0.45781100, -0.31931200, -0.51211700
-1.00000000, 0.00000051, -0.00000181
0.60602940, 0.07316881
-0.45781100, -0.27581300, -0.50046200
-1.00000000, -0.00000013, -0.00000119
0.61617640, 0.07590276
-0.45781100, -0.23231400, -0.51211700
-1.00000000, -0.00000047, -0.00000070
0.62635340, 0.07319909
-0.45781100, -0.20047000, -0.54396000
-1.00000000, -0.00000062, -0.00000033
0.63379690, 0.06578046
# Number of Faces:
756
# Face Data:
0, 1, 2
0, 3, 4
3, 0, 2
5, 6, 7
6, 5, 8
9, 10, 11
10, 9, 12
4, 13, 14
13, 4, 3
7, 15, 16
15, 7, 6
17, 18, 19
18, 17, 20
21, 22, 23
22, 21, 24
25, 26, 27
26, 28, 27
28, 26, 29
29, 30, 28
30, 29, 31
32, 33, 34
33, 32, 35
12, 36, 37
38, 39, 40
39, 38, 41
28, 42, 39
42, 28, 30
34, 43, 44
43, 34, 33
45, 39, 46
39, 45, 40
39, 42, 46
44, 47, 48
47, 44, 43
49, 50, 51
50, 52, 51
19, 53, 54
53, 19, 18
47, 55, 56
55, 47, 43
57, 35, 58
35, 57, 33
23, 59, 60
59, 23, 22
61, 33, 62
33, 61, 43
63, 33, 57
33, 63, 62
43, 61, 64
64, 55, 43
65, 66, 67
67, 66, 68
68, 66, 69
70, 71, 72
71, 70, 73
73, 74, 71
74, 75, 71
75, 74, 76
76, 77, 75
77, 78, 75
78, 77, 79
9, 80, 81
82, 83, 84
83, 82, 85
83, 86, 84
86, 83, 87
88, 89, 90
89, 88, 91
92, 93, 94
93, 92, 95
84, 96, 97
96, 84, 86
90, 98, 99
98, 90, 89
94, 100, 101
100, 94, 93
102, 103, 104
102, 105, 103
106, 107, 108
107, 106, 97
97, 109, 107
109, 97, 96
101, 110, 111
110, 101, 100
112, 97, 113
97, 112, 84
114, 97, 106
97, 114, 113
84, 112, 115
115, 82, 84
116, 117, 118
118, 117, 119
119, 117, 120
121, 122, 123
122, 121, 124
124, 125, 122
125, 126, 122
126, 125, 127
127, 128, 126
128, 102, 126
102, 128, 105
129, 130, 131
130, 129, 132
133, 134, 135
134, 133, 136
137, 138, 139
138, 137, 140
99, 141, 142
141, 99, 98
140, 143, 138
143, 140, 144
144, 145, 143
145, 144, 146
6, 147, 148
147, 6, 8
32, 149, 150
149, 32, 151
151, 152, 149
152, 151, 153
153, 154, 152
154, 153, 87
87, 155, 154
155, 87, 83
83, 156, 155
156, 83, 85
157, 58, 158
58, 159, 158
159, 58, 35
35, 150, 159
150, 35, 32
156, 157, 158
157, 156, 160
156, 85, 160
161, 162, 163
162, 161, 164
165, 9, 166
9, 165, 12
167, 2, 1
167, 168, 2
168, 167, 169
5, 170, 8
170, 5, 171
172, 166, 173
166, 172, 165
169, 174, 168
174, 169, 175
171, 176, 170
176, 171, 177
17, 178, 179
178, 17, 19
180, 22, 24
22, 180, 181
25, 27, 182
182, 183, 184
183, 182, 27
184, 185, 186
185, 184, 183
187, 188, 189
188, 187, 190
165, 191, 192
165, 36, 12
36, 165, 192
38, 193, 194
193, 38, 40
183, 195, 185
195, 183, 193
190, 196, 188
196, 190, 197
198, 199, 200
199, 198, 201
193, 45, 202
45, 193, 40
193, 202, 195
197, 203, 196
203, 197, 204
205, 206, 207
207, 206, 52
207, 52, 50
19, 208, 178
208, 19, 54
203, 209, 196
209, 203, 210
189, 211, 212
211, 189, 188
181, 59, 22
59, 181, 213
214, 188, 196
188, 214, 215
216, 211, 188
188, 215, 216
196, 217, 214
217, 196, 209
218, 219, 220
219, 221, 220
221, 222, 220
223, 221, 224
221, 223, 222
224, 221, 225
225, 219, 226
219, 225, 221
226, 219, 227
227, 218, 228
218, 227, 219
9, 229, 166
229, 9, 81
166, 229, 230
231, 232, 233
232, 231, 234
231, 235, 236
235, 231, 233
237, 238, 239
238, 237, 240
241, 93, 95
93, 241, 242
243, 244, 245
244, 243, 246
233, 247, 235
247, 233, 248
240, 249, 238
249, 240, 250
242, 100, 93
100, 242, 251
102, 104, 252
252, 104, 253
252, 253, 254
255, 256, 248
256, 255, 257
248, 258, 247
258, 248, 256
251, 110, 100
110, 251, 259
260, 248, 233
248, 260, 261
262, 255, 248
248, 261, 262
233, 263, 260
263, 233, 232
264, 265, 266
265, 267, 266
267, 268, 266
269, 270, 271
270, 269, 272
271, 270, 273
273, 274, 275
274, 273, 270
275, 274, 276
276, 252, 254
252, 276, 274
129, 277, 278
277, 129, 131
133, 279, 280
279, 133, 135
281, 282, 283
282, 281, 284
250, 285, 249
285, 250, 286
283, 287, 288
287, 283, 282
288, 289, 290
289, 288, 287
170, 147, 8
147, 170, 291
187, 292, 293
292, 187, 294
293, 295, 296
295, 293, 292
296, 297, 236
297, 296, 295
236, 298, 231
298, 236, 297
231, 299, 234
299, 231, 298
300, 301, 212
212, 302, 189
302, 212, 301
189, 294, 187
294, 189, 302
299, 300, 303
300, 299, 301
299, 303, 234
304, 305, 306
305, 304, 307
308, 309, 310
311, 312, 313
312, 311, 314
312, 315, 313
315, 312, 316
316, 317, 315
317, 316, 318
318, 319, 317
319, 318, 307
320, 321, 322
321, 320, 323
322, 324, 325
324, 322, 321
324, 321, 326
327, 198, 200
198, 327, 328
218, 220, 329
220, 330, 329
330, 220, 222
331, 199, 201
199, 331, 332
69, 333, 334
333, 69, 66
335, 78, 336
117, 116, 337
338, 244, 246
244, 338, 339
268, 340, 266
341, 243, 245
243, 341, 342
343, 344, 345
344, 343, 346
347, 348, 349
348, 347, 350
351, 352, 353
352, 351, 354
355, 356, 357
356, 355, 358
345, 359, 360
359, 345, 344
361, 349, 348
362, 357, 356
353, 363, 364
363, 353, 352
365, 357, 362
360, 364, 363
364, 360, 359
366, 361, 348
343, 367, 346
367, 343, 368
347, 369, 350
369, 347, 370
351, 371, 354
371, 351, 372
355, 373, 358
373, 355, 374
368, 375, 367
375, 368, 376
377, 369, 370
378, 373, 374
372, 379, 371
379, 372, 380
381, 378, 374
376, 380, 375
380, 376, 379
382, 369, 377
383, 384, 385
384, 383, 386
387, 388, 389
388, 387, 390
391, 392, 393
392, 391, 394
395, 396, 397
396, 395, 398
386, 399, 384
399, 386, 400
390, 401, 388
398, 402, 396
394, 403, 392
403, 394, 404
398, 405, 402
400, 404, 399
404, 400, 403
401, 406, 388
383, 407, 408
407, 383, 385
387, 409, 410
409, 387, 389
391, 411, 412
411, 391, 393
395, 413, 414
413, 395, 397
408, 415, 416
415, 408, 407
410, 409, 417
414, 413, 418
412, 419, 420
419, 412, 411
414, 418, 421
416, 420, 419
420, 416, 415
417, 409, 422
423, 120, 117
117, 337, 423
424, 264, 266
266, 340, 424
425, 426, 427
426, 425, 428
429, 427, 430
427, 429, 425
431, 429, 430
432, 433, 434
433, 432, 435
433, 436, 437
436, 433, 435
438, 437, 436
439, 440, 441
440, 439, 442
443, 444, 445
444, 443, 446
446, 447, 444
447, 446, 448
448, 449, 447
449, 448, 450
451, 452, 453
452, 451, 454
455, 456, 457
456, 455, 458
458, 459, 456
459, 458, 460
461, 462, 463
441, 464, 465
464, 441, 440
445, 466, 467
466, 445, 444
468, 469, 470
469, 468, 471
472, 473, 474
473, 472, 475
476, 452, 477
452, 476, 453
457, 478, 479
478, 457, 456
456, 480, 478
480, 456, 459
465, 464, 481
482, 483, 484
485, 486, 487
486, 485, 488
487, 489, 490
489, 487, 486
490, 491, 492
491, 490, 489
493, 494, 495
494, 493, 496
497, 498, 499
498, 497, 500
499, 501, 502
501, 499, 498
503, 464, 504
464, 503, 505
488, 466, 486
466, 488, 467
496, 477, 494
477, 496, 476
500, 478, 498
478, 500, 479
498, 480, 501
480, 498, 478
506, 507, 508
507, 506, 482
505, 481, 464
482, 484, 507
471, 509, 510
471, 511, 509
471, 468, 511
510, 512, 471
512, 510, 513
514, 469, 515
469, 514, 516
516, 470, 469
470, 516, 517
470, 518, 519
519, 468, 470
468, 519, 511
469, 472, 474
472, 469, 471
471, 520, 472
520, 471, 512
515, 474, 521
474, 515, 469
519, 522, 511
523, 524, 525
524, 523, 526
526, 527, 524
527, 526, 528
528, 525, 527
525, 528, 523
525, 529, 530
529, 525, 524
524, 531, 529
531, 524, 527
527, 530, 531
530, 527, 525
530, 532, 533
532, 530, 529
529, 534, 532
534, 529, 531
531, 533, 534
533, 531, 530
533, 535, 536
535, 533, 532
532, 537, 535
537, 532, 534
534, 536, 537
536, 534, 533
536, 538, 539
538, 536, 535
535, 540, 538
540, 535, 537
537, 539, 540
539, 537, 536
539, 526, 523
526, 539, 538
538, 528, 526
528, 538, 540
540, 523, 528
523, 540, 539
541, 542, 543
542, 541, 544
545, 546, 547
546, 545, 548
549, 548, 545
548, 549, 550
550, 546, 548
546, 550, 551
551, 547, 546
547, 551, 552
552, 545, 547
545, 552, 549
434, 553, 432
553, 434, 554
554, 555, 553
555, 554, 556
555, 556, 557
430, 557, 431
557, 430, 555
426, 558, 559
558, 426, 428
558, 560, 559
560, 558, 561
560, 561, 562
436, 562, 438
562, 436, 560
563, 564, 565
566, 567, 568
569, 570, 571
572, 573, 574
575, 576, 577
576, 575, 578
575, 579, 580
579, 575, 577
581, 582, 583
582, 581, 584
581, 585, 584
585, 581, 586
587, 588, 589
590, 591, 592
593, 594, 595
594, 593, 596
595, 597, 598
597, 595, 594
599, 600, 601
602, 603, 604
605, 606, 607
606, 605, 608
607, 609, 610
609, 607, 606
611, 612, 613
612, 611, 614
611, 615, 614
615, 611, 616
617, 618, 619
618, 617, 620
617, 621, 622
621, 617, 619
623, 624, 625
626, 627, 628
629, 630, 631
630, 629, 632
632, 633, 630
633, 632, 634
635, 636, 637
638, 639, 640
641, 642, 643
642, 641, 644
644, 645, 642
645, 644, 646
647, 648, 649
648, 647, 650
649, 651, 652
651, 649, 648
652, 653, 654
653, 652, 651
654, 655, 656
655, 654, 653
656, 657, 658
657, 656, 655
658, 659, 660
659, 658, 657
660, 661, 662
661, 660, 659
663, 664, 665
664, 663, 666
665, 667, 668
667, 665, 664
668, 669, 670
669, 668, 667
670, 671, 672
671, 670, 669
672, 650, 647
650, 672, 671
673, 674, 675
676, 674, 673
677, 674, 676
678, 674, 677
679, 674, 678
680, 674, 681
682, 674, 680
683, 674, 682
684, 674, 683
675, 674, 684
685, 686, 687
687, 686, 688
688, 686, 689
689, 686, 690
690, 686, 691
692, 686, 693
693, 686, 694
694, 686, 695
695, 686, 696
696, 686, 685
697, 698, 699
698, 697, 700
700, 701, 698
701, 700, 702
702, 703, 701
703, 702, 704
704, 705, 703
705, 704, 706
706, 707, 705
707, 706, 708
708, 709, 707
709, 708, 710
710, 711, 709
711, 710, 712
713, 714, 715
714, 713, 716
716, 717, 714
717, 716, 718
718, 719, 717
719, 718, 720
720, 721, 719
721, 720, 722
722, 699, 721
699, 722, 697
723, 724, 725
726, 723, 725
727, 726, 725
728, 727, 725
729, 728, 725
730, 731, 725
732, 730, 725
733, 732, 725
734, 733, 725
724, 734, 725
735, 736, 737
736, 738, 737
738, 739, 737
739, 740, 737
740, 741, 737
742, 743, 737
743, 744, 737
744, 745, 737
745, 746, 737
746, 735, 737
747, 748, 749
748, 747, 750
749, 751, 752
751, 749, 748
752, 753, 754
753, 752, 751
754, 755, 756
755, 754, 753
756, 757, 758
757, 756, 755
758, 759, 760
759, 758, 757
760, 761, 762
761, 760, 759
763, 764, 765
764, 763, 766
765, 767, 768
767, 765, 764
768, 769, 770
769, 768, 767
770, 771, 772
771, 770, 769
772, 750, 747
750, 772, 771
773, 774, 775
776, 774, 773
777, 774, 776
778, 774, 777
779, 774, 778
780, 774, 781
782, 774, 780
783, 774, 782
784, 774, 783
775, 774, 784
785, 786, 787
787, 786, 788
788, 786, 789
789, 786, 790
790, 786, 791
792, 786, 793
793, 786, 794
794, 786, 795
795, 786, 796
796, 786, 785
797, 798, 799
798, 797, 800
800, 801, 798
801, 800, 802
802, 803, 801
803, 802, 804
804, 805, 803
805, 804, 806
806, 807, 805
807, 806, 808
808, 809, 807
809, 808, 810
810, 811, 809
811, 810, 812
813, 814, 815
814, 813, 816
816, 817, 814
817, 816, 818
818, 819, 817
819, 818, 820
820, 821, 819
821, 820, 822
822, 799, 821
799, 822, 797
823, 824, 825
826, 823, 825
827, 826, 825
828, 827, 825
829, 828, 825
830, 831, 825
832, 830, 825
833, 832, 825
834, 833, 825
824, 834, 825
835, 836, 837
836, 838, 837
838, 839, 837
839, 840, 837
840, 841, 837
842, 843, 837
843, 844, 837
844, 845, 837
845, 846, 837
846, 835, 837
