# Project Zomboid Mesh
# File Version:
1.00000000
# Model Name:
Vehicles_SportsCar
# Vertex Stride Element Count:
3
# Vertex Stride Size (in bytes):
76
# Vertex Stride Data:
# (Int)    Offset
# (String) Type
0
VertexArray
12
NormalArray
24
TextureCoordArray
# Vertex Count:
590
# Vertex Buffer:
-0.33728800, -0.07003300, 1.01380700
-0.54918780, 0.48103810, 0.68337040
0.75390630, 0.62500000
0.00000000, -0.01225600, 0.90055700
0.00000856, 0.94785090, 0.31871410
0.70331110, 0.50582520
-0.34247900, -0.01988000, 0.88164800
-0.51500140, 0.80895870, 0.28347720
0.70330340, 0.62629830
0.00000000, -0.06905300, 1.03271600
0.00001930, 0.56643540, 0.82410620
0.75390630, 0.50585940
-0.33728800, -0.19759600, 1.02173300
-0.64908830, 0.05361108, 0.75882170
0.74736960, 0.69752070
0.00000000, -0.06905300, 1.03271600
0.00001930, 0.56643540, 0.82410620
0.86718750, 0.64843750
-0.33728800, -0.07003300, 1.01380700
-0.54918780, 0.48103810, 0.68337040
0.74804690, 0.64843750
0.00000000, -0.20551200, 1.04064200
0.00002213, 0.05798263, 0.99831760
0.86735990, 0.70049010
0.00000000, 0.04288300, 0.68371800
0.00000221, 0.98462090, 0.17470460
0.63157860, 0.50582520
-0.34534600, 0.03250600, 0.66480900
-0.35180700, 0.92171340, 0.16332880
0.62472650, 0.62730680
0.00000000, 0.06511300, 0.46641700
-0.00000001, 0.99855820, 0.05368084
0.55283430, 0.50582520
-0.34534600, 0.05362700, 0.44750800
-0.48712710, 0.87330950, 0.00614474
0.54598190, 0.62730680
0.00000000, 0.06572600, 0.31466500
-0.00005404, 0.99995310, 0.00968565
0.49784310, 0.50582520
-0.33102400, 0.05810900, 0.26409800
-0.42375610, 0.90572580, 0.00956983
0.47951900, 0.62226860
-0.00002000, 0.25355500, -0.00464800
0.00002807, 0.99997910, 0.00646749
0.38213220, 0.50583220
-0.24106300, 0.23811000, -0.07975200
-0.07013678, 0.99723000, 0.02476189
0.35491640, 0.59062340
-0.22859000, 0.23621900, -0.03947200
-0.08654564, 0.99353700, 0.07344435
0.36951270, 0.58623580
-0.39615200, -0.13199900, 0.40851600
-0.99973010, -0.02022505, 0.01143406
0.53331350, 0.33412830
-0.39913200, -0.14845300, 0.23357100
-0.99934760, -0.03244159, 0.01587422
0.46898450, 0.34019990
-0.39000300, -0.23481300, 0.40725900
-0.99713170, -0.07338125, 0.01853675
0.53285100, 0.37206830
-0.39615200, -0.05659500, 0.24377000
-0.96896650, 0.24712030, -0.00595687
0.47265630, 0.30664060
-0.39615200, -0.19352400, 0.20567200
-0.99249510, -0.12218650, 0.00490150
0.45872570, 0.35683180
-0.39000300, -0.23650200, 0.20566900
-0.98991820, -0.14163840, 0.00072449
0.45872460, 0.37269160
-0.34534600, 0.05362700, 0.44750800
-0.48712710, 0.87330950, 0.00614474
0.54765100, 0.26562950
-0.38735200, 0.00211500, 0.64030500
-0.69410860, 0.70986900, 0.11957950
0.61914060, 0.28320310
-0.34534600, 0.03250600, 0.66480900
-0.35180700, 0.92171340, 0.16332880
0.62755470, 0.27342340
-0.38735200, -0.00211600, 0.51771100
-0.85141060, 0.52348090, -0.03267567
0.57226560, 0.28515630
-0.39615200, -0.07036300, 0.75153200
-0.93264290, 0.28935630, 0.21552320
0.65625000, 0.30664060
-0.33728800, -0.19759600, 1.02173300
-0.64908830, 0.05361108, 0.75882170
0.75879900, 0.35833450
-0.33728800, -0.07003300, 1.01380700
-0.54918780, 0.48103810, 0.68337040
0.75585940, 0.30664060
-0.39615200, -0.22622100, 0.78337800
-0.97104360, 0.04782631, 0.23406600
0.67115360, 0.36889770
-0.34247900, -0.01988000, 0.88164800
-0.51500140, 0.80895870, 0.28347720
0.70728860, 0.29275470
-0.33728800, -0.19759600, 1.02173300
-0.04929325, -0.98712590, 0.15216000
0.78736950, 0.60599010
-0.39615200, -0.22622100, 0.78337800
-0.07865136, -0.98730510, 0.13799470
0.77062540, 0.53658030
-0.22202300, -0.24009300, 0.78337800
-0.02654870, -0.98967230, 0.14086820
0.81682620, 0.53658030
-0.39615200, -0.22622100, 0.78337800
-0.00839566, -0.19337990, -0.98108800
0.77062540, 0.53658030
-0.22210100, -0.07221000, 0.75153200
-0.00895630, -0.55653650, -0.83077490
0.81680390, 0.52730660
-0.22202300, -0.24009300, 0.78337800
-0.01484560, -0.18635580, -0.98237010
0.81682620, 0.53658030
-0.39615200, -0.07036300, 0.75153200
-0.00590648, -0.55661330, -0.83075070
0.77062540, 0.52730660
-0.38735200, 0.00211500, 0.64030500
-0.00844384, -0.96144500, -0.27486750
0.77312860, 0.49491700
-0.22225900, 0.00079000, 0.64030500
-0.00773263, -0.96339610, -0.26797060
0.81675890, 0.49491700
-0.21946600, -0.00349000, 0.51771100
-0.00742703, -0.91356070, 0.40663460
0.81755350, 0.45921730
-0.38735200, -0.00211600, 0.51771100
-0.04079727, -0.92533040, 0.37696050
0.77312860, 0.45921730
-0.22038900, -0.09947300, 0.42397200
-0.03640567, -0.42893220, 0.90260280
0.81729100, 0.43192000
-0.39615200, -0.06276700, 0.43942800
-0.06430034, -0.63282200, 0.77162280
0.77062540, 0.43642100
-0.39615200, -0.13199900, 0.40851600
-0.04989809, -0.19574940, 0.97938360
0.77062540, 0.42741920
-0.39000300, -0.23481300, 0.40725900
-0.05126931, -0.05886256, 0.99694870
0.77237470, 0.42705300
-0.22132000, -0.24886700, 0.40725900
-0.00925791, -0.11111950, 0.99376390
0.81702610, 0.42705300
-0.39000300, -0.23481300, 0.40725900
-0.07227648, -0.99738440, -0.00074031
0.77237470, 0.42705300
0.00000000, -0.26292600, 0.20566900
0.00000000, -0.99990220, 0.01398301
0.88331220, 0.36834940
-0.22132000, -0.24886700, 0.40725900
-0.04240573, -0.99861700, -0.03107913
0.81702610, 0.42705300
-0.39000300, -0.23650200, 0.20566900
-0.06759592, -0.99770160, 0.00472686
0.77237470, 0.36834940
-0.34534600, 0.04853800, 0.18899000
-0.82146450, 0.56810920, 0.04947792
0.45259140, 0.26750740
-0.33102400, 0.05810900, 0.26409800
-0.42375610, 0.90572580, 0.00956983
0.48020960, 0.26397530
-0.39615200, -0.06276700, 0.43942800
-0.99563560, 0.09327997, 0.00294261
0.54296880, 0.30664060
-0.22202300, -0.24009300, 0.78337800
-0.99999740, -0.00086377, -0.00210032
0.81682620, 0.53658030
-0.22210100, -0.07221000, 0.75153200
-0.99999790, -0.00185528, -0.00090862
0.81680390, 0.52730660
-0.22159500, -0.26590600, 0.59037400
-0.99998800, 0.00262726, -0.00414044
0.81694780, 0.48037700
-0.22225900, 0.00079000, 0.64030500
-0.99992430, -0.00018648, -0.01230302
0.81675890, 0.49491700
-0.21946600, -0.00349000, 0.51771100
-0.99991330, 0.00470782, -0.01229624
0.81755350, 0.45921730
-0.22038900, -0.09947300, 0.42397200
-0.99997040, 0.00768177, 0.00043443
0.81729100, 0.43192000
-0.22132000, -0.24886700, 0.40725900
-0.99997950, 0.00633515, -0.00091251
0.81702610, 0.42705300
-0.00002000, 0.25273100, -0.48293600
0.00000000, 0.99996750, -0.00806768
0.20881270, 0.50583220
-0.24095900, 0.23887800, -0.42452200
-0.06459016, 0.99746520, -0.02985454
0.22998050, 0.59058680
-0.39007100, -0.23713900, -0.37923300
-0.05560667, -0.99842870, -0.00693415
0.77235530, 0.19136150
-0.21763000, -0.24550400, -0.37747000
-0.01979302, -0.99976750, -0.00854755
0.81714370, 0.19187500
-0.39622000, -0.19403400, -0.32087300
-0.99248900, -0.12142370, -0.01489595
0.26510970, 0.35702010
-0.39007100, -0.23713900, -0.37923300
-0.99376790, -0.10565370, -0.03553430
0.24365010, 0.37292650
-0.23756000, 0.23590900, -0.46680600
-0.07556541, 0.99424900, -0.07588646
0.21465760, 0.58939110
-0.39920000, -0.14896300, -0.35007200
-0.99649520, -0.05898037, -0.05931873
0.25437300, 0.34038820
-0.39622000, -0.14151100, -0.39361200
-0.99593160, -0.04786784, -0.07634735
0.23836300, 0.33763810
-0.39622000, -0.05612100, -0.42990300
-0.95656650, 0.28758450, 0.04770401
0.22460940, 0.30664060
-0.39622000, -0.05710500, -0.38321400
-0.98043580, 0.19671340, 0.00703465
0.24218750, 0.30664060
-0.34563800, 0.06476700, -0.44765400
-0.88276680, 0.46691750, 0.05206670
0.21849140, 0.26151870
-0.34519700, 0.06077800, -0.37876400
-0.89288400, 0.44916810, 0.03172118
0.24382270, 0.26299060
0.00000000, 0.09015800, -0.89484600
0.00000189, 0.93447830, -0.35602010
0.14219670, 0.77871080
-0.23756000, 0.23590900, -0.46680600
-0.44132350, 0.86523590, -0.23790850
0.21329920, 0.64406410
-0.00002000, 0.25273100, -0.48293600
-0.00000269, 0.93017320, -0.36712090
0.14220810, 0.64670740
-0.31671400, 0.08142800, -0.86640300
-0.26659250, 0.91555630, -0.30113980
0.23676410, 0.77179830
-0.31794700, 0.06556600, -1.01927300
-0.08994006, 0.00457215, -0.99593670
0.98462360, 0.72073630
0.00000000, -0.05700400, -1.04854900
0.00000018, -0.00020128, -1.00000000
0.86551220, 0.76825380
-0.34434300, -0.05578200, -1.01738700
-0.69541690, 0.04433166, -0.71723780
0.99451230, 0.76778010
0.00000000, 0.07794000, -1.04771600
0.00000012, 0.00616587, -0.99998100
0.86551220, 0.71593940
-0.39376700, -0.15259100, -0.74814200
-0.98506210, -0.01016723, -0.17189890
0.10799890, 0.34172700
-0.34434300, -0.05578200, -1.01738700
-0.69541690, 0.04433166, -0.71723780
0.00976563, 0.30664060
-0.34318500, -0.17382600, -1.00591500
-0.72402520, -0.08088373, -0.68501480
0.01321304, 0.34956320
-0.39492400, -0.05772100, -0.70009400
-0.94835660, 0.28119990, -0.14678710
0.12500000, 0.30664060
0.00000000, -0.17544400, -1.04782900
0.00000021, -0.02537628, -0.99967800
0.86551220, 0.81416980
-0.34318500, -0.17382600, -1.00591500
-0.72402520, -0.08088373, -0.68501480
0.99407860, 0.81354280
-0.38520800, -0.22401800, -0.75482900
-0.97789350, -0.09998582, -0.18364980
0.10554000, 0.36808450
-0.39595000, -0.00806400, -0.53371000
-0.87095330, 0.48803020, 0.05715737
0.18684750, 0.28839440
-0.34550500, 0.07261300, -0.65291800
-0.88874510, 0.45110980, -0.08143719
0.14301350, 0.25862330
-0.39533900, -0.01991500, -0.63623600
-0.88045590, 0.44440620, -0.16522930
0.14914770, 0.29276780
-0.31671400, 0.08142800, -0.86640300
-0.51788370, 0.85153690, -0.08174042
0.06985412, 0.61723460
0.00000000, 0.07794000, -1.04771600
0.00000002, 0.99625790, -0.08642999
0.00612779, 0.50582520
-0.31794700, 0.06556600, -1.01927300
-0.61062300, 0.77911310, -0.14185300
0.01445783, 0.61766840
0.00000000, 0.09015800, -0.89484600
0.00000002, 0.99682100, -0.07967414
0.05954694, 0.50582520
-0.31794700, 0.06556600, -1.01927300
-0.61062300, 0.77911310, -0.14185300
0.00830134, 0.26122370
-0.22377900, -0.16862600, -0.38507200
0.00223365, -0.22161060, -0.97513270
0.81539470, 0.18966100
-0.21763000, -0.24550400, -0.37747000
0.00542642, -0.09797540, -0.99517410
0.81714370, 0.19187500
-0.39007100, -0.23713900, -0.37923300
0.02050729, -0.13420120, -0.99074190
0.77235530, 0.19136150
-0.39622000, -0.14151100, -0.39361200
0.01262925, -0.27930190, -0.96012030
0.77060610, 0.18717430
-0.22377900, -0.05606300, -0.42813900
0.00040917, -0.68583980, -0.72775240
0.81539470, 0.18378240
-0.39622000, -0.05612100, -0.42990300
0.00757309, -0.69672180, -0.71730150
0.77060610, 0.18326870
-0.22350800, -0.00800600, -0.53194600
0.00143712, -0.99419940, -0.10754320
0.81547160, 0.15355290
-0.39595000, -0.00806400, -0.53371000
-0.02402517, -0.99060660, -0.13461570
0.77068300, 0.15303940
-0.22269000, -0.03953700, -0.67264200
-0.04915592, -0.83056690, 0.55474530
0.81570440, 0.11258180
-0.39533900, -0.01991500, -0.63623600
-0.04777455, -0.95620080, 0.28878640
0.77085670, 0.12318340
-0.39492400, -0.05772100, -0.70009400
-0.01649714, -0.67891110, 0.73403510
0.77097480, 0.10458790
-0.22132500, -0.15253200, -0.74637800
-0.03188808, -0.31036110, 0.95008370
0.81609270, 0.09110975
-0.39376700, -0.15259100, -0.74814200
-0.00987588, -0.28529120, 0.95839000
0.77130400, 0.09059608
-0.22051100, -0.22395900, -0.75306500
-0.01027111, -0.09361379, 0.99555560
0.81632430, 0.08916229
-0.38520800, -0.22401800, -0.75482900
-0.01062712, -0.09447218, 0.99547080
0.77373860, 0.08864886
-0.22051100, -0.22395900, -0.75306500
-0.00559293, -0.98649820, -0.16367660
0.81632430, 0.08916229
-0.34318500, -0.17382600, -1.00591500
-0.01724904, -0.98232310, -0.18639680
0.78569200, 0.01553154
0.00000000, -0.17544400, -1.04782900
0.00000004, -0.98485370, -0.17338710
0.88331220, 0.00332570
-0.22132500, -0.15253200, -0.74637800
-0.99993010, -0.01182275, 0.00023032
0.81609270, 0.09110975
-0.22051100, -0.22395900, -0.75306500
-0.99993440, -0.01144018, 0.00043687
0.81632430, 0.08916229
-0.22015900, -0.24777200, -0.56995700
-0.99979350, -0.02010235, -0.00298234
0.81642450, 0.14248390
-0.22269000, -0.03953700, -0.67264200
-0.99991540, -0.01291422, -0.00153603
0.81570440, 0.11258180
-0.22350800, -0.00800600, -0.53194600
-0.99989830, -0.01306098, -0.00573353
0.81547160, 0.15355290
-0.22377900, -0.05606300, -0.42813900
-0.99987800, -0.01001025, -0.01199373
0.81539470, 0.18378240
-0.22377900, -0.16862600, -0.38507200
-0.99926880, -0.03809667, -0.00325919
0.81539470, 0.18966100
-0.21763000, -0.24550400, -0.37747000
-0.99682810, -0.07834011, 0.01401610
0.81714370, 0.19187500
-0.31671400, 0.08142800, -0.86640300
-0.51788370, 0.85153690, -0.08174042
0.06451323, 0.25537060
0.22202200, -0.24009300, 0.78337800
0.02656459, -0.98966870, 0.14089100
0.95146410, 0.53658030
0.33700800, -0.19759600, 1.02173300
0.04930387, -0.98711750, 0.15221130
0.97917520, 0.60599010
0.00000000, -0.20551200, 1.04064200
0.00000699, -0.98902150, 0.14777160
0.88331220, 0.61149660
0.33700800, -0.07003300, 1.01380700
0.54881630, 0.48104730, 0.68366230
0.75390630, 0.38671880
0.34236200, -0.01988000, 0.88164800
0.51503660, 0.80877930, 0.28392480
0.70330340, 0.38539310
0.33700800, -0.19759600, 1.02173300
0.64869620, 0.05365855, 0.75915340
0.98725060, 0.69752070
0.33700800, -0.07003300, 1.01380700
0.54881630, 0.48104730, 0.68366230
0.98632810, 0.64843750
0.34534600, 0.03250600, 0.66480900
0.35188590, 0.92166480, 0.16343310
0.62472650, 0.38434350
0.34534600, 0.05362700, 0.44750800
0.48719240, 0.87327180, 0.00631481
0.54598190, 0.38434350
0.33092700, 0.05825900, 0.26431200
0.42606600, 0.90463880, 0.00981723
0.47959620, 0.38941560
0.22854900, 0.23610100, -0.03973400
0.08769323, 0.99315100, 0.07720696
0.36941770, 0.42542870
0.24102300, 0.23811000, -0.07975200
0.07052560, 0.99717040, 0.02602494
0.35491640, 0.42104110
0.39615200, -0.13199900, 0.40851600
0.99973010, -0.02022519, 0.01143439
0.53331350, 0.14300780
0.39913200, -0.14845300, 0.23357100
0.99934760, -0.03244195, 0.01587453
0.46898450, 0.14907940
0.39615200, -0.05659500, 0.24377000
0.96896650, 0.24712030, -0.00595654
0.47265630, 0.11523440
0.39000300, -0.23481300, 0.40725900
0.99713160, -0.07338167, 0.01853717
0.53285100, 0.18094790
0.22132000, -0.24886700, 0.40725900
0.04240574, -0.99861700, -0.03107912
0.95126410, 0.42705300
0.39615200, -0.19352400, 0.20567200
0.99249500, -0.12218680, 0.00490181
0.45872570, 0.16571130
0.39000300, -0.23650200, 0.20566900
0.98991820, -0.14163840, 0.00072486
0.45872460, 0.18157110
0.38735200, 0.00211500, 0.64030500
0.69407270, 0.70987890, 0.11972930
0.61914060, 0.09179688
0.34534600, 0.05362700, 0.44750800
0.48719240, 0.87327180, 0.00631481
0.54765100, 0.07450908
0.34534600, 0.03250600, 0.66480900
0.35188590, 0.92166480, 0.16343310
0.62755470, 0.08230293
0.38735200, -0.00211600, 0.51771100
0.85141090, 0.52348050, -0.03267551
0.57226560, 0.09375000
0.33700800, -0.19759600, 1.02173300
0.64869620, 0.05365855, 0.75915340
0.75879900, 0.16721410
0.39615200, -0.07036300, 0.75153200
0.93237420, 0.28969560, 0.21622890
0.65625000, 0.11523440
0.33700800, -0.07003300, 1.01380700
0.54881630, 0.48104730, 0.68366230
0.75585940, 0.11523440
0.39615200, -0.22622100, 0.78337800
0.97077930, 0.04804079, 0.23511630
0.67115360, 0.17777730
0.34236200, -0.01988000, 0.88164800
0.51503660, 0.80877930, 0.28392480
0.70728860, 0.10163430
0.39615200, -0.22622100, 0.78337800
0.07865035, -0.98729250, 0.13808540
0.99599910, 0.53658030
0.39615200, -0.22622100, 0.78337800
0.00839565, -0.19337950, -0.98108810
0.99599910, 0.53658030
0.22210000, -0.07221000, 0.75153200
0.00895629, -0.55653610, -0.83077510
0.95148620, 0.52730660
0.39615200, -0.07036300, 0.75153200
0.00590648, -0.55661310, -0.83075080
0.99599910, 0.52730660
0.22202200, -0.24009300, 0.78337800
0.01484556, -0.18635530, -0.98237030
0.95146410, 0.53658030
0.38735200, 0.00211500, 0.64030500
0.00844384, -0.96144500, -0.27486750
0.99349600, 0.49491700
0.22225900, 0.00079000, 0.64030500
0.00773263, -0.96339610, -0.26797060
0.95153120, 0.49491700
0.21946600, -0.00349000, 0.51771100
0.00742703, -0.91356080, 0.40663440
0.95073660, 0.45921730
0.38735200, -0.00211600, 0.51771100
0.04079719, -0.92533040, 0.37696050
0.99349600, 0.45921730
0.22038900, -0.09947300, 0.42397200
0.03640542, -0.42893230, 0.90260280
0.95099930, 0.43192000
0.39615200, -0.06276700, 0.43942800
0.06429999, -0.63282190, 0.77162290
0.99599910, 0.43642100
0.39615200, -0.13199900, 0.40851600
0.04989766, -0.19574950, 0.97938360
0.99599910, 0.42741920
0.39000300, -0.23481300, 0.40725900
0.05126897, -0.05886242, 0.99694870
0.99424980, 0.42705300
0.22132000, -0.24886700, 0.40725900
0.00925767, -0.11111930, 0.99376400
0.95126410, 0.42705300
0.39000300, -0.23481300, 0.40725900
0.07227648, -0.99738440, -0.00074029
0.99424980, 0.42705300
0.39000300, -0.23650200, 0.20566900
0.06759592, -0.99770160, 0.00472688
0.99424980, 0.36834940
0.34534600, 0.04853800, 0.18899000
0.82144740, 0.56815450, 0.04924157
0.45259140, 0.07638687
0.33092700, 0.05825900, 0.26431200
0.42606600, 0.90463880, 0.00981723
0.48028790, 0.07279956
0.39615200, -0.06276700, 0.43942800
0.99563550, 0.09328058, 0.00294283
0.54296880, 0.11523440
0.22159500, -0.26590600, 0.59037500
0.00000000, -0.99979560, 0.02021826
0.95134230, 0.48037700
-0.22159500, -0.26590600, 0.59037400
-0.00000001, -0.99979560, 0.02021822
0.81694780, 0.48037700
0.22202200, -0.24009300, 0.78337800
0.99999740, -0.00086393, -0.00210000
0.95146410, 0.53658030
0.22159500, -0.26590600, 0.59037500
0.99998800, 0.00262713, -0.00414014
0.95134230, 0.48037700
0.22210000, -0.07221000, 0.75153200
0.99999790, -0.00185542, -0.00090834
0.95148620, 0.52730660
0.22225900, 0.00079000, 0.64030500
0.99992430, -0.00018659, -0.01230281
0.95153120, 0.49491700
0.21946600, -0.00349000, 0.51771100
0.99991330, 0.00470776, -0.01229596
0.95073660, 0.45921730
0.22038900, -0.09947300, 0.42397200
0.99997040, 0.00768169, 0.00043481
0.95099930, 0.43192000
0.22132000, -0.24886700, 0.40725900
0.99997950, 0.00633498, -0.00091221
0.95126410, 0.42705300
0.24091800, 0.23887800, -0.42452200
0.06459017, 0.99746520, -0.02985454
0.22998050, 0.42107770
0.21763000, -0.24550400, -0.37747000
0.01979302, -0.99976750, -0.00854754
0.94688360, 0.19187500
0.39007100, -0.23713900, -0.37923300
0.05560669, -0.99842860, -0.00693413
0.99426930, 0.19136150
0.39622100, -0.19403400, -0.32087300
0.99248900, -0.12142400, -0.01489574
0.26510980, 0.16589980
0.39007100, -0.23713900, -0.37923300
0.99376790, -0.10565380, -0.03553417
0.24365010, 0.18180600
0.23752000, 0.23590900, -0.46680600
0.07556543, 0.99424900, -0.07588646
0.21465760, 0.42227350
0.39920000, -0.14896300, -0.35007200
0.99649520, -0.05898039, -0.05931871
0.25437310, 0.14926770
0.39622100, -0.14151100, -0.39361200
0.99593160, -0.04786784, -0.07634735
0.23836310, 0.14651770
0.39622100, -0.05612100, -0.42990200
0.95656650, 0.28758450, 0.04770411
0.22460940, 0.11523440
0.39622100, -0.05710500, -0.38321400
0.98043580, 0.19671340, 0.00703465
0.24218660, 0.11537090
0.34563800, 0.06476700, -0.44765300
0.87784570, 0.47534440, 0.05860592
0.21849140, 0.07039827
0.34519700, 0.06077800, -0.37876400
0.88879200, 0.45772000, 0.02326359
0.24382270, 0.07187015
0.23752000, 0.23590900, -0.46680600
0.44124350, 0.86527880, -0.23790080
0.07111692, 0.64405860
0.31671400, 0.08142800, -0.86640300
0.26658870, 0.91556500, -0.30111670
0.04762996, 0.77179090
0.31794700, 0.06556600, -1.01927300
0.08994047, 0.00457174, -0.99593660
0.74640090, 0.72073630
0.34434300, -0.05578200, -1.01738700
0.69541730, 0.04433176, -0.71723740
0.73651220, 0.76778010
0.34434300, -0.05578200, -1.01738700
0.69541730, 0.04433176, -0.71723740
0.00976563, 0.11523440
0.39376700, -0.15259100, -0.74814200
0.98506240, -0.01022587, -0.17189370
0.10799890, 0.15060650
0.34318500, -0.17382600, -1.00591500
0.72402540, -0.08089838, -0.68501290
0.01321304, 0.15844280
0.39492400, -0.05772100, -0.70009400
0.94835650, 0.28120020, -0.14678680
0.12500000, 0.11523440
0.34318500, -0.17382600, -1.00591500
0.72402540, -0.08089838, -0.68501290
0.73694580, 0.81354280
0.38519700, -0.22401800, -0.75482900
0.97788080, -0.10013640, -0.18363480
0.10554000, 0.17696400
0.39595000, -0.00806400, -0.53371000
0.87095320, 0.48803030, 0.05715766
0.18684750, 0.09727401
0.34550500, 0.07261300, -0.65291800
0.88874500, 0.45111010, -0.08143695
0.14301350, 0.06750286
0.39533900, -0.01991500, -0.63623600
0.88045570, 0.44440640, -0.16522910
0.14914770, 0.10164730
0.31671400, 0.08142800, -0.86640300
0.51788350, 0.85153690, -0.08174019
0.06985412, 0.39441530
0.31794700, 0.06556600, -1.01927300
0.61062310, 0.77911310, -0.14185280
0.01445783, 0.39398170
0.31794700, 0.06556600, -1.01927300
0.61062310, 0.77911310, -0.14185280
0.00830134, 0.07010323
0.22377900, -0.16862600, -0.38507200
-0.00223336, -0.22161040, -0.97513270
0.94863270, 0.18966100
0.39007100, -0.23713900, -0.37923300
-0.02050702, -0.13420110, -0.99074190
0.99426930, 0.19136150
0.21763000, -0.24550400, -0.37747000
-0.00542600, -0.09797494, -0.99517410
0.94688360, 0.19187500
0.39622100, -0.14151100, -0.39361200
-0.01262904, -0.27930190, -0.96012030
0.99601860, 0.18717430
0.22377900, -0.05606300, -0.42813900
-0.00040902, -0.68583980, -0.72775240
0.94863270, 0.18378240
0.39622100, -0.05612100, -0.42990200
-0.00757293, -0.69672170, -0.71730150
0.99601860, 0.18326870
0.22350900, -0.00800600, -0.53194600
-0.00143710, -0.99419930, -0.10754330
0.94855570, 0.15355290
0.39595000, -0.00806400, -0.53371000
0.02402521, -0.99060650, -0.13461570
0.99594160, 0.15303940
0.22269000, -0.03953700, -0.67264200
0.04915610, -0.83056700, 0.55474510
0.94832290, 0.11258180
0.39533900, -0.01991500, -0.63623600
0.04777464, -0.95620080, 0.28878630
0.99576790, 0.12318340
0.39492400, -0.05772100, -0.70009400
0.01649746, -0.67891110, 0.73403510
0.99564980, 0.10458790
0.22132600, -0.15253200, -0.74637800
0.03188848, -0.31036110, 0.95008370
0.94793460, 0.09110975
0.39376700, -0.15259100, -0.74814200
0.00987635, -0.28530090, 0.95838710
0.99532060, 0.09059608
0.22051100, -0.22395900, -0.75306500
0.01027161, -0.09361395, 0.99555560
0.94770290, 0.08916229
0.38519700, -0.22401800, -0.75482900
0.01062782, -0.09447284, 0.99547070
0.99288280, 0.08864886
0.22051100, -0.22395900, -0.75306500
0.00559295, -0.98649820, -0.16367660
0.94770290, 0.08916229
0.34318500, -0.17382600, -1.00591500
0.01724945, -0.98232320, -0.18639660
0.98093240, 0.01553154
0.38519700, -0.22401800, -0.75482900
-0.00244335, -0.98067590, -0.19562430
0.99288280, 0.08864886
0.22132600, -0.15253200, -0.74637800
0.99993010, -0.01182289, 0.00023056
0.94793460, 0.09110975
0.22015900, -0.24777200, -0.56995700
0.99979350, -0.02010237, -0.00298202
0.94760260, 0.14248390
0.22051100, -0.22395900, -0.75306500
0.99993440, -0.01144047, 0.00043704
0.94770290, 0.08916229
0.22269000, -0.03953700, -0.67264200
0.99991540, -0.01291422, -0.00153567
0.94832290, 0.11258180
0.22350900, -0.00800600, -0.53194600
0.99989830, -0.01306096, -0.00573314
0.94855570, 0.15355290
0.22377900, -0.05606300, -0.42813900
0.99987800, -0.01001020, -0.01199340
0.94863270, 0.18378240
0.22377900, -0.16862600, -0.38507200
0.99926880, -0.03809660, -0.00325891
0.94863270, 0.18966100
0.21763000, -0.24550400, -0.37747000
0.99682810, -0.07834008, 0.01401640
0.94688360, 0.19187500
0.22015900, -0.24777200, -0.56995700
0.00000002, -0.99825350, -0.05907635
0.94760260, 0.14248390
-0.22015900, -0.24777200, -0.56995700
0.00000002, -0.99825350, -0.05907636
0.81642450, 0.14248390
0.31671400, 0.08142800, -0.86640300
0.51788350, 0.85153690, -0.08174019
0.06451323, 0.06425011
0.22854900, 0.23610100, -0.03973400
0.67459070, 0.70125590, 0.23058090
0.36848720, 0.00717330
0.24102300, 0.23811000, -0.07975200
0.66305800, 0.70829000, 0.24223830
0.35377240, 0.00643194
0.23752000, 0.23590900, -0.46680600
0.86582300, 0.49472270, -0.07483324
0.21144870, 0.00724429
0.24091800, 0.23887800, -0.42452200
0.86969810, 0.48254850, -0.10378910
0.22699700, 0.00614858
0.34563800, 0.06476700, -0.44765300
0.84424850, 0.53558130, 0.01992845
0.01100464, 0.65185300
0.34550500, 0.07261300, -0.65291800
0.80398350, 0.59226950, -0.05317282
0.02650467, 0.71109350
-0.34550500, 0.07261300, -0.65291800
-0.80407320, 0.59214620, -0.05318892
0.25789660, 0.71110310
-0.34563800, 0.06476700, -0.44765400
-0.84434000, 0.53543720, 0.01992274
0.27340440, 0.65186450
-0.24095900, 0.23887800, -0.42452200
-0.84973040, 0.52132020, -0.07863463
0.22699700, 0.19726910
-0.23756000, 0.23590900, -0.46680600
-0.84611670, 0.52261160, -0.10470740
0.21144870, 0.19836480
-0.22859000, 0.23621900, -0.03947200
-0.67760080, 0.69916930, 0.22807760
0.36858370, 0.19825010
-0.24106300, 0.23811000, -0.07975200
-0.66638240, 0.70609720, 0.23950200
0.35377240, 0.19755210
-0.38520800, -0.22401800, -0.75482900
0.00244319, -0.98067590, -0.19562420
0.77373860, 0.08864886
0.09820000, 0.11282500, 0.08030900
-0.49999990, 0.81195980, 0.30119990
0.63716240, 0.93323250
0.19376800, 0.09380500, 0.08567000
-0.10150470, -0.50538760, 0.85690150
0.68025400, 0.93495990
0.20298700, 0.11282500, 0.08030900
0.50000070, 0.81195960, 0.30119920
0.68441090, 0.93323250
0.10741900, 0.09380500, 0.08567000
0.10150470, -0.50538890, 0.85690070
0.64131950, 0.93495990
0.19376800, 0.10190300, 0.06384100
-0.10150500, 0.17571760, -0.97919360
0.68025400, 0.92792590
0.10741900, 0.10190300, 0.06384200
0.10150470, 0.17571700, -0.97919370
0.64131950, 0.92792590
0.23694200, 0.02369400, 0.05966200
-0.20301030, -0.34055210, 0.91804740
0.69972130, 0.92657890
0.25538000, 0.02774300, 0.04874800
1.00000000, -0.00000079, 0.00000054
0.70803520, 0.92306190
0.23694200, 0.03179100, 0.03783400
-0.20300890, 0.34055280, -0.91804750
0.69972130, 0.91954490
0.19376700, -0.04641700, 0.03365400
-0.10150460, -0.17571670, 0.97919380
0.68025400, 0.91819790
0.20298700, -0.05734000, 0.01718600
0.49999950, -0.81195990, -0.30120020
0.68441090, 0.91289130
0.19376700, -0.03832000, 0.01182600
-0.10150530, 0.50538920, -0.85690050
0.68025400, 0.91116400
0.10741900, -0.04641700, 0.03365400
0.10150390, -0.17571760, 0.97919370
0.64131940, 0.91819790
0.09820000, -0.05734000, 0.01718600
-0.50000020, -0.81195970, -0.30119960
0.63716240, 0.91289130
0.10741900, -0.03832000, 0.01182600
0.10150510, 0.50538810, -0.85690120
0.64131940, 0.91116400
0.06424500, 0.02369400, 0.05966200
0.20301000, -0.34055260, 0.91804730
0.62185220, 0.92657890
0.04580700, 0.02774300, 0.04874800
-1.00000000, 0.00000021, -0.00000013
0.61353810, 0.92306190
0.06424500, 0.03179100, 0.03783400
0.20301010, 0.34055280, -0.91804720
0.62185220, 0.91954490
0.13818400, -0.04854200, 0.25748700
0.00000000, -0.34308660, 0.93930380
0.65519130, 0.99032750
0.16280700, -0.04854200, 0.25748700
0.00000000, -0.34308660, 0.93930380
0.66629400, 0.99032750
0.15049600, -0.03697800, 0.26171100
0.00000000, -0.34308610, 0.93930390
0.66074260, 0.99168860
0.15049600, -0.06010700, 0.25326300
0.00000000, -0.34308700, 0.93930360
0.66074260, 0.98896630
0.13818400, 0.02870100, 0.04600700
-0.81649620, 0.19808170, -0.54230770
0.65519130, 0.92217880
0.16280700, 0.02870100, 0.04600700
0.81649660, 0.19808090, -0.54230730
0.66629400, 0.92217880
0.15049600, 0.01713700, 0.04178300
0.00000018, -0.56885960, -0.82243460
0.66074260, 0.92081770
0.15049600, 0.04026600, 0.05023100
0.00000018, 0.96501900, -0.26217970
0.66074260, 0.92354000
0.13818400, -0.04854200, 0.25748700
-1.00000000, 0.00000182, -0.00000003
0.65519130, 0.99032750
0.15049600, -0.03697800, 0.26171100
-0.00000054, 0.93930470, 0.34308410
0.66074260, 0.99168860
0.16280700, -0.04854200, 0.25748700
1.00000000, 0.00000161, 0.00000138
0.66629400, 0.99032750
0.15049600, -0.06010700, 0.25326300
-0.00000097, -0.93930470, -0.34308410
0.66074260, 0.98896630
-0.00002000, 0.25355500, -0.00464800
0.00001056, -0.99354890, 0.11340400
0.40210870, 0.80447450
-0.22859000, 0.23621900, -0.03947200
-0.01101744, -0.86442630, 0.50263880
0.39010740, 0.91070430
-0.21980000, 0.21568500, -0.07459400
0.06819634, -0.96641540, 0.24777120
0.37800360, 0.90646560
-0.31049400, -0.10257700, 0.37060200
0.54740900, 0.55791740, -0.62375600
0.53142890, 0.95019980
-0.36392400, -0.13947300, 0.21109000
0.93583690, 0.13179510, -0.32686310
0.47645710, 0.97596440
-0.36120800, -0.05571800, 0.22038900
0.94788720, 0.00462489, -0.31857240
0.47966190, 0.97465440
-0.35560100, -0.21975500, 0.18564900
0.66006770, 0.72479690, -0.19743400
0.46768970, 0.97195070
-0.36120800, -0.18056800, 0.18565200
0.98703620, 0.14123240, -0.07624331
0.46769060, 0.97465440
-0.31049400, -0.10257700, 0.37060200
0.09326534, -0.88904050, -0.44822820
0.53142890, 0.95019980
0.00001800, 0.04537400, 0.11274100
0.00020015, -0.88568080, -0.46429460
0.44256370, 0.80445580
0.00000000, -0.11993900, 0.39277600
-0.00000131, -0.86114350, -0.50836190
0.53907040, 0.80446460
-0.26066500, 0.02851600, 0.09566400
-0.09601122, -0.83277260, -0.54522630
0.43667870, 0.92617120
-0.00000200, -0.23102900, 0.36945500
0.00001026, 0.76820670, -0.64020190
0.53103380, 0.80446550
0.00000000, -0.11993900, 0.39277600
0.00000683, 0.20544550, -0.97866860
0.53907040, 0.80446460
-0.00002000, 0.22901600, -0.44221100
0.00000002, -0.99977170, 0.02136920
0.25131370, 0.80447450
-0.21970500, 0.21638400, -0.38895000
0.05687027, -0.99837920, -0.00220498
0.26966880, 0.90641970
-0.35566300, -0.22262800, -0.20661500
0.77972190, 0.62612580, -0.00035508
0.33250590, 0.97198050
0.00000000, -0.22796300, -0.29714100
-0.00000009, 0.99998940, 0.00460002
0.30130850, 0.80446460
-0.36127000, -0.18103300, -0.29444500
0.99109100, 0.13318300, -0.00096109
0.30223780, 0.97468440
-0.00002000, 0.25355500, -0.00464800
0.00001056, -0.99354890, 0.11340400
0.40204180, 0.80445670
0.21975900, 0.21568500, -0.07459400
-0.06805809, -0.96632110, 0.24817650
0.37793670, 0.90644760
0.22854900, 0.23610100, -0.03973400
0.01126155, -0.86408440, 0.50322100
0.38995010, 0.91068670
0.36392000, -0.13947300, 0.21109000
-0.93595180, 0.13173270, -0.32655890
0.47639030, 0.97596450
0.31055100, -0.10257700, 0.37060200
-0.54751160, 0.55795760, -0.62362990
0.53136190, 0.95022910
0.36120400, -0.05571800, 0.22038900
-0.94799890, 0.00458434, -0.31824050
0.47959500, 0.97465440
0.35559700, -0.21975500, 0.18564900
-0.66006350, 0.72481470, -0.19738260
0.46762270, 0.97195070
0.36120400, -0.18056800, 0.18565200
-0.98703620, 0.14123240, -0.07624334
0.46762370, 0.97465440
0.00001800, 0.04537400, 0.11274100
0.00020015, -0.88568080, -0.46429460
0.44249680, 0.80447530
0.31055100, -0.10257700, 0.37060200
-0.09336726, -0.88887080, -0.44854350
0.53136190, 0.95022910
0.00000000, -0.11993900, 0.39277600
-0.00000131, -0.86114350, -0.50836190
0.53900350, 0.80446650
0.26069700, 0.02865300, 0.09585900
0.09604220, -0.83241850, -0.54576120
0.43667870, 0.92618880
-0.00000200, -0.23102900, 0.36945500
0.00001026, 0.76820670, -0.64020190
0.53096680, 0.80446560
0.00000000, -0.11993900, 0.39277600
0.00000683, 0.20544550, -0.97866860
0.53900350, 0.80446650
-0.00002000, 0.22901600, -0.44221100
0.00000002, -0.99977170, 0.02136920
0.25124680, 0.80445660
0.21966400, 0.21638400, -0.38895000
-0.05687027, -0.99837920, -0.00220499
0.26960190, 0.90640180
0.35565900, -0.22262800, -0.20661500
-0.77972190, 0.62612590, -0.00035533
0.33243890, 0.97198060
0.00000000, -0.22796300, -0.29714100
-0.00000009, 0.99998940, 0.00460002
0.30124150, 0.80446650
0.36126600, -0.18103300, -0.29444400
-0.99109110, 0.13318250, -0.00096137
0.30217080, 0.97468440
0.22854900, 0.23610100, -0.03973400
-0.95369070, -0.12841850, 0.27199770
0.38995010, 0.91068670
0.31487900, 0.04014100, 0.17044100
-0.90130360, -0.43196440, -0.03253573
0.46238160, 0.95231620
0.30650100, 0.04900400, 0.23911800
-0.89257560, -0.44799650, -0.05106860
0.48604950, 0.94827600
0.21975900, 0.21568500, -0.07459400
-0.94954130, -0.09919109, 0.29754400
0.37793670, 0.90644760
-0.31488300, 0.04014100, 0.17044100
0.90110670, -0.43231040, -0.03338285
0.46244850, 0.95231610
-0.22859000, 0.23621900, -0.03947200
0.95380940, -0.12965130, 0.27099490
0.39010740, 0.91070430
-0.30650500, 0.04886800, 0.23892400
0.89231760, -0.44840010, -0.05202533
0.48604950, 0.94827600
-0.21980000, 0.21568500, -0.07459400
0.94972630, -0.10055680, 0.29649340
0.37800360, 0.90646560
-0.33102400, 0.05810900, 0.26409800
0.71126030, 0.47464370, 0.51848050
0.49472530, 0.96009920
-0.30650500, 0.04886800, 0.23892400
0.71126030, 0.47464370, 0.51848050
0.48604950, 0.94827600
-0.22859000, 0.23621900, -0.03947200
0.71126030, 0.47464370, 0.51848050
0.39010740, 0.91070430
0.22854900, 0.23610100, -0.03973400
-0.71286480, 0.47372020, 0.51711990
0.38995010, 0.91068670
0.30650100, 0.04900400, 0.23911800
-0.71286480, 0.47372020, 0.51711990
0.48604950, 0.94827600
0.33092700, 0.05825900, 0.26431200
-0.71286480, 0.47372020, 0.51711990
0.49473180, 0.96005460
-0.39615200, -0.05659500, 0.24377000
-0.55618610, 0.00567809, -0.83103840
0.48771960, 0.99150530
-0.36392400, -0.13947300, 0.21109000
-0.56592800, 0.26050660, -0.78221600
0.47645710, 0.97596440
-0.39913200, -0.14845300, 0.23357100
-0.56601890, 0.26375350, -0.78106130
0.48420490, 0.99294200
-0.36120800, -0.05571800, 0.22038900
-0.55453940, -0.04987864, -0.83066130
0.47966190, 0.97465440
-0.36120800, -0.18056800, 0.18565200
-0.49357460, 0.79843160, -0.34480580
0.46769060, 0.97465440
-0.39615200, -0.19352400, 0.20567200
-0.53374930, 0.69486140, -0.48195360
0.47459020, 0.99150530
-0.36127000, -0.18103300, -0.29444500
-0.52061210, 0.80150660, 0.29419430
0.30223780, 0.97468440
-0.39622000, -0.19403400, -0.32087300
-0.59702300, 0.65044630, 0.46955640
0.29312980, 0.99153800
-0.36398600, -0.13993800, -0.32106800
-0.64869880, 0.33512350, 0.68328770
0.29306280, 0.97599430
-0.39920000, -0.14896300, -0.35007200
-0.64933220, 0.32717700, 0.68652960
0.28306710, 0.99297480
-0.36127000, -0.05618300, -0.35128600
-0.65397320, 0.26602290, 0.70820260
0.28264900, 0.97468440
-0.39622000, -0.05710500, -0.38321400
-0.65381090, 0.26696590, 0.70799750
0.27164580, 0.99153800
-0.31474700, 0.05130100, -0.34722900
-0.60599320, 0.37942390, 0.69914930
0.28404700, 0.95225050
-0.34519700, 0.06077800, -0.37876400
-0.61071290, 0.37263090, 0.69869580
0.27317910, 0.96693370
-0.21970500, 0.21638400, -0.38895000
-0.89142340, -0.22270550, 0.39467270
0.26966880, 0.90641970
-0.24095900, 0.23887800, -0.42452200
-0.83205910, 0.08146884, 0.54867150
0.25740980, 0.91666880
-0.21980000, 0.21568500, -0.07459400
-0.62522790, -0.68066030, -0.38182680
0.37800360, 0.90646560
-0.24106300, 0.23811000, -0.07975200
-0.66559420, -0.69265900, -0.27786310
0.37622600, 0.91671910
-0.31488300, 0.04014100, 0.17044100
-0.55126430, -0.44008570, -0.70882450
0.46244850, 0.95231610
-0.34534600, 0.04853800, 0.18899000
-0.55544870, -0.31568310, -0.76929900
0.46884100, 0.96700580
-0.00002000, 0.06279000, -0.72438300
0.00000878, -0.74066470, 0.67187480
0.62702980, 0.75901270
-0.00002000, 0.22901600, -0.44221100
-0.00000005, -0.86161030, 0.50757040
0.62702890, 0.67331830
-0.21970500, 0.21638400, -0.38895000
0.59726480, -0.50554530, 0.62265460
0.56869420, 0.66298900
-0.35566300, -0.22527100, 0.02676000
-0.65288850, 0.32047860, 0.68631640
0.30116970, 0.79249820
0.33952800, -0.14487300, 0.00444200
0.52219000, 0.69405970, 0.49557920
0.47992640, 0.77103810
-0.33966800, -0.14487300, 0.00444200
-0.52284550, 0.69362520, 0.49549650
0.30528100, 0.77104340
0.35565900, -0.22527100, 0.02676000
0.65293690, 0.32139940, 0.68583950
0.48407440, 0.79249260
-0.33966800, -0.14223000, -0.24448300
-0.00000017, 0.28234490, 0.95931300
0.30532710, 0.70703670
0.32501000, -0.05847600, -0.26913400
0.53111850, 0.29864780, 0.79292040
0.47622380, 0.68452180
-0.32503900, -0.05847600, -0.26913400
-0.52087390, 0.33408310, 0.78554370
0.30891750, 0.68451370
0.33952800, -0.14223000, -0.24448300
-0.00000013, 0.28234460, 0.95931300
0.47987780, 0.70702090
0.31128600, 0.03719200, -0.29667500
0.45000830, 0.64558390, 0.61702020
0.47262020, 0.65893240
-0.31433100, 0.03733500, -0.29667500
-0.56173840, 0.60126580, 0.56826880
0.31181680, 0.65890730
0.31474300, 0.05130100, -0.34722900
-0.74262620, -0.27318150, 0.61145580
0.73170850, 0.68434910
0.21966400, 0.21638400, -0.38895000
-0.59721020, -0.50561540, 0.62265010
0.68536350, 0.66298780
0.39913200, -0.14845300, 0.23357100
0.56597610, 0.26376330, -0.78108890
0.48413790, 0.99294390
0.36120400, -0.05571800, 0.22038900
0.55449640, -0.04989821, -0.83068880
0.47959500, 0.97465440
0.39615200, -0.05659500, 0.24377000
0.55614370, 0.00566548, -0.83106680
0.48765270, 0.99150720
0.36392000, -0.13947300, 0.21109000
0.56588550, 0.26051690, -0.78224330
0.47639030, 0.97596450
0.31487900, 0.04014100, 0.17044100
0.55261800, -0.43598170, -0.71030510
0.46238160, 0.95231620
0.34534600, 0.04853800, 0.18899000
0.55424020, -0.31509840, -0.77040950
0.46877410, 0.96700770
0.21975900, 0.21568500, -0.07459400
0.62768910, -0.68005070, -0.37886350
0.37793670, 0.90644760
0.24102300, 0.23811000, -0.07975200
0.66491420, -0.69399350, -0.27615590
0.37615910, 0.91670140
0.21966400, 0.21638400, -0.38895000
0.89245660, -0.22427980, 0.39143300
0.26960190, 0.90640180
0.24091800, 0.23887800, -0.42452200
0.83120300, 0.07686803, 0.55062940
0.25734290, 0.91665110
0.31474300, 0.05130100, -0.34722900
0.60617110, 0.38269960, 0.69720700
0.28398020, 0.95225050
0.34519700, 0.06077800, -0.37876400
0.60808740, 0.37476260, 0.69984480
0.27311210, 0.96693570
0.36126600, -0.05618300, -0.35128500
0.65393480, 0.26601920, 0.70823940
0.28258200, 0.97468440
0.39622100, -0.05710500, -0.38321400
0.65377210, 0.26696370, 0.70803420
0.27157880, 0.99154000
0.36398300, -0.13993800, -0.32106700
0.64865760, 0.33513970, 0.68331890
0.29299580, 0.97599440
0.39920000, -0.14896300, -0.35007200
0.64929090, 0.32719310, 0.68656100
0.28300030, 0.99297680
0.36126600, -0.18103300, -0.29444400
0.52057410, 0.80152450, 0.29421260
0.30217080, 0.97468440
0.39622100, -0.19403400, -0.32087300
0.59697810, 0.65047730, 0.46957050
0.29306290, 0.99154000
0.36120400, -0.18056800, 0.18565200
0.49353580, 0.79844870, -0.34482190
0.46762370, 0.97465440
0.39615200, -0.19352400, 0.20567200
0.53370630, 0.69488660, -0.48196490
0.47452320, 0.99150720
-0.00002000, 0.06279000, -0.72438300
-0.00000001, 0.99953630, 0.03044849
0.54502070, 0.94874410
-0.31474700, 0.05130100, -0.34722900
-0.41608420, 0.87681510, 0.24097540
0.49623890, 0.99052230
0.31474300, 0.05130100, -0.34722900
0.39296080, 0.89558420, 0.20859240
0.59380830, 0.99052230
-0.31474700, 0.05130100, -0.34722900
0.74268750, -0.27305380, 0.61143830
0.52235590, 0.68435310
-0.36127000, -0.05618300, -0.35128600
-0.88258460, 0.28760950, 0.37192090
0.28724920, 0.67648770
-0.33966800, -0.14223000, -0.24448300
-0.95334030, 0.21672660, 0.21017100
0.30532710, 0.70703670
-0.36398600, -0.13993800, -0.32106800
-0.94276850, 0.13811370, 0.30350000
0.28635930, 0.69922020
0.36398300, -0.13993800, -0.32106700
0.92312540, 0.18620400, 0.33640370
0.49884560, 0.69904360
0.33952800, -0.14223000, -0.24448300
0.95350610, 0.22984090, 0.19493430
0.47987780, 0.70702090
0.36126600, -0.05618300, -0.35128500
0.90128630, 0.23588290, 0.36337610
0.49779300, 0.67626550
0.31474300, 0.05130100, -0.34722900
0.39296080, 0.89558420, 0.20859240
0.48276820, 0.65030640
-0.31474700, 0.05130100, -0.34722900
-0.41608420, 0.87681510, 0.24097540
0.30180200, 0.65035830
-0.35566300, -0.22527100, 0.02676000
-0.65288850, 0.32047860, 0.68631640
0.28425800, 0.77698470
-0.35566300, -0.22262800, -0.20661500
-0.97439990, 0.21859840, 0.05253144
0.28436950, 0.71697460
0.35565900, -0.22262800, -0.20661500
0.97402940, 0.22020160, 0.05270668
0.50084110, 0.71696310
0.35565900, -0.22527100, 0.02676000
0.65293690, 0.32139940, 0.68583950
0.50095750, 0.77697280
0.33952800, -0.14223000, -0.24448300
0.00000000, 0.99994360, 0.01061765
0.47987780, 0.70702090
-0.33966800, -0.14223000, -0.24448300
0.00000000, 0.99994360, 0.01061765
0.30532710, 0.70703670
0.00000000, 0.06572600, 0.31466500
0.00641462, 0.99241440, -0.12277010
0.51215170, 0.80446460
-0.30650500, 0.04886800, 0.23892400
0.00110672, 0.97295210, -0.23100430
0.48604950, 0.94827600
-0.33102400, 0.05810900, 0.26409800
0.02725218, 0.94669040, -0.32099000
0.49472530, 0.96009920
0.30650100, 0.04900400, 0.23911800
-0.01057584, 0.97172370, -0.23588370
0.48604950, 0.94827600
0.00000000, 0.06572600, 0.31466500
0.00641462, 0.99241440, -0.12277010
0.51208470, 0.80446650
0.33092700, 0.05825900, 0.26431200
-0.02749926, 0.94664830, -0.32109310
0.49473180, 0.96005460
0.36126600, -0.18103300, -0.29444400
0.94571600, 0.19718600, 0.25833890
0.49108350, 0.69395710
0.36398300, -0.13993800, -0.32106700
0.92312540, 0.18620400, 0.33640370
0.48107860, 0.68642450
-0.36127000, -0.18103300, -0.29444500
-0.94634070, 0.19579960, 0.25710270
0.29413960, 0.69397350
-0.36398600, -0.13993800, -0.32106800
-0.94276850, 0.13811370, 0.30350000
0.30415210, 0.68644940
0.31474300, 0.05130100, -0.34722900
0.39296080, 0.89558420, 0.20859240
0.47354040, 0.64542650
-0.31474700, 0.05130100, -0.34722900
-0.41608420, 0.87681510, 0.24097540
0.31167730, 0.64543140
0.00001800, 0.04537400, 0.11274100
0.01033691, 0.99406180, -0.10832470
0.44256370, 0.80445580
-0.26066500, 0.02851600, 0.09566400
-0.04066802, 0.98734660, -0.15327380
0.43667870, 0.92617120
0.26069700, 0.02865300, 0.09585900
0.02263797, 0.99120940, -0.13035100
0.43667870, 0.92618880
0.00001800, 0.04537400, 0.11274100
0.01033691, 0.99406180, -0.10832470
0.44249680, 0.80447530
-0.31488300, 0.04014100, 0.17044100
0.03276015, 0.99093480, -0.13028800
0.46244850, 0.95231610
-0.36120800, -0.05571800, 0.22038900
0.10860040, -0.86221490, -0.49476410
0.47966190, 0.97465440
-0.31488300, 0.04014100, 0.17044100
-0.80129160, 0.07816537, -0.59314580
0.46244850, 0.95231610
0.31487900, 0.04014100, 0.17044100
-0.02914296, 0.99089470, -0.13144680
0.46238160, 0.95231620
0.36120400, -0.05571800, 0.22038900
-0.11045840, -0.86194120, -0.49482970
0.47959500, 0.97465440
0.31487900, 0.04014100, 0.17044100
0.80087750, 0.07763773, -0.59377400
0.46238160, 0.95231620
-0.38295800, -0.19470900, 0.19152000
0.99763990, 0.06866291, -0.00018418
0.22111830, 0.89492280
-0.38600500, -0.15184500, -0.33559500
0.99999890, 0.00146404, -0.00013039
0.02455132, 0.87777200
-0.38593700, -0.15135400, 0.21798100
0.99998720, 0.00504390, -0.00012367
0.23098620, 0.87757550
-0.38302500, -0.19520000, -0.30790000
0.99765580, 0.06843173, -0.00020307
0.03487899, 0.89511920
-0.38302500, -0.06348300, -0.36702900
0.96889320, -0.24747940, 0.00009097
0.01282906, 0.84241690
-0.38295700, -0.06299200, 0.22765500
0.97570170, -0.21907380, -0.00357446
0.23459350, 0.84222050
-0.33200200, 0.04991400, -0.36280900
0.90963670, -0.41540370, -0.00093207
0.01440297, 0.79704510
-0.33215100, 0.03813900, 0.17569600
0.89153580, -0.45284750, -0.00965394
0.21521770, 0.80175610
-0.39913200, -0.14845300, 0.23357100
0.75089290, -0.09688829, 0.65327830
0.23680000, 0.87641480
-0.38295700, -0.06299200, 0.22765500
0.75089290, -0.09688829, 0.65327830
0.23459350, 0.84222050
-0.39615200, -0.05659500, 0.24377000
0.75089290, -0.09688829, 0.65327830
0.24060310, 0.83966090
-0.38295700, -0.06299200, 0.22765500
0.75075580, -0.09685105, 0.65344140
0.23459350, 0.84222050
-0.39913200, -0.14845300, 0.23357100
0.75075580, -0.09685105, 0.65344140
0.23680000, 0.87641480
-0.38593700, -0.15135400, 0.21798100
0.75075580, -0.09685105, 0.65344140
0.23098620, 0.87757550
-0.39615200, -0.05659500, 0.24377000
0.71634480, 0.01727710, 0.69753250
0.24060310, 0.83966090
-0.33215100, 0.03813900, 0.17569600
0.71634480, 0.01727710, 0.69753250
0.21521770, 0.80175610
-0.34534600, 0.04853800, 0.18899000
0.71634480, 0.01727710, 0.69753250
0.22017480, 0.79759560
-0.33215100, 0.03813900, 0.17569600
0.76252500, -0.05175236, 0.64488550
0.21521770, 0.80175610
-0.39615200, -0.05659500, 0.24377000
0.76252500, -0.05175236, 0.64488550
0.24060310, 0.83966090
-0.38295700, -0.06299200, 0.22765500
0.76252500, -0.05175236, 0.64488550
0.23459350, 0.84222050
-0.34534600, 0.04853800, 0.18899000
0.62319290, 0.78188290, 0.01702050
0.22017480, 0.79759560
-0.33200200, 0.04991400, -0.36280900
0.62319290, 0.78188290, 0.01702050
0.01440297, 0.79704510
-0.34519700, 0.06077800, -0.37876400
0.62319290, 0.78188290, 0.01702050
0.00845283, 0.79269810
-0.33200200, 0.04991400, -0.36280900
0.62947700, 0.77682970, 0.01715987
0.01440297, 0.79704510
-0.34534600, 0.04853800, 0.18899000
0.62947700, 0.77682970, 0.01715987
0.22017480, 0.79759560
-0.33215100, 0.03813900, 0.17569600
0.62947700, 0.77682970, 0.01715987
0.21521770, 0.80175610
-0.34519700, 0.06077800, -0.37876400
0.68998210, -0.27334920, -0.67022750
0.00845283, 0.79269810
-0.38302500, -0.06348300, -0.36702900
0.68998210, -0.27334920, -0.67022750
0.01282906, 0.84241690
-0.39622000, -0.05710500, -0.38321400
0.68998210, -0.27334920, -0.67022750
0.00679364, 0.83986510
-0.38302500, -0.06348300, -0.36702900
0.64698950, -0.26450370, -0.71515200
0.01282906, 0.84241690
-0.34519700, 0.06077800, -0.37876400
0.64698950, -0.26450370, -0.71515200
0.00845283, 0.79269810
-0.33200200, 0.04991400, -0.36280900
0.64698950, -0.26450370, -0.71515200
0.01440297, 0.79704510
-0.39622000, -0.05710500, -0.38321400
0.68528750, -0.26672680, -0.67767090
0.00679364, 0.83986510
-0.38600500, -0.15184500, -0.33559500
0.68528750, -0.26672680, -0.67767090
0.02455132, 0.87777200
-0.39920000, -0.14896300, -0.35007200
0.68528750, -0.26672680, -0.67767090
0.01915257, 0.87661900
-0.38600500, -0.15184500, -0.33559500
0.69498930, -0.26168000, -0.66971140
0.02455132, 0.87777200
-0.39622000, -0.05710500, -0.38321400
0.69498930, -0.26168000, -0.66971140
0.00679364, 0.83986510
-0.38302500, -0.06348300, -0.36702900
0.69498930, -0.26168000, -0.66971140
0.01282906, 0.84241690
-0.39920000, -0.14896300, -0.35007200
0.62635410, -0.39425850, -0.67248850
0.01915257, 0.87661900
-0.38302500, -0.19520000, -0.30790000
0.62635410, -0.39425850, -0.67248850
0.03487899, 0.89511920
-0.39622000, -0.19403400, -0.32087300
0.62635410, -0.39425850, -0.67248850
0.03004118, 0.89465270
-0.38302500, -0.19520000, -0.30790000
0.64497640, -0.37941850, -0.66336040
0.03487899, 0.89511920
-0.39920000, -0.14896300, -0.35007200
0.64497640, -0.37941850, -0.66336040
0.01915257, 0.87661900
-0.38600500, -0.15184500, -0.33559500
0.64497640, -0.37941850, -0.66336040
0.02455132, 0.87777200
-0.39622000, -0.19403400, -0.32087300
-0.08844868, -0.99608030, 0.00097696
0.03004118, 0.89465270
-0.38295800, -0.19470900, 0.19152000
-0.08844868, -0.99608030, 0.00097696
0.22111830, 0.89492280
-0.39615200, -0.19352400, 0.20567200
-0.08844868, -0.99608030, 0.00097696
0.22639620, 0.89444850
-0.38295800, -0.19470900, 0.19152000
-0.08900139, -0.99603100, 0.00099133
0.22111830, 0.89492280
-0.39622000, -0.19403400, -0.32087300
-0.08900139, -0.99603100, 0.00099133
0.03004118, 0.89465270
-0.38302500, -0.19520000, -0.30790000
-0.08900139, -0.99603100, 0.00099133
0.03487899, 0.89511920
-0.39615200, -0.19352400, 0.20567200
0.68099930, -0.35234720, 0.64194340
0.22639620, 0.89444850
-0.38593700, -0.15135400, 0.21798100
0.68099930, -0.35234720, 0.64194340
0.23098620, 0.87757550
-0.39913200, -0.14845300, 0.23357100
0.68099930, -0.35234720, 0.64194340
0.23680000, 0.87641480
-0.38593700, -0.15135400, 0.21798100
0.66941270, -0.35296690, 0.65368260
0.23098620, 0.87757550
-0.39615200, -0.19352400, 0.20567200
0.66941270, -0.35296690, 0.65368260
0.22639620, 0.89444850
-0.38295800, -0.19470900, 0.19152000
0.66941270, -0.35296690, 0.65368260
0.22111830, 0.89492280
-0.39615200, -0.19352400, 0.20567200
-0.99781560, -0.06606066, 0.00017477
0.45872570, 0.35683180
-0.39920000, -0.14896300, -0.35007200
-0.99999920, -0.00121507, 0.00012349
0.25437300, 0.34038820
-0.39622000, -0.19403400, -0.32087300
-0.99783020, -0.06583959, 0.00019257
0.26510970, 0.35702010
-0.39913200, -0.14845300, 0.23357100
-0.99998900, -0.00468975, 0.00011713
0.46898450, 0.34019990
-0.39622000, -0.05710500, -0.38321400
-0.97090300, 0.23947310, -0.00008723
0.24218750, 0.30664060
-0.39615200, -0.05659500, 0.24377000
-0.97741940, 0.21128130, 0.00340907
0.47265630, 0.30664060
-0.34519700, 0.06077800, -0.37876400
-0.91559880, 0.40209220, 0.00086715
0.24382270, 0.26299060
-0.34534600, 0.04853800, 0.18899000
-0.89844530, 0.43898850, 0.00922763
0.45259140, 0.26750740
-0.34519700, 0.06077800, -0.37876400
-0.86534270, 0.50116350, 0.00414266
0.76288130, 0.98913420
-0.24106300, 0.23811000, -0.07975200
-0.86816700, 0.49620660, 0.00806599
0.88429650, 0.90600540
-0.24095900, 0.23887800, -0.42452200
-0.86295060, 0.50528760, 0.00086370
0.74430120, 0.90564560
-0.34534600, 0.04853800, 0.18899000
-0.86983100, 0.49324010, 0.01040476
0.99342010, 0.99487200
-0.42135400, 0.04481300, 0.12109400
0.00000012, 0.00000022, -1.00000000
0.69078510, 0.82180360
-0.34593000, 0.09145900, 0.12109400
0.00000012, 0.00000021, -1.00000000
0.63925360, 0.78733440
-0.34593000, 0.04481300, 0.12109400
0.00000013, 0.00000020, -1.00000000
0.63925360, 0.82180360
-0.41417200, 0.08330400, 0.12109400
0.00000011, 0.00000023, -1.00000000
0.68587830, 0.79336090
-0.42135400, 0.04481300, 0.12109400
-0.29125060, -0.27285020, 0.91691110
0.60291780, 0.85788420
-0.36401400, 0.06813600, 0.13377900
0.17860950, 0.00000007, 0.98392000
0.61745320, 0.82920840
-0.40327000, 0.06813600, 0.13377900
-0.24010920, 0.07584858, 0.96777810
0.61745320, 0.82920840
-0.34593000, 0.04481300, 0.12109400
0.27095370, -0.28923930, 0.91810930
0.60291780, 0.85788420
-0.34593000, 0.09145900, 0.12109400
0.27558420, 0.30879740, 0.91032830
0.60291780, 0.80053270
-0.41417200, 0.08330400, 0.12109400
-0.37378690, 0.42205620, 0.82592490
0.60291780, 0.81056000
0.38295700, -0.19470900, 0.19152000
-0.99763990, 0.06866310, -0.00018452
0.22774860, 0.99274310
0.38600500, -0.15184500, -0.33559500
-0.99999890, 0.00146389, -0.00013074
0.03450530, 0.97749290
0.38302600, -0.19520000, -0.30790000
-0.99765580, 0.06843148, -0.00020345
0.04465840, 0.99291780
0.38593700, -0.15135400, 0.21798200
-0.99998720, 0.00504423, -0.00012396
0.23744970, 0.97731830
0.38302600, -0.06348300, -0.36702900
-0.96889320, -0.24747940, 0.00009069
0.02298138, 0.94605600
0.38295700, -0.06299200, 0.22765500
-0.97570170, -0.21907370, -0.00357474
0.24099600, 0.94588140
0.33200200, 0.04991400, -0.36280900
-0.90963670, -0.41540380, -0.00093231
0.02452843, 0.90571210
0.33215100, 0.03813900, 0.17569700
-0.89153560, -0.45284780, -0.00965426
0.22194770, 0.90990110
0.39913200, -0.14845300, 0.23357100
-0.75075500, -0.09685083, 0.65344240
0.24316500, 0.97628620
0.38295700, -0.06299200, 0.22765500
-0.75075500, -0.09685083, 0.65344240
0.24099600, 0.94588140
0.38593700, -0.15135400, 0.21798200
-0.75075500, -0.09685083, 0.65344240
0.23744970, 0.97731830
0.38295700, -0.06299200, 0.22765500
-0.75089410, -0.09688861, 0.65327690
0.24099600, 0.94588140
0.39913200, -0.14845300, 0.23357100
-0.75089410, -0.09688861, 0.65327690
0.24316500, 0.97628620
0.39615200, -0.05659500, 0.24377000
-0.75089410, -0.09688861, 0.65327690
0.24690400, 0.94360540
0.39615200, -0.05659500, 0.24377000
-0.76252590, -0.05175364, 0.64488430
0.24690400, 0.94360540
0.33215100, 0.03813900, 0.17569700
-0.76252590, -0.05175364, 0.64488430
0.22194770, 0.90990110
0.38295700, -0.06299200, 0.22765500
-0.76252590, -0.05175364, 0.64488430
0.24099600, 0.94588140
0.33215100, 0.03813900, 0.17569700
-0.71634380, 0.01727867, 0.69753350
0.22194770, 0.90990110
0.39615200, -0.05659500, 0.24377000
-0.71634380, 0.01727867, 0.69753350
0.24690400, 0.94360540
0.34534600, 0.04853800, 0.18899000
-0.71634380, 0.01727867, 0.69753350
0.22682110, 0.90620170
0.34534600, 0.04853800, 0.18899000
-0.62947580, 0.77683060, 0.01715967
0.22682110, 0.90620170
0.33200200, 0.04991400, -0.36280900
-0.62947580, 0.77683060, 0.01715967
0.02452843, 0.90571210
0.33215100, 0.03813900, 0.17569700
-0.62947580, 0.77683060, 0.01715967
0.22194770, 0.90990110
0.33200200, 0.04991400, -0.36280900
-0.62319300, 0.78188280, 0.01702033
0.02452843, 0.90571210
0.34534600, 0.04853800, 0.18899000
-0.62319300, 0.78188280, 0.01702033
0.22682110, 0.90620170
0.34519700, 0.06077800, -0.37876400
-0.62319300, 0.78188280, 0.01702033
0.01867903, 0.90184700
0.34519700, 0.06077800, -0.37876400
-0.64698950, -0.26450370, -0.71515200
0.01867903, 0.90184700
0.38302600, -0.06348300, -0.36702900
-0.64698950, -0.26450370, -0.71515200
0.02298138, 0.94605600
0.33200200, 0.04991400, -0.36280900
-0.64698950, -0.26450370, -0.71515200
0.02452843, 0.90571210
0.38302600, -0.06348300, -0.36702900
-0.68998210, -0.27334920, -0.67022750
0.02298138, 0.94605600
0.34519700, 0.06077800, -0.37876400
-0.68998210, -0.27334920, -0.67022750
0.01867903, 0.90184700
0.39622100, -0.05710500, -0.38321400
-0.68998210, -0.27334920, -0.67022750
0.01704789, 0.94378700
0.39622100, -0.05710500, -0.38321400
-0.69498930, -0.26168000, -0.66971140
0.01704789, 0.94378700
0.38600500, -0.15184500, -0.33559500
-0.69498930, -0.26168000, -0.66971140
0.03450530, 0.97749290
0.38302600, -0.06348300, -0.36702900
-0.69498930, -0.26168000, -0.66971140
0.02298138, 0.94605600
0.38600500, -0.15184500, -0.33559500
-0.68528750, -0.26672680, -0.67767090
0.03450530, 0.97749290
0.39622100, -0.05710500, -0.38321400
-0.68528750, -0.26672680, -0.67767090
0.01704789, 0.94378700
0.39920000, -0.14896300, -0.35007200
-0.68528750, -0.26672680, -0.67767090
0.02919779, 0.97646780
0.39920000, -0.14896300, -0.35007200
-0.64497640, -0.37941850, -0.66336040
0.02919779, 0.97646780
0.38302600, -0.19520000, -0.30790000
-0.64497640, -0.37941850, -0.66336040
0.04465840, 0.99291780
0.38600500, -0.15184500, -0.33559500
-0.64497640, -0.37941850, -0.66336040
0.03450530, 0.97749290
0.38302600, -0.19520000, -0.30790000
-0.62635270, -0.39425950, -0.67248920
0.04465840, 0.99291780
0.39920000, -0.14896300, -0.35007200
-0.62635270, -0.39425950, -0.67248920
0.02919779, 0.97646780
0.39622100, -0.19403400, -0.32087300
-0.62635270, -0.39425950, -0.67248920
0.03990227, 0.99250290
0.39622100, -0.19403400, -0.32087300
0.08900141, -0.99603100, 0.00099137
0.03990227, 0.99250290
0.38295700, -0.19470900, 0.19152000
0.08900141, -0.99603100, 0.00099137
0.22774860, 0.99274310
0.38302600, -0.19520000, -0.30790000
0.08900141, -0.99603100, 0.00099137
0.04465840, 0.99291780
0.38295700, -0.19470900, 0.19152000
0.08844864, -0.99608030, 0.00097699
0.22774860, 0.99274310
0.39622100, -0.19403400, -0.32087300
0.08844864, -0.99608030, 0.00097699
0.03990227, 0.99250290
0.39615200, -0.19352400, 0.20567200
0.08844864, -0.99608030, 0.00097699
0.23293710, 0.99232140
0.39615200, -0.19352400, 0.20567200
-0.66941330, -0.35296670, 0.65368220
0.23293710, 0.99232140
0.38593700, -0.15135400, 0.21798200
-0.66941330, -0.35296670, 0.65368220
0.23744970, 0.97731830
0.38295700, -0.19470900, 0.19152000
-0.66941330, -0.35296670, 0.65368220
0.22774860, 0.99274310
0.38593700, -0.15135400, 0.21798200
-0.68099860, -0.35234700, 0.64194440
0.23744970, 0.97731830
0.39615200, -0.19352400, 0.20567200
-0.68099860, -0.35234700, 0.64194440
0.23293710, 0.99232140
0.39913200, -0.14845300, 0.23357100
-0.68099860, -0.35234700, 0.64194440
0.24316500, 0.97628620
0.39615200, -0.19352400, 0.20567200
0.99781550, -0.06606162, 0.00017503
0.45872570, 0.16571130
0.39920000, -0.14896300, -0.35007200
0.99999920, -0.00121495, 0.00012379
0.25437310, 0.14926770
0.39913200, -0.14845300, 0.23357100
0.99998900, -0.00468992, 0.00011742
0.46898450, 0.14907940
0.39622100, -0.19403400, -0.32087300
0.99783020, -0.06583937, 0.00019293
0.26510980, 0.16589980
0.39622100, -0.05710500, -0.38321400
0.97090300, 0.23947300, -0.00008695
0.24218660, 0.11537090
0.39615200, -0.05659500, 0.24377000
0.97741930, 0.21128150, 0.00340936
0.47265630, 0.11523440
0.34519700, 0.06077800, -0.37876400
0.91559880, 0.40209220, 0.00086742
0.24382270, 0.07187015
0.34534600, 0.04853800, 0.18899000
0.89844540, 0.43898840, 0.00922786
0.45259140, 0.07638687
0.34519700, 0.06077800, -0.37876400
0.86534270, 0.50116340, 0.00414293
0.76280300, 0.89588370
0.24106300, 0.23811000, -0.07975200
0.86816700, 0.49620660, 0.00806623
0.88457490, 0.82579930
0.34534600, 0.04853800, 0.18899000
0.86983100, 0.49324010, 0.01040499
0.99401920, 0.90072120
0.24095900, 0.23887800, -0.42452200
0.86295060, 0.50528760, 0.00086399
0.74416830, 0.82549600
0.42133400, 0.04481300, 0.12109400
0.00000015, 0.00000025, -1.00000000
0.63720070, 0.86287690
0.34591000, 0.09145900, 0.12109400
0.00000014, 0.00000023, -1.00000000
0.69304790, 0.82552090
0.41415200, 0.08330400, 0.12109400
0.00000017, 0.00000028, -1.00000000
0.64251840, 0.83205220
0.34591000, 0.04481300, 0.12109400
0.00000013, 0.00000020, -1.00000000
0.69304790, 0.86287690
0.42133400, 0.04481300, 0.12109400
0.29125050, -0.27285040, 0.91691100
0.57448380, 0.86233330
0.36399400, 0.06813600, 0.13377900
-0.17860930, 0.00000014, 0.98392010
0.59346450, 0.82846490
0.34591000, 0.04481300, 0.12109400
-0.27095410, -0.28923920, 0.91810920
0.57448380, 0.86233320
0.40325000, 0.06813600, 0.13377900
0.24010920, 0.07584865, 0.96777810
0.59346450, 0.82846490
0.34591000, 0.09145900, 0.12109400
-0.27558450, 0.30879730, 0.91032810
0.57448380, 0.79459660
0.41415200, 0.08330400, 0.12109400
0.37378670, 0.42205630, 0.82592490
0.57448380, 0.80643960
-0.33102400, 0.05810900, 0.26409800
-0.11145070, 0.86397050, 0.49105380
0.47951900, 0.62226860
-0.00002000, 0.25355500, -0.00464800
0.01211905, 0.86735180, 0.49754800
0.38213220, 0.50583220
-0.22859000, 0.23621900, -0.03947200
-0.13733400, 0.87386420, 0.46636970
0.36951270, 0.58623580
0.00000000, 0.06572600, 0.31466500
0.00705920, 0.86662210, 0.49891510
0.49784310, 0.50582520
0.22854900, 0.23610100, -0.03973400
0.11932680, 0.86258690, 0.49163500
0.36941770, 0.42542870
0.33092700, 0.05825900, 0.26431200
0.09262023, 0.87275110, 0.47929860
0.47959620, 0.38941560
# Number of Faces:
467
# Face Data:
0, 1, 2
1, 0, 3
4, 5, 6
5, 4, 7
2, 8, 9
8, 2, 1
9, 10, 11
10, 9, 8
11, 12, 13
12, 11, 10
14, 15, 16
17, 18, 19
18, 17, 20
19, 21, 22
21, 19, 18
23, 24, 25
24, 23, 26
27, 28, 29
28, 27, 30
27, 29, 31
31, 24, 27
24, 31, 25
32, 33, 34
35, 36, 37
36, 35, 38
36, 39, 40
39, 36, 38
39, 41, 40
41, 39, 42
42, 43, 41
43, 42, 44
43, 44, 45
43, 46, 47
46, 43, 45
48, 49, 50
49, 48, 51
52, 23, 53
23, 52, 20
20, 26, 23
26, 20, 54
20, 17, 54
55, 56, 57
56, 58, 57
58, 59, 57
59, 60, 57
60, 61, 57
15, 62, 63
62, 15, 14
49, 64, 65
64, 49, 51
22, 66, 67
66, 22, 21
62, 68, 63
67, 69, 70
69, 67, 66
69, 71, 70
71, 69, 72
72, 73, 71
73, 72, 74
75, 76, 77
76, 75, 78
79, 80, 81
80, 79, 82
83, 84, 85
84, 83, 86
81, 87, 88
87, 81, 80
83, 85, 89
90, 71, 73
91, 92, 90
91, 90, 73
93, 94, 95
94, 93, 96
97, 84, 86
98, 99, 100
100, 101, 98
101, 102, 98
102, 101, 103
103, 104, 102
104, 103, 105
105, 106, 104
106, 105, 107
107, 108, 106
108, 109, 106
109, 108, 110
110, 111, 109
111, 110, 112
113, 114, 115
116, 117, 118
116, 118, 119
119, 118, 120
120, 118, 121
118, 122, 121
118, 123, 122
86, 91, 97
91, 86, 92
97, 91, 124
125, 126, 127
128, 1, 3
1, 128, 129
130, 5, 7
5, 130, 131
129, 8, 1
8, 129, 132
132, 10, 8
10, 132, 133
133, 12, 10
12, 133, 134
14, 135, 136
137, 138, 139
138, 137, 140
49, 141, 50
140, 142, 138
142, 140, 143
144, 145, 146
145, 144, 147
148, 149, 150
149, 148, 151
149, 152, 150
144, 152, 149
152, 144, 146
126, 125, 153
154, 155, 156
155, 154, 157
155, 158, 156
158, 155, 159
158, 160, 161
160, 158, 159
161, 162, 163
162, 161, 160
162, 164, 163
162, 165, 164
165, 162, 166
167, 49, 168
49, 167, 141
145, 169, 170
169, 145, 139
147, 139, 145
139, 147, 171
139, 171, 137
34, 172, 125
172, 34, 173
174, 175, 176
176, 175, 177
177, 175, 178
178, 175, 179
179, 175, 180
141, 173, 50
173, 141, 172
136, 62, 14
62, 136, 181
182, 49, 65
49, 183, 168
183, 49, 182
143, 184, 142
184, 143, 185
62, 181, 186
187, 185, 188
185, 187, 184
187, 189, 190
189, 187, 188
190, 191, 192
191, 190, 189
75, 193, 194
193, 75, 77
195, 80, 82
80, 195, 196
197, 198, 199
198, 197, 200
196, 87, 80
87, 196, 201
198, 202, 199
203, 191, 189
204, 203, 205
204, 191, 203
206, 94, 96
94, 206, 207
208, 200, 197
209, 210, 211
210, 209, 212
212, 213, 214
213, 212, 209
214, 215, 216
215, 214, 213
216, 217, 218
217, 216, 215
218, 217, 219
219, 220, 221
220, 219, 217
221, 222, 223
222, 221, 220
224, 225, 226
227, 228, 229
227, 230, 228
230, 231, 228
231, 232, 228
228, 232, 233
228, 233, 234
235, 65, 236
65, 235, 182
236, 224, 235
224, 236, 113
115, 224, 113
200, 204, 205
204, 200, 208
208, 237, 204
238, 169, 239
169, 238, 170
192, 240, 241
240, 192, 191
242, 243, 193
243, 194, 193
78, 244, 76
244, 245, 76
73, 246, 247
246, 73, 74
52, 248, 249
248, 52, 53
127, 34, 125
127, 32, 34
224, 115, 225
113, 250, 114
251, 252, 253
252, 251, 254
254, 255, 252
255, 254, 256
256, 253, 255
253, 256, 251
253, 257, 258
257, 253, 252
252, 259, 257
259, 252, 255
255, 258, 259
258, 255, 253
258, 260, 261
260, 258, 257
257, 262, 260
262, 257, 259
259, 261, 262
261, 259, 258
261, 263, 264
263, 261, 260
260, 265, 263
265, 260, 262
262, 264, 265
264, 262, 261
264, 266, 267
266, 264, 263
263, 268, 266
268, 263, 265
265, 267, 268
267, 265, 264
267, 254, 251
254, 267, 266
266, 256, 254
256, 266, 268
268, 251, 256
251, 268, 267
269, 270, 271
270, 269, 272
273, 274, 275
274, 273, 276
277, 276, 273
276, 277, 278
278, 274, 276
274, 278, 279
279, 275, 274
275, 279, 280
280, 273, 275
273, 280, 277
281, 282, 283
284, 285, 286
285, 284, 287
288, 285, 287
289, 290, 291
290, 289, 292
284, 293, 287
293, 284, 294
283, 295, 281
295, 283, 296
293, 297, 287
297, 293, 298
287, 299, 288
299, 287, 297
300, 301, 302
303, 304, 305
304, 303, 306
307, 306, 303
308, 309, 310
309, 308, 311
312, 304, 306
304, 312, 313
301, 314, 315
314, 301, 300
312, 316, 317
316, 312, 306
306, 318, 316
318, 306, 307
319, 320, 321
320, 319, 322
323, 324, 325
324, 323, 326
327, 328, 329
330, 331, 332
333, 334, 335
334, 333, 336
335, 337, 338
337, 335, 334
338, 339, 340
339, 338, 337
340, 341, 342
341, 340, 339
342, 343, 344
343, 342, 341
344, 345, 346
345, 344, 343
346, 347, 348
347, 346, 345
348, 349, 350
349, 348, 347
350, 351, 352
351, 350, 349
352, 336, 333
336, 352, 351
353, 354, 355
356, 357, 358
357, 356, 359
360, 361, 362
361, 360, 363
362, 364, 365
364, 362, 361
366, 367, 353
353, 367, 354
368, 369, 370
369, 368, 371
370, 372, 373
372, 370, 369
373, 374, 375
374, 373, 372
375, 376, 377
376, 375, 374
377, 378, 379
378, 377, 376
379, 380, 381
380, 379, 378
381, 382, 383
382, 381, 380
383, 384, 385
384, 383, 382
385, 386, 387
386, 385, 384
387, 371, 368
371, 387, 386
388, 389, 390
353, 355, 391
392, 393, 362
393, 392, 394
395, 361, 396
361, 395, 397
397, 364, 361
364, 397, 398
399, 362, 365
362, 399, 392
393, 400, 358
400, 393, 401
402, 357, 403
357, 402, 396
404, 358, 357
358, 404, 405
406, 407, 408
409, 410, 411
396, 412, 413
412, 396, 402
414, 393, 415
393, 414, 401
365, 416, 417
416, 365, 364
407, 418, 419
418, 407, 406
410, 420, 421
420, 410, 409
407, 419, 422
423, 292, 289
292, 423, 424
425, 420, 409
426, 311, 427
311, 426, 309
428, 429, 430
429, 428, 431
430, 432, 433
432, 430, 429
433, 434, 435
434, 433, 432
436, 437, 438
439, 440, 441
442, 443, 444
445, 446, 447
448, 449, 450
451, 452, 453
454, 455, 456
457, 458, 459
460, 461, 462
463, 464, 465
466, 467, 468
469, 470, 471
472, 473, 474
475, 476, 477
478, 479, 480
481, 482, 483
484, 485, 486
485, 484, 487
487, 488, 485
488, 487, 489
489, 490, 488
490, 489, 491
492, 493, 494
493, 492, 495
496, 497, 498
497, 496, 499
500, 501, 502
501, 500, 503
503, 504, 501
504, 502, 501
502, 504, 505
505, 500, 502
506, 507, 508
507, 506, 509
509, 510, 507
510, 509, 511
511, 512, 510
512, 511, 513
514, 515, 516
517, 518, 519
520, 521, 522
523, 524, 525
526, 527, 528
529, 530, 531
532, 533, 534
535, 536, 537
538, 539, 540
541, 542, 543
544, 545, 546
547, 548, 549
550, 551, 552
553, 554, 555
556, 557, 558
559, 560, 561
562, 563, 564
563, 562, 565
564, 566, 567
566, 564, 563
567, 568, 569
568, 567, 566
570, 571, 572
571, 570, 573
574, 575, 576
575, 574, 577
578, 579, 580
579, 578, 581
580, 579, 582
582, 581, 583
581, 582, 579
583, 581, 578
584, 585, 586
585, 584, 587
587, 588, 585
588, 587, 589
