# Project Zomboid Mesh
# File Version:
1.00000000
# Model Name:
Vehicles_PickUpVan
# Vertex Stride Element Count:
3
# Vertex Stride Size (in bytes):
76
# Vertex Stride Data:
# (Int)    Offset
# (String) Type
0
VertexArray
12
NormalArray
24
TextureCoordArray
# Vertex Count:
731
# Vertex Buffer:
-0.11241200, 0.31591800, 0.32240900
-0.18608050, 0.46879970, 0.86348190
0.65278760, 0.52473410
0.00000000, 0.31916800, 0.32859900
-0.00139053, 0.51093300, 0.85961940
0.69396080, 0.52700010
0.00000000, 0.31916700, -0.07906900
-0.00000001, 0.99998260, -0.00590371
0.69396100, 0.37774710
-0.25097800, 0.30400100, -0.07906900
-0.30615880, 0.95197220, -0.00396817
0.60186850, 0.37774800
-0.25097800, 0.30400100, 0.27598000
-0.47819060, 0.63759890, 0.60398790
0.60186850, 0.50773640
-0.39879400, -0.32130500, -0.11238100
-0.00000002, -0.99968480, -0.02510486
0.30142420, 0.70868740
-0.39879400, -0.32130500, 0.37104100
-0.44721360, 0.89442720, 0.00000000
0.30116730, 0.81631800
-0.39879400, -0.32130500, -0.07311200
0.98889920, -0.14858780, -0.00000014
0.30116730, 0.71791240
-0.39879400, -0.32130500, 0.41198500
-0.00005326, -0.99865960, 0.05175941
0.30166580, 0.82625660
-0.27490700, 0.28902000, -0.07779900
-0.75461190, 0.65600290, -0.01486967
0.59153230, 0.37821340
-0.27490600, 0.28902000, 0.24201100
-0.74453310, 0.66058670, 0.09641479
0.59153230, 0.49530040
-0.40530500, -0.07730100, 1.04729500
-0.11337910, -0.03816817, 0.99281840
0.55713960, 0.91368740
-0.30234300, 0.00764700, 1.05515700
-0.10793690, 0.03888548, 0.99339700
0.59100480, 0.88554890
-0.40530500, -0.07730100, 1.04729500
-0.10793590, 0.03888425, 0.99339710
0.55713960, 0.91368740
0.00000000, 0.02364200, 1.08738200
-0.00226638, 0.06499457, 0.99788300
0.69020620, 0.88031140
0.00000000, -0.07730100, 1.09413100
-0.00110306, -0.00567416, 0.99998330
0.69020620, 0.91375670
-0.36880200, 0.06420400, -1.07922900
-0.68626890, 0.28146530, -0.67068040
0.52607100, 0.37286400
0.00000000, -0.07730500, -1.09827000
0.00000000, 0.00801302, -0.99996790
0.41532540, 0.41667220
-0.39351100, -0.07730500, -1.08834200
-0.02115798, 0.04072627, -0.99894630
0.53352270, 0.41658820
0.00000000, 0.07506700, -1.09827000
0.00000001, 0.13716820, -0.99054780
0.41532540, 0.36957360
0.00000000, 0.09068100, 0.49857200
0.00000003, 0.98507120, 0.17214750
0.69108360, 0.66986310
-0.11241200, 0.09068100, 0.49238200
-0.05286423, 0.96992520, 0.23759330
0.65316270, 0.66772260
0.00000000, 0.08452000, 0.53382800
0.00000003, 0.98048400, 0.19659890
0.69108340, 0.68205170
-0.30158100, 0.06905500, 0.53379700
-0.15755230, 0.98457240, 0.07612114
0.58934960, 0.68204120
-0.30043900, 0.07440100, 0.44595300
-0.25997810, 0.87552300, 0.40727250
0.58973480, 0.65167120
-0.37000400, 0.05327100, 0.57005300
-0.67336760, 0.73745460, 0.05231496
0.56626800, 0.69457580
-0.36880200, 0.06420400, 0.41198400
-0.83159300, 0.52692220, 0.17551650
0.56667360, 0.63992640
-0.36880200, 0.06420400, 0.41198400
-0.83159300, 0.52692220, 0.17551650
0.34964360, 0.10270600
-0.40537100, -0.07730400, 0.57005300
-0.98255180, 0.18180600, -0.03922552
0.38607310, 0.13546590
-0.37000400, 0.05327100, 0.57005300
-0.67336760, 0.73745460, 0.05231496
0.38607310, 0.10523730
-0.39879400, -0.07730400, 0.41198400
-0.99305140, 0.11338510, -0.03150887
0.34964360, 0.13546590
-0.20799600, -0.30549400, 0.57042300
-0.00003822, -0.99505290, 0.09934652
0.35672210, 0.86049270
-0.41965700, -0.30549400, 0.57005500
-0.00017304, -0.99503680, 0.09950728
0.29509250, 0.86041120
-0.37535000, 0.01389300, 0.98168400
-0.64452400, 0.76002920, 0.08333305
0.56446490, 0.83688930
-0.30119500, 0.02654300, 0.98117800
-0.14354740, 0.97881520, 0.14599650
0.58947970, 0.83671440
-0.40534200, -0.07730600, 0.98168400
-0.97795000, 0.20714170, 0.02657447
0.48094040, 0.13546640
-0.37535000, 0.01389300, 0.98168400
-0.64452400, 0.76002920, 0.08333305
0.48094040, 0.11435340
-0.37620000, 0.00374000, 1.04728500
-0.63234030, 0.76229290, 0.13804100
0.56414320, 0.85987230
-0.30234300, 0.00764700, 1.05515700
-0.07729609, 0.96628420, 0.24560180
0.58906450, 0.86253450
-0.40530500, -0.07730100, 1.04729500
-0.98757860, 0.15510460, 0.02512243
0.49606130, 0.13546510
-0.40530500, -0.07730100, 1.04729500
-0.94038580, 0.33773870, 0.04008853
0.49606130, 0.13546510
-0.37620000, 0.00374000, 1.04728500
-0.63234030, 0.76229290, 0.13804100
0.49605890, 0.11670380
-0.41962800, -0.30654800, 0.98168600
0.00151315, -0.77417190, 0.63297360
0.29510090, 0.95161130
-0.20796700, -0.30654800, 0.98118000
-0.04215181, -0.87030930, 0.49069850
0.35673060, 0.95149920
-0.40530500, -0.26461700, 1.03293600
-0.01152797, -0.79799650, 0.60255180
0.30090010, 0.96213080
0.00000000, -0.26461700, 1.07977300
0.00000014, -0.90895630, 0.41689130
0.41728460, 0.97334330
-0.40530500, -0.26461700, 1.03293600
-0.11446370, -0.07592826, 0.99052160
0.55714820, 0.97577210
0.00000000, -0.26461700, 1.07977300
0.00000019, -0.07643060, 0.99707490
0.69020620, 0.97582020
-0.41962800, -0.30654800, 0.98168600
-0.98170730, 0.02104218, 0.18923000
0.48094080, 0.18853690
-0.40530500, -0.26461700, 1.03293600
-0.95808060, -0.02189765, 0.28566060
0.49275200, 0.17882970
-0.41965700, -0.30549400, 0.57005500
-0.99268220, 0.02804118, -0.11745590
0.38607350, 0.18829300
-0.39879400, -0.32130500, 0.41198500
-0.99785950, 0.00153246, -0.06537572
0.34964390, 0.19195350
0.00000000, -0.26041700, -1.09826800
0.00000002, -0.64500240, -0.76418050
0.41532540, 0.47327260
-0.39879400, -0.26041700, -1.09236300
-0.01051535, -0.66020880, -0.75100850
0.53514430, 0.47311790
-0.41989800, -0.12981000, 0.89378500
-0.97617690, 0.21437080, 0.03352370
0.46068250, 0.14762130
-0.41990300, -0.13013800, 0.64071000
-0.97602500, 0.21378430, -0.04088235
0.40235750, 0.14769720
-0.41990800, -0.15966300, 0.60907600
-0.97795130, 0.08152479, -0.19226280
0.39506650, 0.15453250
-0.41989600, -0.15945500, 0.92542000
-0.98704370, 0.07936608, 0.13944840
0.46797340, 0.15448420
-0.20799600, -0.30549400, 0.57042300
-0.99556620, -0.09368874, 0.00838546
0.35672210, 0.86049270
-0.20798100, -0.28743400, 0.77391900
-0.99835000, -0.05742166, -0.00005476
0.35672630, 0.90557900
-0.22390600, -0.13014000, 0.64069600
-0.99529500, -0.09677635, 0.00470754
0.35208880, 0.87255810
-0.22390000, -0.12981300, 0.89377200
-0.99527320, -0.09700503, -0.00461968
0.35209140, 0.93563770
-0.20796700, -0.30654800, 0.98118000
-0.99852090, -0.05414832, -0.00490221
0.35673060, 0.95149920
-0.41962800, -0.30654800, 0.98168600
-0.04929906, -0.40053340, -0.91495500
0.29510090, 0.95161130
-0.22390000, -0.12981300, 0.89377200
-0.02135025, -0.84513820, -0.53412130
0.35209140, 0.93563770
-0.20796700, -0.30654800, 0.98118000
-0.00214260, -0.44347100, -0.89628620
0.35673060, 0.95149920
-0.41989600, -0.15945500, 0.92542000
-0.05599031, -0.53191720, -0.84494330
0.29502280, 0.93914520
-0.41989800, -0.12981000, 0.89378500
-0.00003847, -0.93020400, -0.36704280
0.29502240, 0.93213630
-0.22390600, -0.13014000, 0.64069600
-0.04903633, -0.83547360, 0.54733840
0.35208880, 0.87255810
-0.41990300, -0.13013800, 0.64071000
0.00001256, -0.93009850, 0.36731010
0.29502080, 0.87606540
-0.41990800, -0.15966300, 0.60907600
-0.02518139, -0.51145200, 0.85894280
0.29501920, 0.86905660
-0.20799600, -0.30549400, 0.57042300
-0.49033500, -0.28726460, 0.82283090
0.35672210, 0.86049270
-0.41965700, -0.30549400, 0.57005500
-0.00167821, -0.25848510, 0.96601380
0.29509250, 0.86041120
-0.41293000, -0.30815000, -0.37848000
-0.00000010, -0.99878030, -0.04937521
0.29705120, 0.65025540
-0.20126900, -0.30815000, -0.37848000
-0.00000004, -0.99878030, -0.04937516
0.35868080, 0.65025540
-0.41293000, -0.30815000, -0.37848000
-0.99801470, 0.03768563, 0.05046171
0.16746830, 0.18890790
-0.39879400, -0.07730400, -0.11238200
-0.99374530, 0.11123010, 0.00991084
0.22879440, 0.13546590
-0.39879400, -0.07730400, -0.37846600
-0.98766310, 0.15505680, 0.02188406
0.16747150, 0.13546590
-0.39879400, -0.32130500, -0.11238100
-0.99960430, 0.00156903, 0.02808430
0.22879490, 0.19195350
-0.36883000, 0.06393800, -0.37846200
-0.95445810, 0.29834480, 0.00026029
0.16747150, 0.10270610
-0.36880200, 0.06420400, -0.10987100
-0.95464340, 0.29774510, -0.00195522
0.22937350, 0.10270600
-0.36880200, 0.06420400, -0.79415600
-0.95433830, 0.29872400, -0.00155160
0.07166876, 0.10270610
-0.39879400, -0.07730500, -0.79415600
-0.98721520, 0.15652960, -0.03007684
0.07166876, 0.13546600
-0.20129800, -0.30754500, -0.79415500
-0.02151461, -0.96944250, 0.24437350
0.35867230, 0.55815920
-0.39879400, -0.26041700, -1.09236300
-0.01051535, -0.66020880, -0.75100850
0.30160990, 0.49311510
0.00000000, -0.26041700, -1.09826800
0.00000002, -0.64500240, -0.76418050
0.41728460, 0.49078110
-0.41295900, -0.30754500, -0.79415500
0.00000031, -0.83517370, 0.54998640
0.29704260, 0.55815920
-0.41295900, -0.30754500, -0.79415500
-0.99692420, 0.05184038, -0.05877616
0.07166882, 0.18876770
-0.39351100, -0.07730500, -1.08834200
-0.99398670, 0.10654230, -0.02528360
0.00386874, 0.13546620
-0.39879400, -0.26041700, -1.09236300
-0.99864350, 0.02974707, -0.04273619
0.00294204, 0.17785750
-0.36880200, 0.06420400, -1.07922900
-0.68626890, 0.28146530, -0.67068040
0.00596900, 0.10270610
-0.41320000, -0.13112200, -0.46775200
-0.97768840, 0.20751410, 0.03260640
0.14689410, 0.14792500
-0.41320600, -0.13144900, -0.72082700
-0.97751860, 0.20718550, -0.03913556
0.08856874, 0.14800080
-0.41321100, -0.16097500, -0.75246100
-0.98060720, 0.07975699, -0.17902070
0.08127805, 0.15483600
-0.41319900, -0.16076600, -0.43611700
-0.98787490, 0.07762624, 0.13445230
0.15418480, 0.15478780
-0.20129800, -0.30754500, -0.79415500
-0.99836210, -0.05721091, 0.00005781
0.35867230, 0.55815920
-0.20128400, -0.30758800, -0.58761800
-0.99898580, -0.04502749, 0.00006221
0.35867650, 0.60391940
-0.21720800, -0.13145200, -0.72084000
-0.99594420, -0.08997325, 0.00009162
0.35403900, 0.57089840
-0.21720300, -0.13112500, -0.46776500
-0.99595710, -0.08983068, -0.00002322
0.35404160, 0.63397810
-0.20126900, -0.30815000, -0.37848000
-0.99845000, -0.05565600, -0.00007909
0.35868080, 0.65025540
-0.41293000, -0.30815000, -0.37848000
-0.04732362, -0.40761750, -0.91192570
0.29705120, 0.65025540
-0.21720300, -0.13112500, -0.46776500
-0.02038386, -0.84699260, -0.53121370
0.35404160, 0.63397810
-0.20126900, -0.30815000, -0.37848000
-0.00000020, -0.45032620, -0.89286410
0.35868080, 0.65025540
-0.41319900, -0.16076600, -0.43611700
-0.05510279, -0.53545620, -0.84276350
0.29697290, 0.63748570
-0.41320000, -0.13112200, -0.46775200
-0.00003809, -0.93020450, -0.36704160
0.29697260, 0.63047670
-0.21720800, -0.13145200, -0.72084000
-0.04742622, -0.83885090, 0.54229150
0.35403900, 0.57089840
-0.41320600, -0.13144900, -0.72082700
0.00001195, -0.93009860, 0.36731000
0.29697090, 0.57440600
-0.41321100, -0.16097500, -0.75246100
-0.02408320, -0.51860450, 0.85467500
0.29696940, 0.56739710
-0.28656200, 0.26844600, 0.22395500
-0.88422190, 0.46572390, 0.03539738
0.30630910, 0.05542308
-0.36906800, 0.06388500, 0.37182200
-0.95223220, 0.30535910, 0.00311775
0.34038770, 0.10277990
-0.27490600, 0.28902000, 0.24201100
-0.74453310, 0.66058670, 0.09641479
0.31047010, 0.05065995
-0.28656200, 0.26844600, -0.04477800
-0.89489540, 0.44458000, -0.03887001
0.24437530, 0.05542308
-0.27490700, 0.28902000, -0.07779900
-0.75461190, 0.65600290, -0.01486967
0.23676490, 0.05065995
-0.36906800, 0.06388500, -0.07274400
-0.95409290, 0.29940370, -0.00801775
0.23792970, 0.10277990
-0.39859300, -0.07741500, -0.07295000
-0.99458120, 0.10386590, 0.00448068
0.23788240, 0.13549170
-0.39859300, -0.30601700, -0.07294800
-0.99996810, 0.00771207, 0.00209366
0.23788280, 0.18841420
-0.39879400, -0.32130500, 0.37104100
-0.99991410, 0.01311145, 0.00000008
0.34020750, 0.19195350
-0.39859300, -0.30601700, 0.37074300
-0.99996800, 0.00775343, -0.00198631
0.34013880, 0.18841420
-0.39859300, -0.07741500, 0.37074100
-0.99472560, 0.10244440, -0.00511097
0.34013860, 0.13549170
-0.39879400, -0.32130500, -0.07311200
-0.99991410, 0.01311142, 0.00000009
0.23784520, 0.19195350
-0.28656200, 0.26844600, 0.22395500
0.61145140, -0.79128200, -0.00000010
0.97427790, 0.53547720
-0.25066600, 0.29618400, -0.04477800
0.34751600, -0.93767400, 0.00000003
0.96390970, 0.47404130
-0.25066500, 0.29618400, 0.27147100
0.08297037, -0.93419460, 0.34698170
0.96390370, 0.54634090
-0.28656200, 0.26844600, -0.04477800
0.61145220, -0.79128130, 0.00000009
0.97427790, 0.47404300
-0.28656200, 0.26844600, -0.04477800
0.13488700, -0.17792250, 0.97475590
0.55862390, 0.21438180
-0.35075400, 0.06656500, -0.07274400
0.01731539, -0.13683250, 0.99044290
0.54400940, 0.26098120
-0.25066600, 0.29618400, -0.04477800
0.02978928, -0.13081670, 0.99095890
0.56687530, 0.20810890
-0.36906800, 0.06388500, -0.07274400
0.02103198, -0.14374760, 0.98939090
0.53982950, 0.26159570
-0.39859300, -0.30601700, -0.07294800
-0.05247286, 0.99861040, 0.00489451
0.97485170, 0.97077870
-0.30096800, -0.30333800, 0.42697400
-0.01011235, 0.99994890, 0.00018255
0.95655850, 0.89088880
-0.35080000, -0.30333800, -0.07294800
-0.02969809, 0.99955450, 0.00296022
0.96671390, 0.97213710
-0.39859300, -0.30601700, 0.37074300
-0.02743613, 0.99962350, -0.00000012
0.97343470, 0.89592920
-0.39859300, -0.30601700, 0.37074300
0.49911770, -0.00000528, -0.86653420
0.97343470, 0.89592920
-0.30096800, -0.07473600, 0.42697300
0.32316400, -0.17352790, -0.93029730
0.95855620, 0.85386340
-0.30096800, -0.30333800, 0.42697400
0.34988160, -0.00000572, -0.93679390
0.95655850, 0.89088880
-0.39859300, -0.07741500, 0.37074100
0.44898420, -0.10133140, -0.88777540
0.97663380, 0.85506680
-0.30092800, 0.06656500, 0.37754700
0.17385450, -0.23239940, -0.95695620
0.95991600, 0.82969560
-0.36906800, 0.06388500, 0.37182200
0.08411845, -0.00995862, -0.99640600
0.97107190, 0.83086940
-0.36906800, 0.06388500, 0.37182200
-0.02951287, 0.99309260, -0.11356090
0.97107190, 0.83086940
-0.30043900, 0.07440100, 0.44595300
-0.04977394, 0.99231030, -0.11332630
0.95939390, 0.81847440
-0.30092800, 0.06656500, 0.37754700
-0.03117297, 0.99072730, -0.13224070
0.95991600, 0.82969560
0.00000000, 0.30921700, -0.04477800
0.00000001, -0.99996980, 0.00777385
0.90648550, 0.47403380
-0.11166600, 0.30923600, 0.31844900
-0.05296157, -0.84697910, 0.52898160
0.93199930, 0.55707000
0.00000000, 0.06651200, -0.07274500
0.00000013, -0.11751900, 0.99307070
0.62417200, 0.26098260
0.00000000, 0.30921700, -0.04477800
0.00000013, -0.11447080, 0.99342660
0.62417190, 0.20514330
0.00000000, -0.30339100, -0.07294900
0.00000430, 1.00000000, -0.00000495
0.90772510, 0.97433240
0.00000000, -0.30339100, 0.48479600
0.00000405, 1.00000000, -0.00000533
0.90894540, 0.88521360
0.00000000, -0.07478800, 0.48479400
-0.00000010, -0.25206280, -0.96771090
0.90920390, 0.85086500
0.00000000, -0.30339100, 0.48479600
-0.00000007, -0.00000601, -1.00000000
0.90894540, 0.88521360
0.00000000, 0.06651200, 0.40291700
-0.00000007, -0.45351840, -0.89124690
0.90934690, 0.82546370
-0.11241200, 0.09068100, 0.49238200
0.01040316, 0.97396240, -0.22647070
0.92813580, 0.81043680
0.00000000, 0.06651200, 0.40291700
-0.00000003, 0.97044900, -0.24130610
0.90934690, 0.82546370
0.00000000, 0.31226100, 0.32488100
-0.00091846, -0.84588070, 0.53337140
0.90648530, 0.55854270
0.00000000, 0.09068100, 0.49857200
-0.00000004, 0.96953100, -0.24496860
0.90934560, 0.80933540
0.39879400, -0.32130500, 0.41198500
0.00005329, -0.99866370, 0.05168054
0.53286040, 0.82620590
0.39879400, -0.32130500, -0.11238100
0.00000002, -0.99968550, -0.02508001
0.53312710, 0.70870580
0.11241200, 0.31591800, 0.32240900
0.18750500, 0.46912310, 0.86299790
0.73513440, 0.52473410
0.25097800, 0.30400100, -0.07906900
0.30615900, 0.95197210, -0.00396818
0.78605300, 0.37774800
0.25097800, 0.30400100, 0.27598000
0.47819060, 0.63759870, 0.60398810
0.78605300, 0.50773640
0.39879400, -0.32130500, 0.37104100
0.10144340, 0.99484130, -0.00000009
0.53340210, 0.81631800
0.39879400, -0.32130500, -0.07311200
-0.98889920, 0.14858770, 0.00000014
0.53340210, 0.71791240
0.27490600, 0.28902000, -0.07779900
0.75449710, 0.65613990, -0.01465004
0.79638880, 0.37821340
0.27490700, 0.28902000, 0.24201100
0.74453300, 0.66058680, 0.09641454
0.79638880, 0.49530040
0.30221900, 0.00765400, 1.05517000
0.11274510, 0.04746579, 0.99248960
0.78947760, 0.88570500
0.40530500, -0.07730100, 1.04729500
0.02083599, -0.05825403, 0.99808430
0.82326090, 0.91387590
0.37620000, 0.00374000, 1.04728500
0.10793770, 0.03888488, 0.99339690
0.81377880, 0.88702530
0.40530500, -0.07730100, 1.04729500
0.04140349, -0.06911978, 0.99674880
0.82326080, 0.91387590
0.36880200, 0.06420400, -1.07922900
0.68598140, 0.27953600, -0.67178060
0.30457850, 0.37290570
0.39351100, -0.07730500, -1.08834200
0.02115797, 0.04072629, -0.99894630
0.29711580, 0.41656380
0.11241200, 0.09068100, 0.49238200
0.05286428, 0.96992520, 0.23759330
0.72900380, 0.66772260
0.30158100, 0.06905500, 0.53379700
0.15755230, 0.98457240, 0.07612112
0.79281720, 0.68204120
0.30043900, 0.07440100, 0.44595300
0.15030380, 0.98668190, 0.06218929
0.79243200, 0.65167120
0.37000400, 0.05327100, 0.57005300
0.67336750, 0.73745470, 0.05231487
0.81589910, 0.69457580
0.36880200, 0.06420400, 0.41198400
0.88457570, 0.46616890, 0.01457284
0.81549320, 0.63992640
0.36880200, 0.06420400, 0.41198400
0.88457570, 0.46616890, 0.01457284
0.65080620, 0.10277610
0.40537100, -0.07730400, 0.57005300
0.98274910, 0.18060990, -0.03980207
0.61437810, 0.13553460
0.39879400, -0.07730400, 0.41198400
0.99313410, 0.11280410, -0.03098088
0.65080620, 0.13553460
0.37000400, 0.05327100, 0.57005300
0.67336750, 0.73745470, 0.05231487
0.61437810, 0.10530720
0.41878500, -0.30549400, 0.57005500
0.00017378, -0.99503670, 0.09950813
0.53922280, 0.86041120
0.20799600, -0.30549400, 0.57042300
0.00003841, -0.99505290, 0.09934673
0.47784710, 0.86049270
0.37535000, 0.01389300, 0.98168400
0.64452400, 0.76002930, 0.08333263
0.81770240, 0.83688930
0.30119500, 0.02654300, 0.98117800
0.14351300, 0.97881230, 0.14604960
0.79268690, 0.83671440
0.40534200, -0.07730600, 0.98168400
0.97820470, 0.20586510, 0.02711210
0.51951510, 0.13553510
0.37535000, 0.01389300, 0.98168400
0.64452400, 0.76002930, 0.08333263
0.51951510, 0.11442300
0.20799600, -0.38669600, 0.67367100
-0.00000007, -0.94413920, -0.32954700
0.47784700, 0.88709080
-0.20796700, -0.38775000, 0.87716500
0.00000012, -0.94642370, 0.32292760
0.35673060, 0.92845410
-0.20799600, -0.38669600, 0.67367100
-0.00000012, -0.94413920, -0.32954680
0.35672210, 0.88709080
0.20796700, -0.38775000, 0.87716500
0.00000012, -0.94642370, 0.32292740
0.47783860, 0.92845410
0.37620000, 0.00374000, 1.04728500
0.63234040, 0.76229300, 0.13804030
0.81802950, 0.85974360
0.30221900, 0.00765400, 1.05517000
0.07729648, 0.96628430, 0.24560130
0.79306500, 0.86243560
0.40530500, -0.07730100, 1.04729500
0.98138300, 0.19016070, 0.02695160
0.50439480, 0.13553380
0.37620000, 0.00374000, 1.04728500
0.63234040, 0.76229300, 0.13804030
0.50439660, 0.11677320
0.41875600, -0.30654800, 0.98168500
-0.00151944, -0.77416010, 0.63298800
0.53921430, 0.95161130
0.40530500, -0.26461700, 1.03293600
0.01161146, -0.79814490, 0.60235370
0.53381050, 0.96219840
0.20796700, -0.30654800, 0.98117900
0.04215144, -0.87030870, 0.49069950
0.47783860, 0.95149920
0.40530500, -0.26461700, 1.03293600
0.11442860, -0.07592855, 0.99052560
0.82319190, 0.97595480
0.41875600, -0.30654800, 0.98168500
0.98298620, 0.01973815, 0.18261600
0.51951490, 0.18860340
0.40530500, -0.26461700, 1.03293600
0.96275780, -0.02066457, 0.26957440
0.50770370, 0.17889650
0.41878500, -0.30549400, 0.57005500
0.99295010, 0.02632689, -0.11557270
0.61437770, 0.18835950
0.39879400, -0.32130500, 0.41198500
0.99802770, 0.00153225, -0.06275532
0.65080590, 0.19201970
0.39879400, -0.26041700, -1.09236300
0.01052516, -0.65962930, -0.75151740
0.29549750, 0.47309960
0.41989800, -0.12981000, 0.89378500
0.97617670, 0.21437140, 0.03352337
0.53977190, 0.14768950
0.41990300, -0.13013800, 0.64071000
0.97602480, 0.21378530, -0.04088258
0.59809480, 0.14776530
0.41990900, -0.15966300, 0.60907600
0.97717230, 0.07905227, -0.19719280
0.60538520, 0.15460030
0.41989600, -0.15945500, 0.92541900
0.98675980, 0.07709306, 0.14269440
0.53248160, 0.15455210
0.20799600, -0.30549400, 0.57042300
0.78390730, -0.24042100, 0.57243960
0.47784710, 0.86049270
0.22390600, -0.13014000, 0.64069600
0.58343810, -0.69373470, 0.42229390
0.48248030, 0.87255810
0.20798200, -0.28743400, 0.77391900
0.99869240, -0.05112285, -0.00002667
0.47784280, 0.90557900
0.22390000, -0.12981300, 0.89377200
0.57961730, -0.70296910, -0.41216290
0.48247780, 0.93563770
0.20796700, -0.30654800, 0.98117900
0.75452420, -0.32196270, -0.57186820
0.47783860, 0.95149920
0.41875600, -0.30654800, 0.98168500
0.04928181, -0.40074840, -0.91486170
0.53921430, 0.95161130
0.41989600, -0.15945500, 0.92541900
0.05584978, -0.53247570, -0.84460080
0.53954650, 0.93914520
0.41989800, -0.12981000, 0.89378500
0.00003804, -0.93020410, -0.36704270
0.53954680, 0.93213630
0.41990300, -0.13013800, 0.64071000
-0.00001270, -0.93009870, 0.36730970
0.53954850, 0.87606540
0.41990900, -0.15966300, 0.60907600
0.02522676, -0.51190320, 0.85867260
0.53955020, 0.86905660
0.41878500, -0.30549400, 0.57005500
0.00168533, -0.25849460, 0.96601120
0.53922280, 0.86041120
0.20126900, -0.30815000, -0.37848000
0.00000002, -0.99878030, -0.04937516
0.47588840, 0.65025540
0.41205800, -0.30815000, -0.37848000
0.00000008, -0.99878030, -0.04937521
0.53726420, 0.65025540
0.39879400, -0.07730400, -0.11238300
0.99379890, 0.11078760, 0.00948061
0.77164990, 0.13553460
0.41205800, -0.30815000, -0.37848000
0.99811120, 0.03536433, 0.05023242
0.83297370, 0.18897450
0.39879400, -0.07730400, -0.37846600
0.98786530, 0.15368950, 0.02239983
0.83297030, 0.13553460
0.39879400, -0.32130500, -0.11238100
0.99964820, 0.00156896, 0.02647649
0.77164950, 0.19201970
0.36880200, 0.06420400, -0.37846600
0.95441890, 0.29847030, -0.00024990
0.83297030, 0.10277620
0.36880200, 0.06420400, -0.10987100
0.95472740, 0.29747760, -0.00162720
0.77107130, 0.10277610
-0.20126900, -0.38693700, -0.47688300
0.00000005, -0.94402460, 0.32987500
0.35868080, 0.62845340
0.20129800, -0.38633100, -0.69594700
0.00000000, -0.94293810, -0.33296800
0.47589690, 0.57991840
0.20126900, -0.38693700, -0.47688300
0.00000000, -0.94402460, 0.32987520
0.47588840, 0.62845340
-0.20129800, -0.38633100, -0.69594700
0.00000000, -0.94293810, -0.33296800
0.35867230, 0.57991840
0.20126900, -0.38692900, -0.47993000
0.74377850, 0.66842330, 0.00194718
0.47588850, 0.62777840
0.36880200, 0.06420400, -0.79415600
0.95474110, 0.29743820, 0.00030881
0.92876890, 0.10277620
0.39879400, -0.07730500, -0.79415600
0.98738800, 0.15532610, -0.03064045
0.92876890, 0.13553460
0.20129800, -0.30754500, -0.79415500
0.02151468, -0.96944240, 0.24437370
0.47589690, 0.55815920
0.39879400, -0.26041700, -1.09236300
0.01052516, -0.65962930, -0.75151740
0.53295650, 0.49312160
0.41208700, -0.30754500, -0.79415500
0.00000023, -0.83474880, 0.55063100
0.53727260, 0.55815920
0.41208700, -0.30754500, -0.79415500
0.99703660, 0.04918431, -0.05915187
0.92876880, 0.18883420
0.39351100, -0.07730500, -1.08834200
0.99409620, 0.10571980, -0.02441464
0.99656620, 0.13553480
0.39879400, -0.26041700, -1.09236300
0.99876530, 0.02968660, -0.03983115
0.99749270, 0.17792430
0.36880200, 0.06420400, -1.07922900
0.68598140, 0.27953600, -0.67178060
0.99446590, 0.10277620
0.41320000, -0.13112200, -0.46775200
0.97768860, 0.20751360, 0.03260628
0.85354680, 0.14799320
0.41320500, -0.13144900, -0.72082700
0.97751870, 0.20718490, -0.03913555
0.91186970, 0.14806890
0.41321100, -0.16097500, -0.75246100
0.97994240, 0.07732724, -0.18366660
0.91916010, 0.15490380
0.41319800, -0.16076600, -0.43611700
0.98760940, 0.07537329, 0.13764630
0.84625660, 0.15485560
0.20129800, -0.30754500, -0.79415500
0.99836210, -0.05721103, 0.00005763
0.47589690, 0.55815920
0.21720800, -0.13145200, -0.72084000
0.99607310, -0.08851075, 0.00204045
0.48053020, 0.57089840
0.20128400, -0.30758800, -0.58761800
0.99905300, -0.04350095, 0.00087681
0.47589270, 0.60391940
0.21626900, -0.12980100, -0.46768100
0.99635270, -0.08530768, 0.00196341
0.48052760, 0.63397810
0.20126900, -0.30815000, -0.37848000
0.99864270, -0.05208417, -0.00006924
0.47588840, 0.65025540
0.41205800, -0.30815000, -0.37848000
0.04563468, -0.40633070, -0.91258580
0.53726420, 0.65025540
0.21626900, -0.12980100, -0.46768100
0.01547074, -0.84857680, -0.52884590
0.48052760, 0.63397810
0.41319800, -0.16076600, -0.43611700
0.05088932, -0.53559830, -0.84293810
0.53759630, 0.63748570
0.20126900, -0.30815000, -0.37848000
-0.00000012, -0.44731930, -0.89437430
0.47588840, 0.65025540
0.41320000, -0.13112200, -0.46775200
-0.00485658, -0.93056930, -0.36608360
0.53759660, 0.63047670
0.21720800, -0.13145200, -0.72084000
0.04572140, -0.83873830, 0.54261180
0.48053020, 0.57089840
0.41320500, -0.13144900, -0.72082700
-0.00001241, -0.93009860, 0.36730990
0.53759840, 0.57440600
0.41321100, -0.16097500, -0.75246100
0.02412708, -0.51903380, 0.85441320
0.53759990, 0.56739710
0.28656200, 0.26844600, 0.22395500
0.88422200, 0.46572360, 0.03539689
0.69413880, 0.05549514
0.27490700, 0.28902000, 0.24201100
0.74453300, 0.66058680, 0.09641454
0.68997790, 0.05073249
0.36906800, 0.06388500, 0.37182200
0.95223220, 0.30535880, 0.00311685
0.66006190, 0.10285000
0.28656200, 0.26844600, -0.04477800
0.89489530, 0.44458010, -0.03887044
0.75607010, 0.05549538
0.27490600, 0.28902000, -0.07779900
0.75449710, 0.65613990, -0.01465004
0.76367990, 0.05073249
0.36906800, 0.06388500, -0.07274500
0.95409290, 0.29940370, -0.00801778
0.76251510, 0.10285000
0.39859300, -0.07741500, -0.07295000
0.99458120, 0.10386580, 0.00448068
0.76256250, 0.13556030
0.39859300, -0.30601700, -0.07294900
0.99996810, 0.00771207, 0.00209355
0.76256200, 0.18848060
0.39879400, -0.32130500, 0.37104100
0.99991410, 0.01311143, -0.00000056
0.66024150, 0.19201970
0.39859300, -0.30601700, 0.37074300
0.99996800, 0.00775343, -0.00198704
0.66031060, 0.18848060
0.39859300, -0.07741500, 0.37074100
0.99472560, 0.10244440, -0.00511188
0.66031090, 0.13556030
0.39879400, -0.32130500, -0.07311200
0.99991410, 0.01311143, -0.00000008
0.76259960, 0.19201970
0.28656200, 0.26844600, 0.22395500
-0.61145130, -0.79128210, 0.00000009
0.83869440, 0.53547140
0.25066600, 0.29618400, -0.04477800
-0.34751610, -0.93767400, 0.00000017
0.84906240, 0.47403620
0.28656200, 0.26844600, -0.04477800
-0.61145250, -0.79128120, 0.00000035
0.83869440, 0.47403740
0.25066600, 0.29618400, 0.27147100
-0.08297023, -0.93419460, 0.34698180
0.84906830, 0.54633550
0.28656200, 0.26844600, -0.04477800
-0.13488610, -0.17792220, 0.97475610
0.68972030, 0.21438170
0.35075400, 0.06656500, -0.07274500
-0.01216423, -0.09606428, 0.99530080
0.70433590, 0.26098060
0.36906800, 0.06388500, -0.07274500
-0.00755562, -0.05175054, 0.99863150
0.70851590, 0.26159480
0.25066600, 0.29618400, -0.04477800
-0.02978888, -0.13081660, 0.99095890
0.68146870, 0.20810870
0.35080000, -0.07473600, -0.07295000
-0.00004759, -0.00075844, 0.99999970
0.70433780, 0.29327860
0.39859300, -0.07741500, -0.07295000
-0.00003619, -0.00065255, 0.99999980
0.71526130, 0.29389080
0.35080000, -0.30333800, -0.07294900
0.00000080, 0.00000718, 1.00000000
0.70434920, 0.34552970
0.39859300, -0.30601700, -0.07294900
0.00000080, 0.00000718, 1.00000000
0.71527240, 0.34613870
0.39859300, -0.30601700, -0.07294900
0.05247290, 0.99861040, 0.00489450
0.84074030, 0.96936920
0.30096800, -0.30333800, 0.42697400
0.01010439, 0.99994890, 0.00017416
0.86120020, 0.88999080
0.39859300, -0.30601700, 0.37074300
0.02743614, 0.99962350, -0.00000013
0.84419550, 0.89472780
0.35080000, -0.30333800, -0.07294900
0.02969395, 0.99955460, 0.00296462
0.84882720, 0.97082130
0.39859300, -0.30601700, 0.37074300
-0.49911840, -0.00000535, -0.86653380
0.84419550, 0.89472780
0.30096800, -0.07473600, 0.42697300
-0.32316440, -0.17352790, -0.93029720
0.85979850, 0.85315820
0.39859300, -0.07741500, 0.37074100
-0.44898470, -0.10133130, -0.88777510
0.84168990, 0.85408590
0.30096800, -0.30333800, 0.42697400
-0.34988200, -0.00000582, -0.93679370
0.86120020, 0.88999080
0.30092800, 0.06656500, 0.37754700
-0.17385480, -0.23239930, -0.95695610
0.85876000, 0.82919470
0.36906800, 0.06388500, 0.37182200
-0.08411898, -0.00995846, -0.99640600
0.84760000, 0.83022890
0.30092800, 0.06656500, 0.37754700
0.03117292, 0.99072730, -0.13224080
0.85876000, 0.82919470
0.30043900, 0.07440100, 0.44595300
0.04977390, 0.99231030, -0.11332640
0.85928690, 0.81808910
0.36906800, 0.06388500, 0.37182200
0.02951280, 0.99309260, -0.11356090
0.84760000, 0.83022890
0.11166600, 0.30923600, 0.31844900
0.05379731, -0.84725950, 0.52844790
0.88097130, 0.55706670
0.33143600, 0.05101700, -0.01600900
0.47239310, 0.49786860, 0.72730430
0.47573780, 0.22987540
-0.33148000, -0.15174100, -0.01621500
-0.76246410, 0.36388180, 0.53501270
0.33961950, 0.27120760
0.33148000, -0.15171500, -0.01621500
0.81755570, 0.32979040, 0.47206040
0.47245780, 0.27066110
-0.33143600, 0.05101700, -0.01600900
-0.47238110, 0.49787560, 0.72730740
0.33622740, 0.22975280
0.33148000, -0.16678900, 0.21280800
0.53626380, 0.59163730, 0.60198550
0.47212780, 0.31826620
-0.35080000, -0.30334200, 0.21280900
-0.73054440, 0.09951989, 0.67557440
0.33536310, 0.34762930
0.35080000, -0.30334200, 0.21280900
0.73211900, 0.10359050, 0.67325390
0.47791310, 0.34581480
-0.33148000, -0.16678900, 0.21280800
-0.53404090, 0.59238890, 0.60322120
0.34054980, 0.31893590
0.11241200, 0.09068100, 0.49238200
-0.01040321, 0.97396240, -0.22647080
0.89055240, 0.81028000
-0.25097800, 0.30400100, 0.27598000
-0.47819060, 0.63759890, 0.60398790
0.96413840, 0.54839650
-0.11241200, 0.31591800, 0.32240900
-0.18608050, 0.46879970, 0.86348190
0.93224340, 0.55883190
0.00000000, 0.31916800, 0.32859900
-0.00139053, 0.51093300, 0.85961940
0.90648510, 0.56033640
0.11241200, 0.31591800, 0.32240900
0.18750500, 0.46912310, 0.86299790
0.88072740, 0.55882820
0.25097800, 0.30400100, 0.27598000
0.47819060, 0.63759870, 0.60398810
0.84883350, 0.54839060
-0.35075400, 0.06656500, -0.07274400
-0.65862680, 0.63793880, 0.39905490
0.32023220, 0.23249700
-0.35080000, -0.07473600, -0.07295000
-0.94810150, 0.01555983, 0.31758700
0.33733570, 0.25642310
-0.35080000, -0.30334300, -0.01621300
-0.99653890, 0.07309680, 0.03958665
0.30626510, 0.28129720
-0.35080000, -0.30333800, -0.07294800
-1.00000000, -0.00000033, 0.00000000
0.30111290, 0.27352880
-0.35080000, -0.30333800, -0.07294800
-0.00015017, -1.00000000, -0.00008610
0.54399560, 0.34553030
0.00000000, -0.30339500, -0.01621300
0.00000001, -1.00000000, 0.00003022
0.62417200, 0.33256360
-0.35080000, -0.30334300, -0.01621300
-0.00015017, -1.00000000, -0.00004228
0.54399480, 0.33256390
0.00000000, -0.30339100, -0.07294900
0.00000002, -1.00000000, -0.00008638
0.62417200, 0.34553070
0.35080000, -0.30334300, -0.01621300
0.00015015, -1.00000000, -0.00004230
0.70434930, 0.33256360
0.35080000, -0.30333800, -0.07294900
0.00015012, -1.00000000, -0.00008606
0.70434920, 0.34552970
0.35080000, -0.30333800, -0.07294900
0.99223690, 0.09758775, 0.07708841
0.51101650, 0.27217900
0.35080000, -0.30334300, -0.01621300
0.99167210, 0.12875930, 0.00272977
0.50599660, 0.28001070
0.35080000, -0.07473600, -0.07295000
0.94665640, -0.00010263, 0.32224470
0.47453000, 0.25578140
0.35075400, 0.06656500, -0.07274500
0.65863030, 0.63792510, 0.39907110
0.49156170, 0.23178430
0.35075400, 0.06656500, -0.07274500
0.65863030, 0.63792510, 0.39907110
0.47804740, 0.21772660
0.00000000, 0.06651200, -0.07274500
0.00000004, 0.96464590, 0.26354920
0.40587200, 0.21780510
-0.35075400, 0.06656500, -0.07274400
-0.65862680, 0.63793880, 0.39905490
0.33369630, 0.21788380
-0.35080000, -0.30334200, 0.21280900
-0.73054440, 0.09951989, 0.67557440
0.31487370, 0.32465110
-0.35080000, -0.30334200, 0.21280900
-0.00009488, -1.00000000, 0.00008620
0.54399470, 0.28021930
0.35080000, -0.30334200, 0.21280900
0.00009488, -1.00000000, 0.00008620
0.70434950, 0.28021920
0.35080000, -0.30334200, 0.21280900
0.73211900, 0.10359050, 0.67325390
0.49802570, 0.32346510
-0.20799600, -0.30549400, 0.57042300
-0.00000020, -0.78602880, -0.61818990
0.35672210, 0.86049270
0.20799600, -0.30549400, 0.57042300
-0.00000011, -0.78602860, -0.61819010
0.47784710, 0.86049270
0.20799600, -0.38669600, 0.67367100
1.00000000, 0.00005585, 0.00008892
0.47784700, 0.88709080
0.20796700, -0.38775000, 0.87716500
1.00000000, -0.00005581, 0.00008803
0.47783860, 0.92845410
0.20796700, -0.30654800, 0.98117900
0.00000023, -0.78824040, 0.61536740
0.47783860, 0.95149920
-0.20796700, -0.30654800, 0.98118000
0.00000023, -0.78824040, 0.61536740
0.35673060, 0.95149920
-0.20799600, -0.38669600, 0.67367100
-1.00000000, -0.00001511, 0.00009896
0.35672210, 0.88709080
-0.20796700, -0.38775000, 0.87716500
-1.00000000, -0.00018237, 0.00014256
0.35673060, 0.92845410
-0.20798100, -0.28743400, 0.77391900
-1.00000000, 0.00008128, 0.00006393
0.35672630, 0.90557900
-0.20799600, -0.38669600, 0.67367100
-1.00000000, 0.00008128, 0.00006393
0.35672210, 0.88709080
-0.20129800, -0.38633100, -0.69594700
-1.00000000, 0.00006547, 0.00008623
0.35867230, 0.57991840
-0.20129800, -0.30754500, -0.79415500
0.00000000, -0.78001630, -0.62575920
0.35867230, 0.55815920
0.20129800, -0.30754500, -0.79415500
0.00000000, -0.78001630, -0.62575920
0.47589690, 0.55815920
0.20126900, -0.38692900, -0.47993000
1.00000000, -0.00008481, 0.00009572
0.47588850, 0.62777840
0.20126900, -0.38693700, -0.47688300
1.00000000, -0.00016386, 0.00013100
0.47588840, 0.62845340
0.20126900, -0.30815000, -0.37848000
0.00000002, -0.78062120, 0.62500450
0.47588840, 0.65025540
-0.20126900, -0.30815000, -0.37848000
0.00000012, -0.78062140, 0.62500420
0.35868080, 0.65025540
0.00000000, -0.29912000, 1.10584700
0.00000040, -0.18693130, 0.98237300
0.12751400, 0.04165924
-0.40807700, -0.20658200, 1.09194800
-0.51086030, -0.10962280, 0.85264560
0.02115563, 0.01723802
-0.40807700, -0.29912000, 1.08078100
-0.50532260, -0.07910226, 0.85929730
0.02115563, 0.04165924
0.00000000, -0.20658200, 1.12453500
0.00000037, -0.19794910, 0.98021230
0.12751400, 0.01723802
0.00000000, -0.20658200, 1.12453500
0.00000006, 0.92305780, 0.38466130
0.12751400, 0.01723802
-0.40361100, -0.19433500, 1.05973400
-0.27704420, 0.93438950, 0.22397050
0.02231977, 0.01400614
-0.40807700, -0.20658200, 1.09194800
-0.17170690, 0.92851330, 0.32921070
0.02115563, 0.01723802
0.00000000, -0.19433500, 1.09531900
0.00000010, 0.92224220, 0.38661270
0.12751400, 0.01400614
0.00000000, -0.19433500, 1.09531900
-0.00000024, 0.13326070, -0.99108100
0.12751400, 0.01400614
-0.40361100, -0.29912000, 1.05444400
0.49357710, 0.05395766, -0.86802660
0.02231977, 0.04165924
-0.40361100, -0.19433500, 1.05973400
0.53024740, 0.02573577, -0.84745230
0.02231977, 0.01400614
0.00000000, -0.29912000, 1.07951100
-0.00000020, 0.14917810, -0.98881040
0.12751400, 0.04165924
0.00000000, -0.29912000, 1.07951100
0.00000009, -1.00000000, 0.00000001
0.12751400, 0.04165924
-0.40807700, -0.29912000, 1.08078100
0.00000053, -1.00000000, 0.00000079
0.02115563, 0.04165924
-0.40361100, -0.29912000, 1.05444400
0.01679790, -0.99521330, -0.09627154
0.02231977, 0.04165924
0.00000000, -0.29912000, 1.10584700
0.00000009, -1.00000000, 0.00000000
0.12751400, 0.04165924
-0.43118600, -0.20658200, 1.05145600
-0.99716990, -0.02254452, 0.07172085
0.01535431, 0.01723802
-0.43118600, -0.29912000, 1.04963300
-0.98726530, -0.02013152, 0.15780330
0.01513288, 0.04165924
-0.43118600, -0.20658200, 1.05145600
-0.40967690, 0.91210420, 0.01519337
0.01535431, 0.01723802
-0.43118600, -0.29912000, 1.04963300
0.04715005, -0.96164010, -0.27023180
0.01513288, 0.04165924
-0.41859100, -0.28789500, 1.02796900
0.00409851, -0.02406628, -0.99970200
0.02227810, 0.03869689
-0.41859100, -0.20556000, 1.02215000
0.24119280, -0.03484133, -0.96985160
0.01841537, 0.01696837
-0.41859100, -0.28789500, 1.02796900
0.07406868, -0.90238580, -0.42451590
0.02227810, 0.03869689
-0.41859100, -0.20556000, 1.02215000
-0.37049390, 0.92009270, -0.12713650
0.01841537, 0.01696837
0.40807700, -0.20658200, 1.09194700
0.51085940, -0.10962230, 0.85264620
0.23387200, 0.01723802
0.40807700, -0.29912000, 1.08078000
0.50532220, -0.07910193, 0.85929760
0.23387200, 0.04165924
0.40361100, -0.19433500, 1.05973400
0.27704280, 0.93438980, 0.22397090
0.23270810, 0.01400614
0.40807700, -0.20658200, 1.09194700
0.17170620, 0.92851340, 0.32921100
0.23387200, 0.01723802
0.40361100, -0.29912000, 1.05444400
-0.49357750, 0.05395640, -0.86802650
0.23270810, 0.04165924
0.40361100, -0.19433500, 1.05973400
-0.53024750, 0.02573476, -0.84745220
0.23270810, 0.01400614
0.40807700, -0.29912000, 1.08078000
-0.00000021, -1.00000000, 0.00000004
0.23387200, 0.04165924
0.40361100, -0.29912000, 1.05444400
-0.01679753, -0.99521330, -0.09627243
0.23270810, 0.04165924
0.43118600, -0.20658200, 1.05145500
0.99717000, -0.02254492, 0.07171935
0.23989480, 0.01723802
0.43118600, -0.29912000, 1.04963300
0.98726520, -0.02013172, 0.15780410
0.23967330, 0.04165924
0.43118600, -0.20658200, 1.05145500
0.40967440, 0.91210530, 0.01519359
0.23989480, 0.01723802
0.43118600, -0.29912000, 1.04963300
-0.04714955, -0.96163980, -0.27023280
0.23967330, 0.04165924
0.41859100, -0.28789500, 1.02796900
-0.00409990, -0.02406751, -0.99970190
0.23661240, 0.03869689
0.41859100, -0.20556000, 1.02215000
-0.24119210, -0.03484209, -0.96985170
0.23274980, 0.01696837
0.41859100, -0.28789500, 1.02796900
-0.07406821, -0.90238540, -0.42451670
0.23661240, 0.03869689
0.41859100, -0.20556000, 1.02215000
0.37049140, 0.92009370, -0.12713690
0.23274980, 0.01696837
0.00000000, -0.29850300, -1.12154600
-0.00000017, -0.11840060, -0.99296590
0.87449460, 0.04006022
-0.40807700, -0.19798800, -1.12855400
-0.49398420, -0.05074569, -0.86798880
0.76813140, 0.01391214
0.00000000, -0.19798800, -1.13480800
-0.00000018, -0.13080430, -0.99140820
0.87449460, 0.01391214
-0.40807700, -0.29850300, -1.12353300
-0.43050450, -0.02127770, -0.90233760
0.76813150, 0.04006022
0.00000000, -0.19798800, -1.13480800
-0.00000009, 0.89802900, -0.43993630
0.87449460, 0.01391214
-0.40361100, -0.18359800, -1.09634100
-0.28383030, 0.93275950, -0.22226120
0.76929560, 0.01016861
0.00000000, -0.18359800, -1.10559300
-0.00000008, 0.89708210, -0.44186390
0.87449460, 0.01016861
-0.40807700, -0.19798800, -1.12855400
-0.18468340, 0.90661570, -0.37939420
0.76813140, 0.01391214
0.00000000, -0.18359800, -1.10559300
-0.00000005, 0.06630304, 0.99779950
0.87449460, 0.01016861
-0.40361100, -0.29850300, -1.09795400
0.48192830, -0.00080858, 0.87621030
0.76929560, 0.04006022
0.00000000, -0.29850300, -1.09596700
-0.00000002, 0.08347724, 0.99650970
0.87449460, 0.04006022
-0.40361100, -0.18359800, -1.09634100
0.46274100, -0.01904901, 0.88628880
0.76929560, 0.01016861
0.00000000, -0.29850300, -1.09596700
0.00000014, -1.00000000, 0.00000003
0.87449460, 0.04006022
-0.40807700, -0.29850300, -1.12353300
-0.10634760, -0.99415560, 0.01856761
0.76813150, 0.04006022
0.00000000, -0.29850300, -1.12154600
0.00000014, -1.00000000, 0.00000000
0.87449460, 0.04006022
-0.40361100, -0.29850300, -1.09795400
-0.15680840, -0.98468580, 0.07618987
0.76929560, 0.04006022
-0.43118600, -0.19798800, -1.08806200
-0.99446140, -0.01825664, -0.10350530
0.76210830, 0.01391214
-0.43118600, -0.29025200, -1.09328100
-0.97796470, 0.00969696, -0.20854500
0.76233000, 0.03791350
-0.43118600, -0.19798800, -1.08806200
-0.41899870, 0.89405400, 0.15845360
0.76210830, 0.01391214
-0.43118600, -0.29025200, -1.09328100
-0.25212290, -0.94919260, 0.18832790
0.76233000, 0.03791350
-0.41859100, -0.28538200, -1.06435200
0.11684120, -0.04617049, 0.99207680
0.76539130, 0.03664654
-0.41859100, -0.20640900, -1.05875700
0.18251920, -0.06404186, 0.98111440
0.76925400, 0.01359957
-0.41859100, -0.28538200, -1.06435200
-0.23603250, -0.93621560, 0.26036330
0.76539130, 0.03664654
-0.41859100, -0.20640900, -1.05875700
-0.33153470, 0.85932690, 0.38941230
0.76925400, 0.01359957
0.40807700, -0.19798800, -1.12855400
0.49398330, -0.05074460, -0.86798940
0.98085740, 0.01391214
0.40807700, -0.29850300, -1.12353400
0.43050420, -0.02127683, -0.90233770
0.98085740, 0.04006022
0.40361100, -0.18359800, -1.09634100
0.28382880, 0.93276040, -0.22225940
0.97969350, 0.01016861
0.40807700, -0.19798800, -1.12855400
0.18468180, 0.90661630, -0.37939370
0.98085740, 0.01391214
0.40361100, -0.29850300, -1.09795400
-0.55123080, -0.00035250, 0.83435270
0.97969350, 0.04006022
0.40361100, -0.18359800, -1.09634100
-0.46855030, -0.00248514, 0.88343330
0.97969350, 0.01016861
0.40807700, -0.29850300, -1.12353400
0.10634860, -0.99415550, 0.01856959
0.98085740, 0.04006022
0.40361100, -0.29850300, -1.09795400
0.16580320, -0.98503940, 0.04697440
0.97969350, 0.04006022
0.43118600, -0.19798800, -1.08806200
0.99446180, -0.01825676, -0.10350040
0.98665870, 0.01391214
0.43118600, -0.29025100, -1.09328200
0.97986450, 0.01700261, -0.19893840
0.98688050, 0.03791350
0.43118600, -0.19798800, -1.08806200
0.41899800, 0.89405440, 0.15845360
0.98665870, 0.01391214
0.43118600, -0.29025100, -1.09328200
0.27044650, -0.95796640, 0.09570238
0.98688050, 0.03791350
0.41718400, -0.28949300, -1.05631200
-0.17544300, -0.00425315, 0.98448040
0.98323110, 0.03771633
0.41859100, -0.20640900, -1.05875700
-0.14389230, 0.01503372, 0.98947910
0.98359760, 0.01610249
0.41718400, -0.28949300, -1.05631200
0.26583480, -0.95648320, 0.12029860
0.98323110, 0.03771633
0.41859100, -0.20640900, -1.05875700
0.33153380, 0.85932560, 0.38941600
0.98359760, 0.01610249
-0.11241200, 0.09068100, 0.49238200
-0.15072770, 0.60208510, 0.78407570
0.65602080, 0.62981120
0.00000000, 0.31916800, 0.32859900
0.00000003, 0.60104440, 0.79921560
0.69199520, 0.53903330
-0.11241200, 0.31591800, 0.32240900
-0.18922100, 0.59148590, 0.78379830
0.65510430, 0.53846410
0.00000000, 0.09068100, 0.49857200
0.00000014, 0.59686750, 0.80233980
0.69206990, 0.63116490
-0.25097800, 0.30400100, 0.27598000
-0.47819060, 0.63759890, 0.60398790
0.60726460, 0.53286700
-0.30043900, 0.07440100, 0.44595300
-0.25997810, 0.87552300, 0.40727250
0.59382600, 0.62603810
-0.36880200, 0.06420400, 0.41198400
-0.83159300, 0.52692220, 0.17551650
0.56972740, 0.62288260
-0.27490600, 0.28902000, 0.24201100
-0.74453310, 0.66058670, 0.09641479
0.59271670, 0.52932490
0.11241200, 0.09068100, 0.49238200
0.15072790, 0.60208510, 0.78407570
0.72854940, 0.63030790
0.11241200, 0.31591800, 0.32240900
0.18922120, 0.59148580, 0.78379840
0.72846570, 0.53902910
0.25097800, 0.30400100, 0.27598000
0.47819060, 0.63759870, 0.60398810
0.77523710, 0.53301470
0.30043900, 0.07440100, 0.44595300
0.33758840, 0.60596660, 0.72030450
0.79164270, 0.62556230
0.36880200, 0.06420400, 0.41198400
0.46797310, 0.59864600, 0.65009540
0.81646770, 0.62130810
0.27490700, 0.28902000, 0.24201100
0.74453300, 0.66058680, 0.09641454
0.78872250, 0.52913090
0.12527900, 0.10342000, 0.30705800
-0.49999980, 0.81196000, 0.30119960
0.94255780, 0.40956440
0.22084600, 0.08440000, 0.31241900
-0.10150460, -0.50538780, 0.85690140
0.95655480, 0.41164550
0.23006600, 0.10342000, 0.30705800
0.50000050, 0.81195950, 0.30119980
0.95790510, 0.40956440
0.13449800, 0.08440000, 0.31241900
0.10150480, -0.50538830, 0.85690110
0.94390810, 0.41164550
0.22084600, 0.09249700, 0.29059100
-0.10150530, 0.17571780, -0.97919350
0.95655480, 0.41154160
0.13449800, 0.09249700, 0.29059100
0.10150470, 0.17571680, -0.97919370
0.94390810, 0.41154160
0.26402000, 0.01428900, 0.28641100
-0.20300940, -0.34055280, 0.91804740
0.96287800, 0.42114760
0.28245900, 0.01833700, 0.27549700
1.00000000, -0.00000004, -0.00000085
0.96557890, 0.42109570
0.26402000, 0.02238600, 0.26458300
-0.20300980, 0.34055200, -0.91804750
0.96287800, 0.42104370
0.22084600, -0.05582200, 0.26040300
-0.10150450, -0.17571550, 0.97919400
0.95655480, 0.43064980
0.23006600, -0.06674500, 0.24393500
0.49999950, -0.81196050, -0.30119880
0.95790510, 0.43262680
0.22084600, -0.04772500, 0.23857500
-0.10150460, 0.50538800, -0.85690120
0.95655480, 0.43054580
0.13449800, -0.05582200, 0.26040300
0.10150490, -0.17571640, 0.97919380
0.94390810, 0.43064980
0.12527900, -0.06674500, 0.24393500
-0.50000020, -0.81196030, -0.30119790
0.94255780, 0.43262680
0.13449800, -0.04772500, 0.23857500
0.10150430, 0.50538760, -0.85690150
0.94390810, 0.43054580
0.09132400, 0.01428900, 0.28641100
0.20300990, -0.34055250, 0.91804740
0.93758480, 0.42114760
0.07288500, 0.01833700, 0.27549700
-1.00000000, 0.00000013, 0.00000059
0.93488420, 0.42109570
0.09132400, 0.02238600, 0.26458300
0.20300920, 0.34055260, -0.91804750
0.93758480, 0.42104370
0.16526300, -0.05794800, 0.48423600
0.00000000, -0.34308480, 0.93930450
0.94535690, 0.42274250
0.18988600, -0.05794800, 0.48423600
0.00000000, -0.34308480, 0.93930440
0.95634170, 0.42274250
0.17757400, -0.04638300, 0.48846000
0.00000000, -0.34308440, 0.93930460
0.95084920, 0.41797680
0.17757400, -0.06951200, 0.48001200
0.00000000, -0.34308520, 0.93930430
0.95084920, 0.42750850
0.16526300, 0.01929600, 0.27275600
-0.81649670, 0.19808040, -0.54230740
0.94535700, 0.42012040
0.18988600, 0.01929600, 0.27275600
0.81649640, 0.19807960, -0.54230820
0.95634180, 0.42012040
0.17757400, 0.00773200, 0.26853200
-0.00000053, -0.56886000, -0.82243440
0.95084940, 0.42488620
0.17757500, 0.03086000, 0.27698000
0.00000013, 0.96501870, -0.26218090
0.95084940, 0.41535450
0.16526300, -0.05794800, 0.48423600
-1.00000000, 0.00000182, 0.00000044
0.94535690, 0.42274250
0.17757400, -0.04638300, 0.48846000
0.00000005, 0.93930480, 0.34308390
0.95084920, 0.41797680
0.18988600, -0.05794800, 0.48423600
1.00000000, 0.00000193, 0.00000099
0.95634170, 0.42274250
0.17757400, -0.06951200, 0.48001200
-0.00000011, -0.93930480, -0.34308380
0.95084920, 0.42750850
-0.20126900, -0.38693700, -0.47688300
-1.00000000, -0.00006582, 0.00008632
0.35868080, 0.62845340
0.20129800, -0.38633100, -0.69594700
1.00000000, 0.00006529, 0.00008601
0.47589690, 0.57991840
0.00000000, 0.31193800, -1.03235400
0.00004034, 0.78737780, -0.61647080
0.14897760, 0.63663510
-0.36880200, 0.06420400, -1.07922900
-0.68626890, 0.28146530, -0.67068040
0.06570457, 0.69321080
-0.25097900, 0.29677200, -1.03051000
-0.23745330, 0.77450410, -0.58630990
0.09412429, 0.63748050
0.00000000, 0.07506700, -1.09827000
0.00000001, 0.13716820, -0.99054780
0.14969970, 0.69140630
-0.27490700, 0.28179100, -1.03054300
-0.62591330, 0.58522870, -0.51549960
0.08799875, 0.63872110
0.36880200, 0.06420400, -1.07922900
0.68598140, 0.27953600, -0.67178060
0.23144260, 0.69420640
0.25097800, 0.29677200, -1.03051000
0.23737880, 0.77452250, -0.58631590
0.20378260, 0.63701700
0.27490600, 0.28179100, -1.03054300
0.62307530, 0.58678070, -0.51717070
0.20991870, 0.63820540
0.00000000, 0.31916700, -0.07906900
-0.00000001, 0.99998260, -0.00590371
0.14806010, 0.42702480
0.25097800, 0.30264000, -0.38040900
0.30514170, 0.95230690, 0.00019186
0.20397690, 0.49374920
0.00000000, 0.31780600, -0.38040900
0.00000000, 1.00000000, 0.00014002
0.14834670, 0.49344310
0.25097800, 0.30400100, -0.07906900
0.30615900, 0.95197210, -0.00396818
0.20414080, 0.42728510
0.27490600, 0.28765900, -0.37913900
0.76248420, 0.64700680, -0.00029200
0.21026110, 0.49370810
0.27490600, 0.28902000, -0.07779900
0.75449710, 0.65613990, -0.01465004
0.21052440, 0.42719060
0.36880200, 0.06420400, -0.37846600
0.95441890, 0.29847030, -0.00024990
0.26375060, 0.49413200
0.36880200, 0.06420400, -0.10987100
0.95472740, 0.29747760, -0.00162720
0.26426830, 0.43486520
-0.36880200, 0.06420400, -0.10987100
-0.95464340, 0.29774510, -0.00195522
0.03191581, 0.43585760
-0.27490700, 0.28765900, -0.37913900
-0.76253430, 0.64694780, 0.00023830
0.08642939, 0.49423160
-0.36883000, 0.06393800, -0.37846200
-0.95445810, 0.29834480, 0.00026029
0.03283405, 0.49511350
-0.27490700, 0.28902000, -0.07779900
-0.75461190, 0.65600290, -0.01486967
0.08559439, 0.42771850
-0.25097800, 0.30264000, -0.38040900
-0.30514110, 0.95230710, 0.00019207
0.09271285, 0.49421990
-0.25097800, 0.30400100, -0.07906900
-0.30615880, 0.95197220, -0.00396817
0.09198086, 0.42775930
0.25097800, 0.30463800, -0.79694800
0.30427530, 0.95248250, -0.01391501
0.20365550, 0.58562440
0.00000000, 0.31980400, -0.79694800
0.00003188, 0.99989740, -0.01432441
0.14873840, 0.58505150
0.27490600, 0.28965700, -0.79567800
0.76014090, 0.64971770, -0.00726200
0.20947590, 0.58571760
0.36880200, 0.06420400, -0.79415600
0.95474110, 0.29743820, 0.00030881
0.26312310, 0.58596310
-0.27490700, 0.28965700, -0.79567800
-0.76105890, 0.64861460, -0.00940160
0.08799762, 0.58623150
-0.36880200, 0.06420400, -0.79415600
-0.95433830, 0.29872400, -0.00155160
0.03435495, 0.58693140
-0.25097900, 0.30463800, -0.79694800
-0.30433050, 0.95246480, -0.01392023
0.09381662, 0.58608900
0.36880200, 0.06420400, -1.07922900
0.68598140, 0.27953600, -0.67178060
0.26239280, 0.64895370
-0.36880200, 0.06420400, -1.07922900
-0.68626890, 0.28146530, -0.67068040
0.03561726, 0.64991470
-0.35080000, -0.07473600, -0.07295000
0.00008296, -0.00147261, 0.99999890
0.54399470, 0.29121260
-0.36906800, 0.06388500, -0.07274400
0.00008296, -0.00147261, 0.99999890
0.53982950, 0.26159570
-0.39859300, -0.07741500, -0.07295000
0.00008296, -0.00147261, 0.99999890
0.53549400, 0.29243820
-0.36906800, 0.06388500, -0.07274400
0.00021295, -0.00145548, 0.99999890
0.53982950, 0.26159570
-0.35080000, -0.07473600, -0.07295000
0.00021295, -0.00145548, 0.99999890
0.54399470, 0.29121260
-0.35075400, 0.06656500, -0.07274400
0.00021295, -0.00145548, 0.99999890
0.54400940, 0.26098120
-0.35080000, -0.30333800, -0.07294800
-0.00000040, 0.00000709, 1.00000000
0.54399560, 0.34553030
-0.39859300, -0.07741500, -0.07295000
-0.00000040, 0.00000709, 1.00000000
0.53549400, 0.29243820
-0.39859300, -0.30601700, -0.07294800
-0.00000040, 0.00000709, 1.00000000
0.53426800, 0.34581270
-0.35080000, -0.07473600, -0.07295000
0.00000000, 0.00000718, 1.00000000
0.54399470, 0.29121260
-0.39859300, -0.07741500, 0.37074100
-0.99467530, 0.10305790, 0.00000020
0.34013860, 0.13549170
-0.36906800, 0.06388500, -0.07274400
-0.97885860, 0.20453800, 0.00000021
0.23792970, 0.10277990
-0.39859300, -0.07741500, -0.07295000
-0.99470540, 0.10276750, 0.00000025
0.23788240, 0.13549170
-0.36906800, 0.06388500, 0.37182200
-0.97885860, 0.20453770, 0.00000012
0.34038770, 0.10277990
-0.39859300, -0.30601700, -0.07294800
-1.00000000, 0.00000000, 0.00000026
0.23788280, 0.18841420
-0.39859300, -0.30601700, 0.37074300
-1.00000000, 0.00000000, 0.00000026
0.34013880, 0.18841420
-0.37021900, -0.08059700, 0.35389600
0.99379720, -0.11120780, -0.00000011
0.96163100, 0.73328750
-0.34069400, 0.04999700, -0.05589100
0.97538220, -0.22052120, -0.00000013
0.86389330, 0.69973770
-0.34069400, 0.04999700, 0.35489500
0.97538230, -0.22052050, 0.00000009
0.96186910, 0.69973770
-0.37021900, -0.08059700, -0.05608100
0.99383210, -0.11089580, -0.00000018
0.86384800, 0.73328750
-0.37021900, -0.29187700, -0.05607900
1.00000000, -0.00000013, -0.00000021
0.86384840, 0.78756590
-0.37021900, -0.29187700, 0.35389800
1.00000000, 0.00000000, -0.00000028
0.96163120, 0.78756590
-0.36906800, 0.06388500, 0.37182200
0.43962870, 0.89817960, 0.00000012
0.96590630, 0.69616980
-0.34069400, 0.04999700, -0.05589100
0.43962870, 0.89817960, 0.00000012
0.86389330, 0.69973770
-0.36906800, 0.06388500, -0.07274400
0.43962870, 0.89817960, 0.00000012
0.85987360, 0.69616980
-0.34069400, 0.04999700, 0.35489500
0.43962770, 0.89818010, 0.00000004
0.96186910, 0.69973770
-0.36906800, 0.06388500, -0.07274400
0.47461410, -0.10458090, -0.87395900
0.85987360, 0.69616980
-0.37021900, -0.08059700, -0.05608100
0.50388640, -0.05178582, -0.86221620
0.86384800, 0.73328750
-0.39859300, -0.07741500, -0.07295000
0.50604540, -0.05190567, -0.86094360
0.85982450, 0.73247020
-0.34069400, 0.04999700, -0.05589100
0.46943640, -0.10485780, -0.87671790
0.86389330, 0.69973770
-0.37021900, -0.29187700, -0.05607900
0.51104020, -0.00000624, -0.85955680
0.86384840, 0.78756590
-0.39859300, -0.30601700, -0.07294800
0.51104020, -0.00000624, -0.85955680
0.85982500, 0.79119870
-0.39859300, -0.30601700, -0.07294800
0.44604410, -0.89501100, -0.00000004
0.85982500, 0.79119870
-0.37021900, -0.29187700, 0.35389800
0.44604410, -0.89501100, -0.00000004
0.96163120, 0.78756590
-0.39859300, -0.30601700, 0.37074300
0.44604410, -0.89501100, -0.00000004
0.96564890, 0.79119870
-0.37021900, -0.29187700, -0.05607900
0.44604460, -0.89501070, -0.00000008
0.86384840, 0.78756590
-0.39859300, -0.30601700, 0.37074300
0.51049290, 0.00000513, 0.85988200
0.96564890, 0.79119870
-0.37021900, -0.08059700, 0.35389600
0.50464830, -0.05948633, 0.86127320
0.96163100, 0.73328750
-0.39859300, -0.07741500, 0.37074100
0.50239490, -0.05877804, 0.86263810
0.96564870, 0.73247020
-0.37021900, -0.29187700, 0.35389800
0.51049290, 0.00000512, 0.85988190
0.96163120, 0.78756590
-0.34069400, 0.04999700, 0.35489500
0.47451820, -0.10696530, 0.87372240
0.96186910, 0.69973770
-0.36906800, 0.06388500, 0.37182200
0.47103870, -0.10512250, 0.87582640
0.96590630, 0.69616980
-0.48846000, 0.05428800, 0.23440300
0.11139890, 0.03461932, -0.99317260
0.10279670, 0.21074160
-0.38298600, 0.10178400, 0.24788900
0.11139880, 0.03461954, -0.99317260
0.13054550, 0.19835350
-0.39046600, 0.04159600, 0.24495200
0.11139870, 0.03461978, -0.99317260
0.12857770, 0.21405220
-0.48098000, 0.11447700, 0.23734000
0.11139900, 0.03461906, -0.99317260
0.10476450, 0.19504280
-0.48846000, 0.05428800, 0.23440300
-0.52458950, -0.43829320, 0.72986640
0.10279670, 0.21074160
-0.40176400, 0.07247600, 0.26860200
0.26035190, -0.07930975, 0.96225090
0.12560520, 0.20599770
-0.47495700, 0.08195700, 0.26072300
-0.46742580, 0.01495622, 0.88390580
0.10634910, 0.20352500
-0.39046600, 0.04159600, 0.24495200
0.23243700, -0.53634740, 0.81135970
0.12857770, 0.21405220
-0.38298600, 0.10178400, 0.24788900
0.34668590, 0.38300550, 0.85622180
0.13054550, 0.19835350
-0.48098000, 0.11447700, 0.23734000
-0.41033900, 0.48105970, 0.77472810
0.10476450, 0.19504280
-0.36411500, 0.05295500, 0.25940300
0.95130350, -0.30825560, 0.00000000
0.33910170, -0.19495870
-0.36198500, 0.05952900, 0.25085000
0.95130350, -0.30825560, 0.00000000
0.33717090, -0.19655750
-0.36198500, 0.05952900, 0.25940300
0.95130350, -0.30825560, 0.00000000
0.33910170, -0.19655750
-0.36411500, 0.05295500, 0.25085000
0.95130350, -0.30825560, 0.00000000
0.33717090, -0.19495870
-0.43529500, 0.07602000, 0.25940300
-0.95130460, 0.30825240, 0.00000000
0.12754450, 0.22248790
-0.43316500, 0.08259300, 0.25085000
-0.95130460, 0.30825240, 0.00000000
0.12680400, 0.22022170
-0.43529500, 0.07602000, 0.25085000
-0.95130460, 0.30825240, 0.00000000
0.12754450, 0.22248790
-0.43316500, 0.08259300, 0.25940300
-0.95130460, 0.30825240, 0.00000000
0.12680400, 0.22022170
-0.36411500, 0.05295500, 0.25940300
-0.21797010, -0.67267290, 0.70710690
0.10279430, 0.23043900
-0.43316500, 0.08259300, 0.25940300
0.21797110, 0.67267420, 0.70710540
0.12680400, 0.22022170
-0.43529500, 0.07602000, 0.25940300
-0.21796980, -0.67267220, 0.70710770
0.12754450, 0.22248790
-0.36198500, 0.05952900, 0.25940300
0.21797060, 0.67267260, 0.70710710
0.10205360, 0.22817280
-0.43316500, 0.08259300, 0.25085000
0.21797110, 0.67267400, -0.70710560
0.12680400, 0.22022170
-0.36198500, 0.05952900, 0.25085000
0.21797070, 0.67267270, -0.70710690
0.10205360, 0.22817280
-0.43529500, 0.07602000, 0.25085000
-0.21796970, -0.67267190, -0.70710800
0.12754450, 0.22248790
-0.36411500, 0.05295500, 0.25085000
-0.21797010, -0.67267320, -0.70710660
0.10279430, 0.23043900
0.39859300, -0.07741500, 0.37074100
0.99467530, 0.10305800, -0.00000011
0.66031060, 0.13556030
0.36906800, 0.06388500, -0.07274500
0.97885860, 0.20453800, -0.00000012
0.76251510, 0.10285000
0.36906800, 0.06388500, 0.37182200
0.97885860, 0.20453780, -0.00000022
0.66006190, 0.10285000
0.39859300, -0.07741500, -0.07295000
0.99470540, 0.10276760, -0.00000009
0.76256210, 0.13556030
0.39859300, -0.30601700, -0.07294900
1.00000000, 0.00000012, -0.00000006
0.76256250, 0.18848060
0.39859300, -0.30601700, 0.37074300
1.00000000, 0.00000000, 0.00000000
0.66031100, 0.18848060
0.37021900, -0.08059700, 0.35389600
-0.99379720, -0.11120780, 0.00000021
0.86446650, 0.61975690
0.34069400, 0.04999700, -0.05589100
-0.97538210, -0.22052140, 0.00000016
0.96189660, 0.58610120
0.37021900, -0.08059700, -0.05608100
-0.99383210, -0.11089590, 0.00000009
0.96194180, 0.61975690
0.34069400, 0.04999700, 0.35489500
-0.97538230, -0.22052050, 0.00000045
0.86422920, 0.58610120
0.37021900, -0.29187700, -0.05607900
-1.00000000, -0.00000013, 0.00000006
0.96194140, 0.67420670
0.37021900, -0.29187700, 0.35389800
-1.00000000, 0.00000000, 0.00000000
0.86446630, 0.67420670
0.36906800, 0.06388500, 0.37182200
-0.43962780, 0.89818010, 0.00000020
0.86020460, 0.58252200
0.34069400, 0.04999700, -0.05589100
-0.43962780, 0.89818010, 0.00000020
0.96189660, 0.58610120
0.34069400, 0.04999700, 0.35489500
-0.43962780, 0.89818010, 0.00000020
0.86422920, 0.58610120
0.36906800, 0.06388500, -0.07274500
-0.43962860, 0.89817970, 0.00000027
0.96590370, 0.58252200
0.36906800, 0.06388500, -0.07274500
-0.47461450, -0.10458090, -0.87395880
0.96590370, 0.58252200
0.37021900, -0.08059700, -0.05608100
-0.50388670, -0.05178583, -0.86221600
0.96194180, 0.61975690
0.34069400, 0.04999700, -0.05589100
-0.46943690, -0.10485780, -0.87671770
0.96189660, 0.58610120
0.39859300, -0.07741500, -0.07295000
-0.50604560, -0.05190570, -0.86094350
0.96595260, 0.61893700
0.37021900, -0.29187700, -0.05607900
-0.51104010, -0.00000632, -0.85955690
0.96194140, 0.67420670
0.39859300, -0.30601700, -0.07294900
-0.51104000, -0.00000632, -0.85955690
0.96595220, 0.67785100
0.39859300, -0.30601700, -0.07294900
-0.44604460, -0.89501070, 0.00000004
0.96595220, 0.67785100
0.37021900, -0.29187700, 0.35389800
-0.44604460, -0.89501070, 0.00000004
0.86446630, 0.67420670
0.37021900, -0.29187700, -0.05607900
-0.44604460, -0.89501070, 0.00000004
0.96194140, 0.67420670
0.39859300, -0.30601700, 0.37074300
-0.44604410, -0.89501090, 0.00000008
0.86046120, 0.67785100
0.39859300, -0.30601700, 0.37074300
-0.51049290, 0.00000526, 0.85988190
0.86046120, 0.67785100
0.37021900, -0.08059700, 0.35389600
-0.50464900, -0.05948652, 0.86127280
0.86446650, 0.61975690
0.37021900, -0.29187700, 0.35389800
-0.51049290, 0.00000528, 0.85988200
0.86446630, 0.67420670
0.39859300, -0.07741500, 0.37074100
-0.50239570, -0.05877825, 0.86263760
0.86046150, 0.61893700
0.34069400, 0.04999700, 0.35489500
-0.47451900, -0.10696570, 0.87372200
0.86422920, 0.58610120
0.36906800, 0.06388500, 0.37182200
-0.47103940, -0.10512290, 0.87582590
0.86020460, 0.58252200
0.48832700, 0.05428800, 0.23440300
-0.11139920, 0.03461913, -0.99317260
0.89412490, 0.19411790
0.38285400, 0.10178400, 0.24788900
-0.11139910, 0.03461928, -0.99317260
0.86597150, 0.18190780
0.48084700, 0.11447700, 0.23734000
-0.11139920, 0.03461896, -0.99317260
0.89212830, 0.17864480
0.39033400, 0.04159600, 0.24495200
-0.11139900, 0.03461945, -0.99317260
0.86796800, 0.19738090
0.48832700, 0.05428800, 0.23440300
0.52458960, -0.43829250, 0.72986670
0.89412490, 0.19411790
0.40163200, 0.07247600, 0.26860200
-0.26035200, -0.07930910, 0.96225090
0.87098380, 0.18944220
0.39033400, 0.04159600, 0.24495200
-0.23243600, -0.53634650, 0.81136050
0.86796800, 0.19738090
0.47482500, 0.08195700, 0.26072300
0.46742560, 0.01495637, 0.88390590
0.89052080, 0.18700500
0.38285400, 0.10178400, 0.24788900
-0.34668550, 0.38300610, 0.85622170
0.86597150, 0.18190780
0.48084700, 0.11447700, 0.23734000
0.41033880, 0.48105960, 0.77472810
0.89212830, 0.17864480
0.36398300, 0.05295500, 0.25940200
-0.95130350, -0.30825560, 0.00000000
0.34054410, -0.21151050
0.36185300, 0.05952900, 0.25085000
-0.95130350, -0.30825560, 0.00000000
0.33861930, -0.21311430
0.36398300, 0.05295500, 0.25085000
-0.95130350, -0.30825560, 0.00000000
0.33861930, -0.21151050
0.36185300, 0.05952900, 0.25940200
-0.95130350, -0.30825560, 0.00000000
0.34054410, -0.21311430
0.43516200, 0.07602000, 0.25940200
0.95130300, 0.30825740, 0.00000000
0.86750670, 0.20916750
0.43303200, 0.08259300, 0.25085000
0.95130300, 0.30825740, 0.00000000
0.86825820, 0.20693400
0.43303200, 0.08259300, 0.25940200
0.95130300, 0.30825730, 0.00000000
0.86825820, 0.20693400
0.43516200, 0.07602000, 0.25085000
0.95130300, 0.30825730, 0.00000000
0.86750670, 0.20916750
0.36398300, 0.05295500, 0.25940200
0.21797010, -0.67267320, 0.70710660
0.89261750, 0.21700430
0.43303200, 0.08259300, 0.25940200
-0.21797080, 0.67267270, 0.70710680
0.86825820, 0.20693400
0.36185300, 0.05952900, 0.25940200
-0.21797070, 0.67267240, 0.70710720
0.89336900, 0.21477070
0.43516200, 0.07602000, 0.25940200
0.21797020, -0.67267330, 0.70710650
0.86750670, 0.20916750
0.43303200, 0.08259300, 0.25085000
-0.21797080, 0.67267280, -0.70710680
0.86825820, 0.20693400
0.36185300, 0.05952900, 0.25085000
-0.21797070, 0.67267250, -0.70710720
0.89336900, 0.21477070
0.43516200, 0.07602000, 0.25085000
0.21797020, -0.67267330, -0.70710650
0.86750670, 0.20916750
0.36398300, 0.05295500, 0.25085000
0.21797010, -0.67267320, -0.70710660
0.89261750, 0.21700430
-0.36906800, 0.06388500, -0.07274400
-0.92740770, 0.37405210, 0.00000014
0.37229740, 0.07687140
-0.28656200, 0.26844600, 0.22395500
-0.92740770, 0.37405210, 0.00000014
0.44014480, 0.02648610
-0.28656200, 0.26844600, -0.04477800
-0.92740770, 0.37405210, 0.00000013
0.37869270, 0.02648610
-0.36906800, 0.06388500, 0.37182200
-0.92740770, 0.37405210, 0.00000014
0.47395790, 0.07687140
0.36906800, 0.06388500, -0.07274500
0.92740770, 0.37405210, -0.00000026
0.62178780, 0.07526183
0.28656200, 0.26844600, 0.22395500
0.92740770, 0.37405200, -0.00000022
0.55415400, 0.02471751
0.36906800, 0.06388500, 0.37182200
0.92740770, 0.37405190, -0.00000017
0.52044730, 0.07526183
0.28656200, 0.26844600, -0.04477800
0.92740770, 0.37405220, -0.00000033
0.61541270, 0.02471751
-0.37620000, 0.00374000, 1.04728500
-0.10793590, 0.03888424, 0.99339710
0.56677170, 0.88682840
-0.27615200, -0.01154300, 1.04941900
-0.04704724, 0.99445970, 0.09400219
0.81832300, 0.45972560
0.00000000, 0.04883700, 0.54886300
0.00057267, 0.99556820, 0.09404015
0.86061870, 0.37976770
-0.27615200, 0.03507900, 0.54886300
-0.04954478, 0.99446760, 0.09262528
0.81832300, 0.37976770
0.00000000, -0.00066900, 1.06922700
0.00053786, 0.99556790, 0.09404404
0.86061870, 0.46288960
0.27615200, 0.03507900, 0.54886300
0.04838318, 0.99439680, 0.09398977
0.90291450, 0.37976770
0.27615200, -0.01154300, 1.04941900
0.04581100, 0.99464510, 0.09264179
0.90291450, 0.45972560
-0.27615200, -0.01154300, 1.04941900
0.07610966, 0.39188060, -0.91686250
0.81832300, 0.45972560
0.00000000, 0.02364200, 1.08738200
-0.00868022, 0.59300080, -0.80515510
0.86061870, 0.46578970
0.00000000, -0.00066900, 1.06922700
-0.00993295, 0.59348420, -0.80478430
0.86061870, 0.46288960
-0.30234300, 0.00764700, 1.05515700
0.07796289, 0.38176320, -0.92096610
0.81431140, 0.46064220
0.30221900, 0.00765400, 1.05517000
-0.05347138, 0.38681080, -0.92060750
0.90690680, 0.46064420
0.27615200, -0.01154300, 1.04941900
-0.05315951, 0.35212050, -0.93444380
0.90291450, 0.45972560
0.27615200, -0.01154300, 1.04941900
-0.66693710, 0.72742790, 0.16138030
0.90291450, 0.45972560
0.30221900, 0.00765400, 1.05517000
-0.60932760, 0.76622020, 0.20402580
0.90690680, 0.46064420
0.30119500, 0.02654300, 0.98117800
-0.76286220, 0.64180890, 0.07824718
0.90675020, 0.44882490
0.30158100, 0.06905500, 0.53379800
-0.78669820, 0.61467430, 0.05728399
0.90680920, 0.37736110
0.27615200, 0.03507900, 0.54886300
-0.78695250, 0.61435460, 0.05722147
0.90291450, 0.37976770
0.27615200, 0.03507900, 0.54886300
0.02016705, 0.39229870, 0.91961680
0.90291450, 0.37976770
0.00000000, 0.08452000, 0.53382800
-0.00028997, 0.38848720, 0.92145410
0.86061870, 0.37736610
0.00000000, 0.04883700, 0.54886300
-0.00031311, 0.38847840, 0.92145780
0.86061870, 0.37976770
0.30158100, 0.06905500, 0.53379800
0.02022443, 0.39258200, 0.91949460
0.90680920, 0.37736110
-0.30158100, 0.06905500, 0.53379800
-0.01963211, 0.39239280, 0.91958820
0.81442820, 0.37736110
-0.27615200, 0.03507900, 0.54886300
-0.01957901, 0.39299430, 0.91933240
0.81832300, 0.37976770
-0.27615200, 0.03507900, 0.54886300
0.78667360, 0.61466620, 0.05770675
0.81832300, 0.37976770
-0.30119500, 0.02654300, 0.98117800
0.76319530, 0.64143960, 0.07802682
0.81448730, 0.44882490
-0.27615200, -0.01154300, 1.04941900
0.66563180, 0.72842530, 0.16226770
0.81832300, 0.45972560
-0.30158100, 0.06905500, 0.53379800
0.78682150, 0.61447640, 0.05771157
0.81442820, 0.37736110
-0.30234300, 0.00764700, 1.05515700
0.60732460, 0.76743270, 0.20543580
0.81431140, 0.46064220
0.00000000, 0.08452000, 0.53382800
0.00000002, 0.99542670, 0.09552802
0.69108340, 0.68205170
-0.30119500, 0.02654300, 0.98117800
-0.06006933, 0.98483900, 0.16273840
0.58947970, 0.83671440
0.00000000, 0.04092100, 0.98120800
0.00000003, 0.99167660, 0.12875380
0.69108340, 0.83672510
-0.30158100, 0.06905500, 0.53379700
-0.05099196, 0.99421630, 0.09451926
0.58934960, 0.68204120
0.30119500, 0.02654300, 0.98117800
0.06006029, 0.98484680, 0.16269480
0.79268690, 0.83671440
0.30158100, 0.06905500, 0.53379700
0.05099199, 0.99421630, 0.09451927
0.79281720, 0.68204120
0.00000000, 0.02364200, 1.08738200
0.00000004, 0.98462550, 0.17467850
0.69108360, 0.87343240
-0.30234300, 0.00764700, 1.05515700
-0.07729606, 0.96628420, 0.24560180
0.58906450, 0.86253450
0.30221900, 0.00765400, 1.05517000
0.07729605, 0.96628430, 0.24560130
0.79306500, 0.86243560
0.00000000, 0.07594000, 0.53285200
0.00000094, -0.99542780, -0.09551626
0.69108340, 0.68205170
-0.29622500, 0.01796300, 0.98020200
0.06147803, -0.98400880, -0.16717420
0.58947970, 0.83671440
-0.29660100, 0.06047500, 0.53282200
0.05184592, -0.99417250, -0.09451462
0.58934960, 0.68204120
0.00000000, 0.03234100, 0.98023200
0.00000087, -0.99138520, -0.13097820
0.69108340, 0.83672510
0.29623600, 0.01796300, 0.98020200
-0.06146623, -0.98401740, -0.16712760
0.79268690, 0.83671440
0.29661200, 0.06047500, 0.53282200
-0.05184405, -0.99417260, -0.09451461
0.79281720, 0.68204120
0.00000000, 0.01506200, 1.08346400
0.00000099, -0.98372470, -0.17968210
0.69108360, 0.87343240
-0.29734100, -0.00093200, 1.05124000
0.07948073, -0.96365040, -0.25507000
0.58906450, 0.86253450
0.29723100, -0.00092600, 1.05125300
-0.07947756, -0.96365090, -0.25506920
0.79306500, 0.86243560
-0.30234300, 0.00764700, 1.05515700
-0.07477488, -0.41416120, 0.90712690
0.58906450, 0.86253450
0.00000000, 0.01506200, 1.08346400
-0.07477488, -0.41416120, 0.90712690
0.69108360, 0.87343240
0.00000000, 0.02364200, 1.08738200
-0.07477488, -0.41416120, 0.90712690
0.69108360, 0.87343240
0.00000000, 0.01506200, 1.08346400
-0.07238375, -0.44884490, 0.89067330
0.69108360, 0.87343240
-0.30234300, 0.00764700, 1.05515700
-0.07238375, -0.44884490, 0.89067330
0.58906450, 0.86253450
-0.29734100, -0.00093200, 1.05124000
-0.07238375, -0.44884490, 0.89067330
0.58906450, 0.86253450
0.00000000, 0.02364200, 1.08738200
0.07125967, -0.44824790, 0.89106450
0.69108360, 0.87343240
0.29723100, -0.00092600, 1.05125300
0.07125967, -0.44824790, 0.89106450
0.79306500, 0.86243560
0.30221900, 0.00765400, 1.05517000
0.07125967, -0.44824790, 0.89106450
0.79306500, 0.86243560
0.29723100, -0.00092600, 1.05125300
0.07602237, -0.41412190, 0.90704110
0.79306500, 0.86243560
0.00000000, 0.02364200, 1.08738200
0.07602237, -0.41412190, 0.90704110
0.69108360, 0.87343240
0.00000000, 0.01506200, 1.08346400
0.07602237, -0.41412190, 0.90704110
0.69108360, 0.87343240
0.30221900, 0.00765400, 1.05517000
0.86440070, -0.48418590, -0.13555630
0.79306500, 0.86243560
0.29623600, 0.01796300, 0.98020200
0.86440070, -0.48418590, -0.13555630
0.79268690, 0.83671440
0.30119500, 0.02654300, 0.98117800
0.86440070, -0.48418590, -0.13555630
0.79268690, 0.83671440
0.29623600, 0.01796300, 0.98020200
0.88202010, -0.45218150, -0.13256140
0.79268690, 0.83671440
0.30221900, 0.00765400, 1.05517000
0.88202010, -0.45218150, -0.13256140
0.79306500, 0.86243560
0.29723100, -0.00092600, 1.05125300
0.88202010, -0.45218150, -0.13256140
0.79306500, 0.86243560
0.30119500, 0.02654300, 0.98117800
0.86667190, -0.49671130, -0.04645226
0.79268690, 0.83671440
0.29661200, 0.06047500, 0.53282200
0.86667190, -0.49671130, -0.04645226
0.79281720, 0.68204120
0.30158100, 0.06905500, 0.53379700
0.86667190, -0.49671130, -0.04645226
0.79281720, 0.68204120
0.29661200, 0.06047500, 0.53282200
0.86713610, -0.49590560, -0.04639603
0.79281720, 0.68204120
0.30119500, 0.02654300, 0.98117800
0.86713610, -0.49590560, -0.04639603
0.79268690, 0.83671440
0.29623600, 0.01796300, 0.98020200
0.86713610, -0.49590560, -0.04639603
0.79268690, 0.83671440
0.30158100, 0.06905500, 0.53379700
0.00569424, 0.11300490, -0.99357810
0.79281720, 0.68204120
0.00000000, 0.07594000, 0.53285200
0.00569424, 0.11300490, -0.99357810
0.69108340, 0.68205170
0.00000000, 0.08452000, 0.53382800
0.00569424, 0.11300490, -0.99357810
0.69108340, 0.68205170
0.00000000, 0.07594000, 0.53285200
0.00562168, 0.10977670, -0.99394040
0.69108340, 0.68205170
0.30158100, 0.06905500, 0.53379700
0.00562168, 0.10977670, -0.99394040
0.79281720, 0.68204120
0.29661200, 0.06047500, 0.53282200
0.00562168, 0.10977670, -0.99394040
0.79281720, 0.68204120
0.00000000, 0.08452000, 0.53382800
-0.00553165, 0.10983000, -0.99393500
0.69108340, 0.68205170
-0.29660100, 0.06047500, 0.53282200
-0.00553165, 0.10983000, -0.99393500
0.58934960, 0.68204120
-0.30158100, 0.06905500, 0.53379700
-0.00553165, 0.10983000, -0.99393500
0.58934960, 0.68204120
-0.29660100, 0.06047500, 0.53282200
-0.00579023, 0.11300480, -0.99357750
0.58934960, 0.68204120
0.00000000, 0.08452000, 0.53382800
-0.00579023, 0.11300480, -0.99357750
0.69108340, 0.68205170
0.00000000, 0.07594000, 0.53285200
-0.00579023, 0.11300480, -0.99357750
0.69108340, 0.68205170
-0.30158100, 0.06905500, 0.53379700
-0.86666630, -0.49672100, -0.04645292
0.58934960, 0.68204120
-0.29622500, 0.01796300, 0.98020200
-0.86666630, -0.49672100, -0.04645292
0.58947970, 0.83671440
-0.30119500, 0.02654300, 0.98117800
-0.86666630, -0.49672100, -0.04645292
0.58947970, 0.83671440
-0.29622500, 0.01796300, 0.98020200
-0.86620270, -0.49751990, -0.04654991
0.58947970, 0.83671440
-0.30158100, 0.06905500, 0.53379700
-0.86620270, -0.49751990, -0.04654991
0.58934960, 0.68204120
-0.29660100, 0.06047500, 0.53282200
-0.86620270, -0.49751990, -0.04654991
0.58934960, 0.68204120
-0.30119500, 0.02654300, 0.98117800
-0.88125430, -0.45448250, -0.12975600
0.58947970, 0.83671440
-0.29734100, -0.00093200, 1.05124000
-0.88125430, -0.45448250, -0.12975600
0.58906450, 0.86253450
-0.30234300, 0.00764700, 1.05515700
-0.88125430, -0.45448250, -0.12975600
0.58906450, 0.86253450
-0.29734100, -0.00093200, 1.05124000
-0.86344620, -0.48395580, -0.14229360
0.58906450, 0.86253450
-0.30119500, 0.02654300, 0.98117800
-0.86344620, -0.48395580, -0.14229360
0.58947970, 0.83671440
-0.29622500, 0.01796300, 0.98020200
-0.86344620, -0.48395580, -0.14229360
0.58947970, 0.83671440
# Number of Faces:
646
# Face Data:
0, 1, 2
0, 3, 4
3, 0, 2
5, 6, 7
6, 5, 8
4, 9, 10
9, 4, 3
11, 12, 13
11, 14, 12
11, 15, 14
16, 17, 18
17, 16, 19
20, 21, 22
21, 23, 22
23, 21, 24
24, 25, 23
25, 24, 26
27, 28, 29
28, 27, 30
8, 31, 32
23, 33, 34
33, 23, 25
29, 35, 36
35, 29, 28
37, 38, 34
34, 33, 37
39, 36, 35
36, 40, 41
39, 40, 36
42, 43, 44
43, 45, 44
15, 46, 47
46, 15, 11
39, 48, 49
48, 39, 35
50, 30, 51
30, 50, 28
18, 52, 53
52, 18, 17
54, 28, 55
28, 54, 35
56, 28, 50
28, 56, 55
35, 54, 57
57, 48, 35
58, 59, 60
60, 59, 61
61, 59, 62
63, 64, 65
64, 63, 66
66, 67, 64
67, 68, 64
68, 67, 69
69, 70, 68
70, 71, 68
71, 70, 72
5, 73, 74
75, 76, 77
76, 75, 78
76, 79, 77
79, 76, 80
77, 81, 82
81, 77, 79
83, 84, 85
83, 86, 84
87, 88, 89
88, 87, 82
82, 90, 88
90, 82, 81
91, 82, 92
82, 91, 77
93, 82, 87
82, 93, 92
77, 91, 94
94, 75, 77
95, 96, 97
97, 96, 98
98, 96, 99
100, 101, 102
101, 100, 103
103, 104, 101
104, 105, 101
105, 104, 106
106, 107, 105
107, 83, 105
83, 107, 86
27, 108, 109
108, 27, 110
110, 111, 108
111, 110, 112
112, 113, 111
113, 112, 80
80, 114, 113
114, 80, 76
76, 115, 114
115, 76, 78
116, 51, 117
51, 118, 117
118, 51, 30
30, 109, 118
109, 30, 27
115, 116, 117
116, 115, 119
115, 78, 119
120, 121, 122
121, 120, 123
124, 125, 126
125, 124, 127
128, 129, 130
129, 128, 131
132, 133, 134
133, 132, 135
135, 136, 133
136, 135, 137
138, 139, 140
122, 141, 142
141, 122, 121
126, 143, 144
143, 126, 125
145, 129, 146
129, 145, 130
134, 147, 148
147, 134, 133
133, 149, 147
149, 133, 136
140, 150, 151
150, 140, 139
142, 141, 152
151, 150, 153
154, 5, 155
5, 154, 8
156, 2, 1
156, 157, 2
157, 156, 158
159, 155, 160
155, 159, 154
158, 161, 157
161, 158, 162
163, 164, 165
164, 163, 166
167, 17, 19
17, 167, 168
20, 22, 169
169, 170, 171
170, 169, 22
171, 172, 173
172, 171, 170
174, 175, 176
175, 174, 177
154, 178, 179
154, 31, 8
31, 154, 179
170, 180, 172
180, 170, 181
177, 182, 175
182, 177, 183
184, 185, 186
185, 184, 187
188, 181, 189
181, 188, 180
183, 190, 182
190, 183, 191
192, 193, 194
194, 193, 45
194, 45, 43
195, 15, 47
195, 166, 15
195, 164, 166
190, 196, 182
196, 190, 197
176, 198, 199
198, 176, 175
168, 52, 17
52, 168, 200
201, 175, 182
175, 201, 202
203, 198, 175
175, 202, 203
182, 204, 201
204, 182, 196
205, 206, 207
206, 208, 207
208, 209, 207
210, 208, 211
208, 210, 209
211, 208, 212
212, 206, 213
206, 212, 208
213, 206, 214
214, 205, 215
205, 214, 206
5, 216, 155
216, 5, 74
155, 216, 217
218, 219, 220
219, 218, 221
218, 222, 223
222, 218, 220
224, 225, 226
225, 224, 227
225, 228, 226
220, 229, 222
229, 220, 230
83, 85, 231
231, 85, 232
231, 232, 233
234, 235, 230
235, 234, 236
230, 237, 229
237, 230, 235
238, 230, 220
230, 238, 239
240, 234, 230
230, 239, 240
220, 241, 238
241, 220, 219
242, 243, 244
243, 245, 244
245, 246, 244
247, 248, 249
248, 247, 250
249, 248, 251
251, 252, 253
252, 251, 248
253, 252, 254
254, 231, 233
231, 254, 252
174, 255, 256
255, 174, 257
256, 258, 259
258, 256, 255
259, 260, 223
260, 259, 258
223, 261, 218
261, 223, 260
218, 262, 221
262, 218, 261
263, 264, 199
199, 265, 176
265, 199, 264
176, 257, 174
257, 176, 265
262, 263, 266
263, 262, 264
262, 266, 221
267, 268, 269
268, 267, 270
271, 272, 273
272, 271, 274
273, 275, 276
275, 273, 272
276, 277, 278
277, 276, 275
279, 280, 281
280, 279, 282
283, 284, 285
284, 283, 286
285, 287, 288
287, 285, 284
289, 290, 291
270, 141, 268
141, 270, 292
274, 143, 272
143, 274, 144
293, 294, 295
294, 293, 296
297, 298, 299
298, 297, 300
282, 146, 280
146, 282, 145
286, 147, 284
147, 286, 148
284, 149, 287
149, 284, 147
289, 301, 290
301, 289, 151
292, 152, 141
151, 153, 301
302, 142, 303
142, 302, 122
142, 304, 303
304, 142, 152
152, 305, 304
305, 152, 292
292, 306, 305
306, 292, 270
307, 294, 296
294, 307, 308
308, 309, 294
309, 308, 310
311, 312, 313
312, 311, 314
314, 315, 312
315, 314, 316
317, 295, 318
295, 317, 319
319, 293, 295
293, 319, 320
321, 322, 293
322, 323, 296
294, 324, 300
324, 294, 309
313, 312, 325
312, 326, 325
326, 312, 315
318, 297, 327
297, 318, 295
295, 300, 297
300, 295, 294
328, 184, 186
184, 328, 329
205, 207, 330
207, 331, 330
331, 207, 209
332, 185, 187
185, 332, 333
62, 334, 335
334, 62, 59
336, 71, 337
96, 95, 338
339, 225, 227
225, 339, 340
246, 341, 244
341, 246, 342
343, 224, 226
224, 343, 344
345, 346, 347
346, 345, 348
349, 350, 351
350, 349, 352
353, 354, 355
354, 353, 356
357, 358, 359
358, 357, 360
347, 361, 362
361, 347, 346
351, 350, 363
359, 358, 364
355, 365, 366
365, 355, 354
359, 364, 367
362, 366, 365
366, 362, 361
363, 350, 368
345, 369, 348
369, 345, 370
349, 371, 352
371, 349, 372
353, 373, 356
373, 353, 374
357, 375, 360
375, 357, 376
370, 377, 369
377, 370, 378
372, 379, 371
376, 380, 375
374, 381, 373
381, 374, 382
380, 376, 383
378, 382, 377
382, 378, 381
379, 384, 371
385, 386, 387
386, 385, 388
389, 390, 391
390, 389, 392
393, 394, 395
394, 393, 396
397, 398, 399
398, 397, 400
388, 401, 386
401, 388, 402
392, 403, 390
400, 404, 398
396, 405, 394
405, 396, 406
400, 407, 404
402, 406, 401
406, 402, 405
403, 408, 390
385, 409, 410
409, 385, 387
389, 411, 412
411, 389, 391
393, 413, 414
413, 393, 395
397, 415, 416
415, 397, 399
410, 417, 418
417, 410, 409
412, 411, 419
416, 415, 420
414, 421, 422
421, 414, 413
416, 420, 423
418, 422, 421
422, 418, 417
419, 411, 424
425, 426, 427
426, 425, 428
425, 429, 430
429, 425, 427
431, 429, 432
429, 431, 430
433, 426, 428
426, 433, 434
433, 435, 434
435, 433, 436
435, 437, 438
437, 435, 436
439, 440, 441
440, 439, 442
442, 443, 440
443, 442, 444
444, 441, 443
441, 444, 439
441, 445, 446
445, 441, 440
440, 447, 445
447, 440, 443
443, 446, 447
446, 443, 441
446, 448, 449
448, 446, 445
445, 450, 448
450, 445, 447
447, 449, 450
449, 447, 446
449, 451, 452
451, 449, 448
448, 453, 451
453, 448, 450
450, 452, 453
452, 450, 449
452, 454, 455
454, 452, 451
451, 456, 454
456, 451, 453
453, 455, 456
455, 453, 452
455, 442, 439
442, 455, 454
454, 444, 442
444, 454, 456
456, 439, 444
439, 456, 455
457, 458, 459
458, 457, 460
461, 462, 463
462, 461, 464
465, 464, 461
464, 465, 466
466, 462, 464
462, 466, 467
467, 463, 462
463, 467, 468
468, 461, 463
461, 468, 465
469, 99, 96
96, 338, 469
470, 242, 244
244, 341, 470
471, 472, 473
472, 471, 474
473, 472, 475
471, 476, 474
476, 471, 477
477, 478, 476
479, 480, 481
480, 479, 482
482, 483, 480
483, 482, 484
484, 485, 483
485, 484, 486
487, 488, 489
488, 487, 490
490, 491, 488
491, 490, 492
492, 481, 491
481, 492, 479
481, 493, 494
493, 481, 480
480, 495, 493
495, 480, 483
483, 496, 495
496, 483, 485
489, 497, 498
497, 489, 488
488, 499, 497
499, 488, 491
491, 494, 499
494, 491, 481
494, 477, 471
477, 494, 493
493, 478, 477
478, 493, 495
495, 500, 478
500, 495, 496
498, 475, 501
475, 498, 497
497, 473, 475
473, 497, 499
499, 471, 473
471, 499, 494
322, 296, 293
502, 503, 504
505, 506, 507
508, 509, 510
509, 508, 511
512, 513, 514
513, 512, 515
512, 516, 517
516, 512, 514
518, 519, 520
519, 518, 521
518, 522, 521
522, 518, 523
524, 525, 526
525, 524, 527
528, 529, 530
529, 528, 531
530, 532, 533
532, 530, 529
534, 535, 536
535, 534, 537
538, 539, 540
539, 538, 541
540, 542, 543
542, 540, 539
544, 545, 546
545, 544, 547
548, 549, 550
549, 548, 551
551, 552, 549
552, 550, 549
550, 552, 553
553, 548, 550
554, 555, 556
555, 554, 557
558, 559, 560
559, 558, 561
562, 563, 564
563, 562, 565
565, 566, 563
566, 565, 567
567, 568, 566
568, 567, 569
569, 564, 568
564, 569, 562
570, 571, 572
571, 570, 573
570, 574, 573
574, 570, 575
576, 577, 578
577, 576, 579
576, 580, 581
580, 576, 578
582, 583, 584
583, 582, 585
586, 587, 588
587, 586, 589
589, 590, 587
590, 589, 591
592, 593, 594
593, 592, 595
596, 597, 598
597, 596, 599
599, 600, 597
600, 599, 601
602, 603, 604
603, 602, 605
606, 607, 608
607, 606, 609
608, 607, 610
610, 609, 611
609, 610, 607
611, 609, 606
612, 613, 614
613, 612, 615
616, 617, 618
617, 616, 619
620, 621, 622
621, 620, 623
622, 624, 625
624, 622, 621
625, 626, 627
626, 625, 624
627, 623, 620
623, 627, 626
628, 629, 630
629, 628, 631
632, 633, 634
633, 632, 635
12, 636, 13
163, 15, 166
15, 163, 14
637, 638, 639
638, 637, 640
640, 641, 638
641, 640, 642
643, 644, 645
644, 643, 646
645, 647, 648
647, 645, 644
649, 650, 651
649, 652, 653
652, 649, 651
654, 655, 656
655, 654, 657
656, 658, 659
658, 656, 655
660, 661, 662
661, 660, 663
662, 661, 664
665, 666, 667
666, 665, 668
665, 669, 670
669, 665, 667
671, 666, 672
666, 671, 667
669, 671, 673
671, 669, 667
674, 675, 676
675, 674, 677
674, 678, 677
678, 674, 679
680, 675, 677
675, 680, 681
678, 680, 677
680, 678, 682
683, 684, 685
686, 687, 688
689, 690, 691
692, 693, 694
695, 696, 697
698, 699, 700
701, 702, 703
704, 705, 706
707, 708, 709
710, 711, 712
713, 714, 715
716, 717, 718
719, 720, 721
722, 723, 724
725, 726, 727
728, 729, 730
