# Project Zomboid Mesh
# File Version:
1.00000000
# Model Name:
Vehicles_PickUpTruck
# Vertex Stride Element Count:
3
# Vertex Stride Size (in bytes):
76
# Vertex Stride Data:
# (Int)    Offset
# (String) Type
0
VertexArray
12
NormalArray
24
TextureCoordArray
# Vertex Count:
760
# Vertex Buffer:
-0.11241200, 0.31525100, 0.32235900
-0.18608090, 0.46879960, 0.86348180
0.65278760, 0.52473410
0.00000000, 0.31850100, 0.32854900
-0.00139067, 0.51093300, 0.85961940
0.69396080, 0.52700010
0.00000000, 0.31850000, -0.07911900
-0.00000001, 0.99997340, -0.00728980
0.69396100, 0.37774710
-0.25097800, 0.30333400, -0.07911900
-0.30402220, 0.95265810, -0.00363055
0.60186850, 0.37774800
-0.25097800, 0.30333400, 0.27593000
-0.39885600, 0.67357000, 0.62226780
0.60186850, 0.50773640
0.00000000, 0.31850000, -0.07911900
-0.00003564, 0.14529460, -0.98938840
0.13974850, 0.42177730
-0.33817500, 0.07373400, -0.11243300
-0.06711270, 0.12244760, -0.99020330
0.02221392, 0.33068470
-0.25097800, 0.30333400, -0.07911900
-0.05202575, 0.16370920, -0.98513590
0.05245565, 0.41647260
0.00000000, 0.09001400, -0.11243200
-0.00002814, 0.07445829, -0.99722420
0.13980900, 0.33640230
-0.39879400, -0.32197200, -0.11243100
-0.00000002, -0.99968480, -0.02510508
0.30142420, 0.70868740
-0.39879400, -0.32197200, 0.37099100
0.00000000, 1.00000000, 0.00000000
0.30116730, 0.81631800
-0.39879400, -0.32197200, -0.07316200
0.00000000, 1.00000000, 0.00000000
0.30116730, 0.71791240
-0.39879400, -0.32197200, 0.41193500
-0.00005327, -0.99865960, 0.05175919
0.30170670, 0.82622040
-0.27490600, 0.28835300, -0.07784900
-0.75320240, 0.65729650, -0.02544419
0.59153230, 0.37821340
-0.27490700, 0.28835300, 0.24196100
-0.72386710, 0.68955110, 0.02314896
0.59153230, 0.49530040
-0.36880200, 0.06353700, -0.10992100
-0.14756900, 0.19700590, -0.96923270
0.01146798, 0.32732740
-0.27490600, 0.28835300, -0.07784900
-0.18493810, 0.21407210, -0.95915120
0.04403229, 0.41141090
-0.40530500, -0.07796800, 1.04724400
-0.11337960, -0.03816900, 0.99281830
0.55714360, 0.91369180
-0.30234300, 0.00698000, 1.05510700
-0.10793670, 0.03887992, 0.99339720
0.59102250, 0.88556990
-0.40530500, -0.07796800, 1.04724400
-0.10793760, 0.03888106, 0.99339710
0.55714360, 0.91369180
0.00000000, 0.02297500, 1.08733200
-0.00226697, 0.06499483, 0.99788300
0.69020620, 0.88031140
0.00000000, -0.07796800, 1.09408100
-0.00110353, -0.00567417, 0.99998330
0.69020620, 0.91375670
-0.36880200, 0.06353700, -1.07928000
-0.67232830, 0.15916410, -0.72293940
0.52606710, 0.37286230
0.00000000, -0.07797200, -1.09832000
0.00000006, 0.00801267, -0.99996790
0.41532690, 0.41656510
-0.39351100, -0.07797200, -1.08839200
-0.71103010, 0.10231360, -0.69567820
0.53351820, 0.41659310
0.00000000, 0.07440000, -1.09832000
0.00000000, 0.00000000, -1.00000000
0.41532560, 0.36956780
0.00000000, 0.09001400, 0.49852200
-0.00000006, 0.98507180, 0.17214430
0.69108360, 0.66986310
-0.11241200, 0.09001400, 0.49233200
-0.05286464, 0.96992560, 0.23759140
0.65316270, 0.66772260
0.00000000, 0.08385300, 0.53377800
-0.00000006, 0.98048460, 0.19659600
0.69108480, 0.68207350
-0.30158100, 0.06838800, 0.53374700
-0.15755280, 0.98457240, 0.07612076
0.58934960, 0.68204120
-0.30043900, 0.07373400, 0.44590300
-0.15030330, 0.98668200, 0.06218947
0.58973480, 0.65167120
-0.37000400, 0.05260400, 0.57000300
-0.67336770, 0.73745450, 0.05231499
0.56626800, 0.69457580
-0.36880200, 0.06353700, 0.41193400
-0.89338550, 0.44333660, -0.07290445
0.56667360, 0.63992640
-0.36880200, 0.06353700, 0.41193400
-0.89338550, 0.44333660, -0.07290445
0.34964360, 0.10270600
-0.40537100, -0.07797100, 0.57000300
-0.98255170, 0.18180620, -0.03922569
0.38607310, 0.13546590
-0.37000400, 0.05260400, 0.57000300
-0.67336770, 0.73745450, 0.05231499
0.38607310, 0.10523730
-0.39879400, -0.07797100, 0.41193400
-0.98711420, 0.11254140, -0.11375430
0.34964360, 0.13546590
-0.20799600, -0.30616100, 0.57037300
-0.00003825, -0.99505290, 0.09934618
0.35672210, 0.86049270
-0.41965700, -0.30616100, 0.57000500
-0.00017306, -0.99503680, 0.09950692
0.29509250, 0.86041120
-0.37535000, 0.01322600, 0.98163400
-0.64452410, 0.76002920, 0.08333277
0.56446490, 0.83688930
-0.30119500, 0.02587500, 0.98112800
-0.14354750, 0.97881510, 0.14599670
0.58947970, 0.83671440
-0.40534200, -0.07797400, 0.98163400
-0.97795000, 0.20714180, 0.02657414
0.48094040, 0.13546640
-0.37535000, 0.01322600, 0.98163400
-0.64452410, 0.76002920, 0.08333277
0.48094040, 0.11435340
-0.37620000, 0.00307300, 1.04723500
-0.63234000, 0.76229320, 0.13804070
0.56411270, 0.85982750
-0.40530500, -0.07796800, 1.04724400
-0.98757860, 0.15510480, 0.02512177
0.49606130, 0.13546510
-0.40530500, -0.07796800, 1.04724400
-0.94038610, 0.33773820, 0.04008745
0.49606130, 0.13546510
-0.37620000, 0.00307300, 1.04723500
-0.63234000, 0.76229320, 0.13804070
0.49605890, 0.11670380
-0.41962800, -0.30721500, 0.98163500
0.00151315, -0.77417190, 0.63297360
0.29510090, 0.95161130
-0.20796700, -0.30721500, 0.98112900
-0.04215200, -0.87030950, 0.49069800
0.35673060, 0.95149920
-0.40530500, -0.26528400, 1.03288600
-0.01152802, -0.79799660, 0.60255170
0.30090010, 0.96213080
0.00000000, -0.26528400, 1.07972300
-0.00000012, -0.90895650, 0.41689090
0.41728460, 0.97334330
-0.40530500, -0.26528400, 1.03288600
-0.11446450, -0.07592817, 0.99052150
0.55714850, 0.97577240
0.00000000, -0.26528400, 1.07972300
-0.00000010, -0.07643140, 0.99707480
0.69020620, 0.97582020
-0.41962800, -0.30721500, 0.98163500
-0.98170750, 0.02104255, 0.18922920
0.48094080, 0.18853690
-0.40530500, -0.26528400, 1.03288600
-0.95808120, -0.02189701, 0.28565880
0.49275200, 0.17882970
-0.41965700, -0.30616100, 0.57000500
-0.99268210, 0.02804115, -0.11745610
0.38607350, 0.18829300
-0.39879400, -0.32197200, 0.41193500
-0.98997400, 0.05369848, -0.13064480
0.34964390, 0.19195350
0.00000000, -0.26108400, -1.09831800
0.00000007, -0.64500240, -0.76418060
0.41532570, 0.47304300
-0.39879400, -0.26108400, -1.09241300
-0.58259590, -0.51444880, -0.62922520
0.53514830, 0.47312160
-0.41989800, -0.13047700, 0.89373500
-0.97617670, 0.21437140, 0.03352357
0.46068250, 0.14762130
-0.41990300, -0.13080500, 0.64066000
-0.97602490, 0.21378500, -0.04088245
0.40235750, 0.14769720
-0.41990900, -0.16033000, 0.60902600
-0.97795100, 0.08152506, -0.19226410
0.39506650, 0.15453250
-0.41989600, -0.16012200, 0.92536900
-0.98704360, 0.07936638, 0.13944860
0.46797340, 0.15448420
-0.20799600, -0.30616100, 0.57037300
-0.99556620, -0.09368854, 0.00838515
0.35672210, 0.86049270
-0.20798200, -0.28810100, 0.77386800
-0.99835000, -0.05742151, -0.00005504
0.35672630, 0.90557900
-0.22390600, -0.13080800, 0.64064600
-0.99529500, -0.09677616, 0.00470723
0.35208960, 0.87606250
-0.22390000, -0.13048000, 0.89372100
-0.99527320, -0.09700482, -0.00461996
0.35209160, 0.93914220
-0.20796700, -0.30721500, 0.98112900
-0.99852090, -0.05414819, -0.00490248
0.35673060, 0.95149920
-0.41962800, -0.30721500, 0.98163500
-0.04929874, -0.40053300, -0.91495510
0.29510090, 0.95161130
-0.22390000, -0.13048000, 0.89372100
-0.02135024, -0.84513800, -0.53412160
0.35209160, 0.93914220
-0.20796700, -0.30721500, 0.98112900
-0.00214260, -0.44347030, -0.89628650
0.35673060, 0.95149920
-0.41989600, -0.16012200, 0.92536900
-0.05598998, -0.53191630, -0.84494390
0.29502280, 0.93914520
-0.41989800, -0.13047700, 0.89373500
-0.00003860, -0.93020360, -0.36704400
0.29502240, 0.93213630
-0.22390600, -0.13080800, 0.64064600
-0.04903670, -0.83547380, 0.54733810
0.35208960, 0.87606250
-0.41990300, -0.13080500, 0.64066000
0.00001256, -0.93009910, 0.36730870
0.29502080, 0.87606540
-0.41990900, -0.16033000, 0.60902600
-0.02518162, -0.51145300, 0.85894220
0.29501920, 0.86905660
-0.20799600, -0.30616100, 0.57037300
-0.49033560, -0.28726430, 0.82283060
0.35672210, 0.86049270
-0.41965700, -0.30616100, 0.57000500
-0.00167839, -0.25848460, 0.96601390
0.29509250, 0.86041120
-0.41293000, -0.30881700, -0.37853000
-0.00000008, -0.99878030, -0.04937558
0.29705120, 0.65025540
-0.20126900, -0.30881700, -0.37853000
-0.00000002, -0.99878030, -0.04937553
0.35868080, 0.65025540
-0.41293000, -0.30881700, -0.37853000
-0.99801470, 0.03768564, 0.05046134
0.16746830, 0.18890790
-0.39879400, -0.07797100, -0.11243300
-0.99437560, 0.10491880, 0.01446069
0.22879440, 0.13546590
-0.39879400, -0.07797100, -0.37851600
-0.98767650, 0.15497350, 0.02187079
0.16747150, 0.13546590
-0.39879400, -0.32197200, -0.11243100
-0.99469700, 0.05018214, 0.08977583
0.22879490, 0.19195350
-0.36880200, 0.06353700, -0.37851600
-0.97826930, 0.20733830, -0.00000022
0.16747150, 0.10270610
-0.36880200, 0.06353700, -0.10992100
-0.96450970, 0.26403810, -0.00222987
0.22937350, 0.10270600
-0.36880200, 0.06353700, -0.10992100
-0.31589940, 0.94879270, 0.00000018
0.02869697, 0.96899380
-0.33817500, 0.07373400, -0.37851600
-0.31590320, 0.94879140, -0.00000038
0.03581713, 0.90974920
-0.36880200, 0.06353700, -0.37851600
-0.31590340, 0.94879140, -0.00000041
0.02870543, 0.90974720
-0.33817500, 0.07373400, -0.11243300
-0.31589910, 0.94879280, 0.00000023
0.03580810, 0.96844180
-0.33142500, -0.12077700, -0.11240900
-0.00000002, 1.00000000, -0.00000016
0.07872379, 0.96845970
0.00000000, -0.12077700, -0.37849200
0.00000000, 1.00000000, -0.00000006
0.15180340, 0.90977600
-0.33142500, -0.12077700, -0.37849200
-0.00000024, 1.00000000, -0.00000024
0.07872983, 0.90976950
0.00000000, -0.12077700, -0.11240900
0.00000000, 1.00000000, 0.00000000
0.15180440, 0.96846340
-0.36880200, 0.06353700, -0.79420600
-0.97826930, 0.20733840, -0.00000013
0.07166876, 0.10270610
-0.39879400, -0.07797100, -0.79420600
-0.98721520, 0.15652960, -0.03007699
0.07166876, 0.13546600
-0.33817500, 0.07373400, -0.79420600
-0.31590440, 0.94879100, 0.00009826
0.03584152, 0.81805170
-0.36880200, 0.06353700, -0.79420600
-0.31596360, 0.94877130, 0.00009067
0.02873114, 0.81805290
0.00000000, -0.12077700, -0.79418300
-0.00000001, 1.00000000, -0.00000013
0.15179870, 0.81809770
-0.33142400, -0.12077800, -0.79418300
-0.00000046, 1.00000000, 0.00000006
0.07874300, 0.81808010
-0.20129800, -0.30821200, -0.79420500
-0.02151477, -0.96944250, 0.24437340
0.35867230, 0.55815920
-0.39879400, -0.26108400, -1.09241300
-0.58259590, -0.51444880, -0.62922520
0.30160460, 0.49299280
0.00000000, -0.26108400, -1.09831800
0.00000007, -0.64500240, -0.76418060
0.41728460, 0.49224600
-0.41295900, -0.30821200, -0.79420500
-0.00000027, -0.83517400, 0.54998580
0.29704260, 0.55815920
-0.41295900, -0.30821200, -0.79420500
-0.99692420, 0.05184017, -0.05877643
0.07166882, 0.18876770
-0.39351100, -0.07797200, -1.08839200
-0.71103010, 0.10231360, -0.69567820
0.00386874, 0.13546620
-0.39879400, -0.26108400, -1.09241300
-0.58259590, -0.51444880, -0.62922520
0.00294204, 0.17785750
-0.36880200, 0.06353700, -1.07928000
-0.67232830, 0.15916410, -0.72293940
0.00596900, 0.10270610
0.00000000, -0.12077700, -1.05769700
-0.00000002, 1.00000000, 0.00000046
0.15179560, 0.75999550
-0.33083500, -0.12077700, -1.05556300
0.00000012, 1.00000000, 0.00000102
0.07885665, 0.76039000
-0.41320000, -0.13178900, -0.46780200
-0.97768860, 0.20751360, 0.03260642
0.14689410, 0.14792500
-0.41320500, -0.13211600, -0.72087700
-0.97751870, 0.20718490, -0.03913542
0.08856874, 0.14800080
-0.41321100, -0.16164200, -0.75251100
-0.98060720, 0.07975725, -0.17902070
0.08127805, 0.15483600
-0.41319800, -0.16143300, -0.43616700
-0.98787500, 0.07762577, 0.13445170
0.15418480, 0.15478780
-0.20129800, -0.30821200, -0.79420500
-0.99836210, -0.05721100, 0.00005753
0.35867230, 0.55815920
-0.20128400, -0.30825500, -0.58766800
-0.99898580, -0.04502740, 0.00006199
0.35867650, 0.60391940
-0.21720800, -0.13211900, -0.72089000
-0.99594420, -0.08997320, 0.00009152
0.35403980, 0.57440290
-0.21720300, -0.13179100, -0.46781500
-0.99595710, -0.08983034, -0.00002331
0.35404180, 0.63748250
-0.20126900, -0.30881700, -0.37853000
-0.99845000, -0.05565567, -0.00007937
0.35868080, 0.65025540
-0.41293000, -0.30881700, -0.37853000
-0.04732321, -0.40761760, -0.91192570
0.29705120, 0.65025540
-0.21720300, -0.13179100, -0.46781500
-0.02038377, -0.84699240, -0.53121400
0.35404180, 0.63748250
-0.20126900, -0.30881700, -0.37853000
0.00000012, -0.45032630, -0.89286400
0.35868080, 0.65025540
-0.41319800, -0.16143300, -0.43616700
-0.05510249, -0.53545580, -0.84276380
0.29697290, 0.63748570
-0.41320000, -0.13178900, -0.46780200
-0.00003818, -0.93020420, -0.36704260
0.29697260, 0.63047670
-0.21720800, -0.13211900, -0.72089000
-0.04742619, -0.83885070, 0.54229170
0.35403980, 0.57440290
-0.41320500, -0.13211600, -0.72087700
0.00001242, -0.93009910, 0.36730880
0.29697090, 0.57440600
-0.41321100, -0.16164200, -0.75251100
-0.02408325, -0.51860540, 0.85467450
0.29696940, 0.56739710
0.00000000, 0.07440000, -1.09832000
-0.00003086, 0.99986610, -0.01636170
0.15178680, 0.70803050
-0.33852700, 0.07367100, -1.05556300
-0.17791110, 0.96829190, -0.17538100
0.07705351, 0.71746470
0.00000000, 0.07433800, -1.05769700
-0.00001506, 0.99999880, 0.00154006
0.15178270, 0.71698280
-0.36880200, 0.06353700, -1.07928000
-0.20159050, 0.96698730, -0.15587470
0.07016768, 0.71219000
0.00000000, 0.07433800, -1.05769700
0.00005322, 0.00008142, 1.00000000
0.15178270, 0.71698280
-0.33083500, -0.12077700, -1.05556300
0.00635188, 0.00016879, 0.99997980
0.07885665, 0.76039000
0.00000000, -0.12077700, -1.05769700
0.00005634, 0.00000117, 1.00000000
0.15179560, 0.75999550
-0.33852700, 0.07367100, -1.05556300
0.00630299, 0.00025169, 0.99998010
0.07705351, 0.71746470
-0.33852700, 0.07367100, -1.05556300
0.99929430, 0.03755265, 0.00078355
0.03583404, 0.76039710
-0.33142400, -0.12077800, -0.79418300
0.99936370, 0.03566890, 0.00005785
0.07874300, 0.81808010
-0.33083500, -0.12077700, -1.05556300
0.99921600, 0.03952657, 0.00225413
0.07885665, 0.76039000
-0.33817500, 0.07373400, -0.79420600
0.99939820, 0.03468183, -0.00067743
0.03584152, 0.81805170
-0.33852700, 0.07367100, -1.05556300
-0.17791110, 0.96829190, -0.17538100
0.03583404, 0.76039710
-0.36880200, 0.06353700, -1.07928000
-0.20159050, 0.96698730, -0.15587470
0.02874839, 0.75517050
-0.33142500, -0.12077700, -0.37849200
0.99939840, 0.03468192, 0.00000008
0.07872983, 0.90976950
-0.33817500, 0.07373400, -0.37851600
0.99939840, 0.03468197, 0.00000011
0.03581713, 0.90974920
-0.33142500, -0.12077700, -0.11240900
0.99939840, 0.03468206, 0.00000009
0.07872379, 0.96845970
-0.33817500, 0.07373400, -0.11243300
0.99939840, 0.03468215, 0.00000015
0.03580810, 0.96844180
0.00000000, -0.12077700, -0.11240900
0.00000016, -0.00011424, -1.00000000
0.13986240, 0.26309490
-0.33142500, -0.12077700, -0.11240900
0.00000046, -0.00012040, -1.00000000
0.02459289, 0.26303670
-0.28656200, 0.26777900, 0.22390500
-0.88590040, 0.46282290, 0.03123152
0.30630910, 0.05542308
-0.36249300, 0.06321800, 0.37384900
-0.96110750, 0.22402270, -0.16151230
0.34038770, 0.10277990
-0.27490700, 0.28835300, 0.24196100
-0.72386710, 0.68955110, 0.02314896
0.31047010, 0.05065995
-0.28656200, 0.26777900, -0.04482800
-0.89489530, 0.44458010, -0.03887046
0.24437530, 0.05542308
-0.27490600, 0.28835300, -0.07784900
-0.75320240, 0.65729650, -0.02544419
0.23676490, 0.05065995
-0.36906800, 0.06321800, -0.07279500
-0.95409290, 0.29940370, -0.00801777
0.23792970, 0.10277990
-0.39859300, -0.07808200, -0.07300000
-0.99600210, 0.08921840, 0.00444786
0.23788240, 0.13549170
-0.39201800, -0.30668400, -0.07092100
-0.96772470, 0.24435350, 0.06164688
0.23788280, 0.18841420
-0.39879400, -0.32197200, 0.37099100
-0.91423940, 0.40517440, -0.00000047
0.34020750, 0.19195350
-0.39201800, -0.30668400, 0.37277000
-0.96727650, 0.24317210, -0.07241251
0.34013880, 0.18841420
-0.39201800, -0.07808200, 0.37276900
-0.98010730, 0.10267550, -0.16984530
0.34013860, 0.13549170
-0.39879400, -0.32197200, -0.07316200
-0.91423960, 0.40517390, -0.00000007
0.23784520, 0.19195350
-0.29435400, 0.06589800, 0.37957500
-0.03274203, 0.98685870, -0.15823360
0.95991600, 0.82969560
-0.11241200, 0.09001400, 0.49233200
0.00844352, 0.97497640, -0.22214810
0.92813580, 0.81043680
0.00000000, 0.06584500, 0.40286700
0.01903733, 0.97098340, -0.23838800
0.90934690, 0.82546370
-0.30043900, 0.07373400, 0.44590300
-0.05562560, 0.99094750, -0.12218380
0.95939390, 0.81847440
0.39879400, -0.32197200, 0.41193500
0.00005328, -0.99866340, 0.05168580
0.53290370, 0.82625620
0.39879400, -0.32197200, -0.11243100
0.00000002, -0.99968530, -0.02508295
0.53312710, 0.70870580
0.11241200, 0.31525100, 0.32235900
0.18750460, 0.46912420, 0.86299740
0.73513440, 0.52473410
0.25097800, 0.30333400, -0.07911900
0.30402200, 0.95265810, -0.00363045
0.78605300, 0.37774800
0.25097800, 0.30333400, 0.27593000
0.39885610, 0.67356990, 0.62226800
0.78605300, 0.50773640
0.34344100, 0.07373400, -0.11243200
0.08512301, 0.13129810, -0.98768160
0.25924330, 0.33086220
0.25097800, 0.30333400, -0.07911900
0.05205912, 0.16398730, -0.98508780
0.22704940, 0.41660350
0.39879400, -0.32197200, 0.37099100
0.00000000, 1.00000000, 0.00000000
0.53340210, 0.81631800
0.39879400, -0.32197200, -0.07316200
0.00000000, -1.00000000, 0.00000000
0.53340210, 0.71791240
0.27490700, 0.28835300, -0.07784900
0.75320230, 0.65729670, -0.02544391
0.79638880, 0.37821340
0.27490600, 0.28835300, 0.24196100
0.72386720, 0.68955090, 0.02314933
0.79638880, 0.49530040
0.36880200, 0.06353700, -0.10992100
0.18070000, 0.21214810, -0.96038570
0.26818960, 0.32753280
0.27490700, 0.28835300, -0.07784900
0.18493970, 0.21407260, -0.95915080
0.23548400, 0.41155800
0.30221800, 0.00698700, 1.05512000
0.11274490, 0.04746403, 0.99248970
0.78932200, 0.88553740
0.40530500, -0.07796800, 1.04724400
0.02083577, -0.05825512, 0.99808420
0.82322370, 0.91377730
0.37620000, 0.00307300, 1.04723500
0.10793650, 0.03888155, 0.99339720
0.81358510, 0.88681670
0.40530500, -0.07796800, 1.04724400
0.04140361, -0.06912063, 0.99674870
0.82322370, 0.91377730
0.36880200, 0.06353700, -1.07928000
0.67232840, 0.15916400, -0.72293940
0.30464060, 0.37293910
0.39351200, -0.07797200, -1.08839200
0.71139400, 0.10177980, -0.69538440
0.29708820, 0.41656910
0.11241200, 0.09001400, 0.49233200
0.05286457, 0.96992550, 0.23759170
0.72900380, 0.66772260
0.30158100, 0.06838800, 0.53374700
0.15755280, 0.98457240, 0.07612079
0.79281720, 0.68204120
0.30043900, 0.07373400, 0.44590300
0.15030320, 0.98668200, 0.06218949
0.79243200, 0.65167120
0.37000400, 0.05260400, 0.57000300
0.67336770, 0.73745450, 0.05231510
0.81589910, 0.69457580
0.36880200, 0.06353700, 0.41193400
0.88457540, 0.46616950, 0.01457387
0.81549320, 0.63992640
0.36880200, 0.06353700, 0.41193400
0.88457540, 0.46616950, 0.01457387
0.65080620, 0.10277610
0.40537100, -0.07797100, 0.57000300
0.98274920, 0.18060990, -0.03980172
0.61437810, 0.13553460
0.39879400, -0.07797100, 0.41193400
0.99141650, 0.12284410, 0.04475019
0.65080620, 0.13553460
0.37000400, 0.05260400, 0.57000300
0.67336770, 0.73745450, 0.05231510
0.61437810, 0.10530720
0.41878500, -0.30616100, 0.57000500
0.00017374, -0.99503680, 0.09950776
0.53922280, 0.86041120
0.20799600, -0.30616100, 0.57037300
0.00003838, -0.99505290, 0.09934637
0.47784710, 0.86049270
0.37535000, 0.01322600, 0.98163400
0.64452430, 0.76002900, 0.08333323
0.81770240, 0.83688930
0.30119500, 0.02587500, 0.98112800
0.14351310, 0.97881220, 0.14605010
0.79268690, 0.83671440
0.40534200, -0.07797400, 0.98163400
0.97820470, 0.20586490, 0.02711334
0.51951510, 0.13553510
0.37535000, 0.01322600, 0.98163400
0.64452430, 0.76002900, 0.08333323
0.51951510, 0.11442300
0.20799600, -0.38736300, 0.67362100
0.00000005, -0.94413920, -0.32954680
0.47784710, 0.88336840
-0.20796700, -0.38841700, 0.87711500
-0.00000012, -0.94642380, 0.32292730
0.35673060, 0.92845410
-0.20799600, -0.38736300, 0.67362100
0.00000012, -0.94413910, -0.32954720
0.35672630, 0.90570450
0.20796700, -0.38841700, 0.87711500
-0.00000012, -0.94642380, 0.32292730
0.47783860, 0.92845410
0.30221800, 0.00698700, 1.05512000
0.07729630, 0.96628400, 0.24560210
0.79298970, 0.86236740
0.37620000, 0.00307300, 1.04723500
0.63234020, 0.76229290, 0.13804130
0.81793580, 0.85965870
0.40530500, -0.07796800, 1.04724400
0.98138290, 0.19016070, 0.02695344
0.50439480, 0.13553380
0.37620000, 0.00307300, 1.04723500
0.63234020, 0.76229290, 0.13804130
0.50439660, 0.11677320
0.41875500, -0.30721500, 0.98163500
-0.00151944, -0.77415960, 0.63298860
0.53921430, 0.95161130
0.40530500, -0.26528400, 1.03288600
0.01161144, -0.79814440, 0.60235430
0.53381050, 0.96219840
0.20796700, -0.30721500, 0.98112900
0.04215141, -0.87030850, 0.49069980
0.47783860, 0.95149920
0.40530500, -0.26528400, 1.03288600
0.11442870, -0.07592870, 0.99052550
0.82324550, 0.97580540
0.41875500, -0.30721500, 0.98163500
0.98298610, 0.01973854, 0.18261630
0.51951490, 0.18860340
0.40530500, -0.26528400, 1.03288600
0.96275790, -0.02066377, 0.26957420
0.50770370, 0.17889650
0.41878500, -0.30616100, 0.57000500
0.99295010, 0.02632688, -0.11557240
0.61437770, 0.18835950
0.39879400, -0.32197200, 0.41193500
0.99869610, -0.05097115, 0.00284141
0.65080590, 0.19201970
0.39879400, -0.26108400, -1.09241300
0.58357410, -0.51434430, -0.62840360
0.29550250, 0.47312200
0.41989800, -0.13047700, 0.89373500
0.97617690, 0.21437080, 0.03352392
0.53977190, 0.14768950
0.41990300, -0.13080500, 0.64066000
0.97602510, 0.21378400, -0.04088220
0.59809480, 0.14776530
0.41990800, -0.16033000, 0.60902600
0.97717260, 0.07905210, -0.19719150
0.60538520, 0.15460030
0.41989600, -0.16012200, 0.92536900
0.98675980, 0.07709270, 0.14269440
0.53248160, 0.15455210
0.20799600, -0.30616100, 0.57037300
0.78390710, -0.24042130, 0.57243980
0.47784710, 0.86049270
0.22390600, -0.13080800, 0.64064600
0.58343820, -0.69373490, 0.42229340
0.48248120, 0.86905360
0.20798100, -0.28810100, 0.77386900
0.99869240, -0.05112289, -0.00002639
0.47784280, 0.90557900
0.22390000, -0.13048000, 0.89372200
0.57961760, -0.70296890, -0.41216290
0.48247810, 0.93213330
0.20796700, -0.30721500, 0.98112900
0.75452410, -0.32196290, -0.57186820
0.47783860, 0.95149920
0.41875500, -0.30721500, 0.98163500
0.04928190, -0.40074840, -0.91486170
0.53921430, 0.95161130
0.41989600, -0.16012200, 0.92536900
0.05585020, -0.53247480, -0.84460130
0.53954650, 0.93914520
0.41989800, -0.13047700, 0.89373500
0.00003860, -0.93020360, -0.36704390
0.53954680, 0.93213630
0.41990300, -0.13080500, 0.64066000
-0.00001241, -0.93009900, 0.36730910
0.53954850, 0.87606540
0.41990800, -0.16033000, 0.60902600
0.02522713, -0.51190390, 0.85867220
0.53955020, 0.86905660
0.41878500, -0.30616100, 0.57000500
0.00168498, -0.25849400, 0.96601140
0.53922280, 0.86041120
0.20126900, -0.30881700, -0.37853000
0.00000003, -0.99878030, -0.04937553
0.47588840, 0.65025540
0.41205800, -0.30881700, -0.37853000
0.00000010, -0.99878030, -0.04937557
0.53726420, 0.65025540
0.39879400, -0.07797100, -0.11243200
0.99310670, 0.11711000, 0.00494044
0.77164990, 0.13553460
0.41205800, -0.30881700, -0.37853000
0.99811120, 0.03536433, 0.05023276
0.83297370, 0.18897450
0.39879400, -0.07797100, -0.37851600
0.98786530, 0.15368940, 0.02240014
0.83297030, 0.13553460
0.39879400, -0.32197200, -0.11243100
0.99824240, -0.04739420, -0.03557855
0.77164950, 0.19201970
0.36880200, 0.06353700, -0.37851600
0.97826930, 0.20733830, 0.00000005
0.83297030, 0.10277620
0.36880200, 0.06353700, -0.10992100
0.96450970, 0.26403810, -0.00223037
0.77107130, 0.10277610
0.36880200, 0.06353700, -0.10992100
0.37306290, 0.92780610, 0.00000028
0.27498970, 0.96899930
0.34344100, 0.07373400, -0.37851600
0.37306730, 0.92780430, -0.00000027
0.26896030, 0.90975510
0.34344100, 0.07373400, -0.11243200
0.37306260, 0.92780620, 0.00000032
0.26896770, 0.96844630
0.36880200, 0.06353700, -0.37851600
0.37306740, 0.92780420, -0.00000029
0.27498430, 0.90975460
0.33669100, -0.12077700, -0.11240900
0.00000002, 1.00000000, -0.00000016
0.22604880, 0.96846050
0.33669100, -0.12077700, -0.37849200
0.00000024, 1.00000000, -0.00000024
0.22604270, 0.90977010
-0.20126900, -0.38760400, -0.47693300
-0.00000003, -0.94402470, 0.32987490
0.35868080, 0.62845340
0.20129800, -0.38699800, -0.69599700
0.00000000, -0.94293800, -0.33296830
0.47589690, 0.57991840
0.20126900, -0.38760400, -0.47693300
0.00000000, -0.94402470, 0.32987480
0.47588850, 0.62777840
-0.20129800, -0.38699800, -0.69599700
0.00000000, -0.94293800, -0.33296820
0.35867230, 0.57991840
0.36880200, 0.06353700, -0.79420600
0.97826930, 0.20733810, 0.00000007
0.92876890, 0.10277620
0.39879400, -0.07797100, -0.79420600
0.98738800, 0.15532620, -0.03064012
0.92876890, 0.13553460
0.34344100, 0.07373400, -0.79420600
0.37306860, 0.92780380, 0.00013938
0.26894440, 0.81806420
0.36880200, 0.06353700, -0.79420600
0.37315080, 0.92777070, 0.00013029
0.27496770, 0.81806440
0.33669100, -0.12077800, -0.79418300
0.00000042, 1.00000000, 0.00000011
0.22602830, 0.81807660
0.20129800, -0.30821200, -0.79420500
0.02151475, -0.96944250, 0.24437320
0.47589690, 0.55815920
0.39879400, -0.26108400, -1.09241300
0.58357410, -0.51434430, -0.62840360
0.53291230, 0.49310270
0.41208700, -0.30821200, -0.79420500
0.00000003, -0.83474900, 0.55063060
0.53727260, 0.55815920
0.41208700, -0.30821200, -0.79420500
0.99703660, 0.04918440, -0.05915134
0.92876880, 0.18883420
0.39351200, -0.07797200, -1.08839200
0.71139400, 0.10177980, -0.69538440
0.99656620, 0.13553480
0.39879400, -0.26108400, -1.09241300
0.58357410, -0.51434430, -0.62840360
0.99749270, 0.17792430
0.36880200, 0.06353700, -1.07928000
0.67232840, 0.15916400, -0.72293940
0.99446590, 0.10277620
0.33669300, -0.12077700, -1.05556300
-0.00000023, 1.00000000, 0.00000117
0.22600530, 0.76038500
0.41320000, -0.13178900, -0.46780200
0.97768840, 0.20751420, 0.03260654
0.85354680, 0.14799320
0.41320600, -0.13211600, -0.72087700
0.97751860, 0.20718560, -0.03913540
0.91186970, 0.14806890
0.41321100, -0.16164200, -0.75251100
0.97994230, 0.07732727, -0.18366680
0.91916010, 0.15490380
0.41319900, -0.16143300, -0.43616700
0.98760930, 0.07537367, 0.13764700
0.84625660, 0.15485560
0.20129800, -0.30821200, -0.79420500
0.99836210, -0.05721089, 0.00005790
0.47589690, 0.55815920
0.21720800, -0.13211900, -0.72089000
0.99594420, -0.08997311, 0.00009179
0.48053100, 0.56739400
0.20128400, -0.30825500, -0.58766800
0.99898580, -0.04502739, 0.00006228
0.47589270, 0.60391940
0.21720300, -0.13179100, -0.46781500
0.99595710, -0.08983036, -0.00002310
0.48052780, 0.63047370
0.20126900, -0.30881700, -0.37853000
0.99845000, -0.05565575, -0.00007910
0.47588840, 0.65025540
0.41205800, -0.30881700, -0.37853000
0.04730305, -0.40782640, -0.91183330
0.53726420, 0.65025540
0.21720300, -0.13179100, -0.46781500
0.02043748, -0.84700860, -0.53118620
0.48052780, 0.63047370
0.41319900, -0.16143300, -0.43616700
0.05496553, -0.53600100, -0.84242610
0.53759630, 0.63748570
0.20126900, -0.30881700, -0.37853000
0.00000020, -0.45032610, -0.89286420
0.47588840, 0.65025540
0.41320000, -0.13178900, -0.46780200
0.00003818, -0.93020420, -0.36704250
0.53759660, 0.63047670
0.21720800, -0.13211900, -0.72089000
0.04742610, -0.83885100, 0.54229120
0.48053100, 0.56739400
0.41320600, -0.13211600, -0.72087700
-0.00001241, -0.93009910, 0.36730870
0.53759840, 0.57440600
0.41321100, -0.16164200, -0.75251100
0.02412709, -0.51903520, 0.85441230
0.53759990, 0.56739710
0.34379400, 0.07367100, -1.05556300
0.21401030, 0.96123440, -0.17386200
0.22767910, 0.71746840
0.36880200, 0.06353700, -1.07928000
0.21824590, 0.95919670, -0.17975090
0.23342000, 0.71214900
0.33669300, -0.12077700, -1.05556300
-0.00624947, 0.00015402, 0.99998040
0.22600530, 0.76038500
0.34379400, 0.07367100, -1.05556300
-0.00620649, 0.00022821, 0.99998070
0.22767910, 0.71746840
0.34379400, 0.07367100, -1.05556300
-0.99936040, 0.03575442, -0.00055630
0.26897840, 0.76041500
0.33669100, -0.12077800, -0.79418300
-0.99938550, 0.03505071, -0.00040296
0.22602830, 0.81807660
0.34344100, 0.07373400, -0.79420600
-0.99939820, 0.03468200, -0.00067766
0.26894440, 0.81806420
0.33669300, -0.12077700, -1.05556300
-0.99933400, 0.03649188, -0.00000696
0.22600530, 0.76038500
0.34379400, 0.07367100, -1.05556300
0.21401030, 0.96123440, -0.17386200
0.26897840, 0.76041500
0.36880200, 0.06353700, -1.07928000
0.21824590, 0.95919670, -0.17975090
0.27495670, 0.75518440
0.33669100, -0.12077700, -0.37849200
-0.99939840, 0.03468195, -0.00000016
0.22604270, 0.90977010
0.34344100, 0.07373400, -0.37851600
-0.99939840, 0.03468193, -0.00000017
0.26896030, 0.90975510
0.33669100, -0.12077700, -0.11240900
-0.99939840, 0.03468194, -0.00000014
0.22604880, 0.96846050
0.34344100, 0.07373400, -0.11243200
-0.99939840, 0.03468195, -0.00000013
0.26896770, 0.96844630
0.33669100, -0.12077700, -0.11240900
-0.00000017, -0.00012041, -1.00000000
0.25696530, 0.26321040
0.28656200, 0.26777900, 0.22390500
0.88422190, 0.46572390, 0.03539737
0.69413880, 0.05549514
0.27490600, 0.28835300, 0.24196100
0.72386720, 0.68955090, 0.02314933
0.68997790, 0.05073249
0.36906800, 0.06321800, 0.37177200
0.95102480, 0.30876380, 0.01472133
0.66006190, 0.10285000
0.28656200, 0.26777900, -0.04482800
0.89489530, 0.44458010, -0.03887000
0.75607010, 0.05549538
0.27490700, 0.28835300, -0.07784900
0.75320230, 0.65729670, -0.02544391
0.76367990, 0.05073249
0.36906800, 0.06321800, -0.07279500
0.95409280, 0.29940370, -0.00801869
0.76251510, 0.10285000
0.39859300, -0.07808200, -0.07300000
0.99301070, 0.11793780, 0.00451603
0.76256250, 0.13556030
0.40516800, -0.30668400, -0.07092100
0.97112420, -0.23153000, -0.05754650
0.76256200, 0.18848060
0.39879400, -0.32197200, 0.37099100
0.92298100, -0.38484550, 0.00000008
0.66024150, 0.19201970
0.40516800, -0.30668400, 0.37277100
0.97069920, -0.23046780, 0.06802717
0.66031060, 0.18848060
0.40516800, -0.07808200, 0.37276900
0.97966970, 0.12220220, 0.15910310
0.66031090, 0.13556030
0.39879400, -0.32197200, -0.07316200
0.92298120, -0.38484510, 0.00000007
0.76259960, 0.19201970
0.28656200, 0.26777900, 0.22390500
-0.61145140, -0.79128200, -0.00000010
0.83869440, 0.53547140
0.25066600, 0.29551700, -0.04482800
-0.61145220, -0.79128140, 0.00000007
0.84906240, 0.47403620
0.28656200, 0.26777900, -0.04482800
-0.61145220, -0.79128130, 0.00000009
0.83869440, 0.47403740
0.25066500, 0.29551700, 0.27142100
-0.08292187, -0.74199840, 0.66525350
0.84906830, 0.54633550
0.30092800, 0.06589800, 0.37749700
0.02951202, 0.99309290, -0.11355870
0.85876000, 0.82919470
0.30043900, 0.07373400, 0.44590300
0.02951202, 0.99309290, -0.11355870
0.85928690, 0.81808910
0.36906800, 0.06321800, 0.37177200
0.02951202, 0.99309290, -0.11355870
0.84760000, 0.83022890
-0.25097800, 0.30333400, 0.27593000
-0.39885600, 0.67357000, 0.62226780
0.96413840, 0.54839650
-0.11166600, 0.30856900, 0.31839900
-0.13637140, -0.51505290, 0.84624070
0.93199930, 0.55707000
-0.11241200, 0.31525100, 0.32235900
-0.18608090, 0.46879960, 0.86348180
0.93224340, 0.55883190
-0.25066600, 0.29551700, 0.27142100
-0.23678740, -0.49254880, 0.83745290
0.96390370, 0.54634090
0.00000000, 0.31850100, 0.32854900
-0.00139067, 0.51093300, 0.85961940
0.90648510, 0.56033640
0.00000000, 0.31159300, 0.32483100
-0.00152890, -0.47478390, 0.88010110
0.90648530, 0.55854270
0.11241200, 0.31525100, 0.32235900
0.18750460, 0.46912420, 0.86299740
0.88072740, 0.55882820
0.11166600, 0.30856900, 0.31839900
0.13774020, -0.51587180, 0.84551990
0.88097130, 0.55706670
0.25097800, 0.30333400, 0.27593000
0.39885610, 0.67356990, 0.62226800
0.84883350, 0.54839060
-0.20799600, -0.30616100, 0.57037300
0.00000019, -0.78602840, -0.61819030
0.35672210, 0.86049270
0.20799600, -0.30616100, 0.57037300
0.00000006, -0.78602870, -0.61818990
0.47784710, 0.86049270
0.20799600, -0.38736300, 0.67362100
1.00000000, 0.00005576, 0.00008920
0.47784710, 0.88336840
0.20796700, -0.38841700, 0.87711500
1.00000000, -0.00005591, 0.00008830
0.47783860, 0.92845410
0.20796700, -0.30721500, 0.98112900
-0.00000023, -0.78824080, 0.61536690
0.47783860, 0.95149920
-0.20796700, -0.30721500, 0.98112900
-0.00000023, -0.78824080, 0.61536690
0.35673060, 0.95149920
-0.20799600, -0.38736300, 0.67362100
-1.00000000, -0.00001501, 0.00009869
0.35672630, 0.90570450
-0.20796700, -0.38841700, 0.87711500
-1.00000000, -0.00018225, 0.00014228
0.35673060, 0.92845410
-0.20798200, -0.28810100, 0.77386800
-1.00000000, 0.00008138, 0.00006364
0.35672630, 0.90557900
-0.20799600, -0.38736300, 0.67362100
-1.00000000, 0.00008138, 0.00006364
0.35672630, 0.90570450
-0.20129800, -0.38699800, -0.69599700
-1.00000000, 0.00006539, 0.00008593
0.35867230, 0.57991840
-0.20129800, -0.30821200, -0.79420500
0.00000000, -0.78001590, -0.62575970
0.35867230, 0.55815920
0.20129800, -0.30821200, -0.79420500
0.00000000, -0.78001590, -0.62575970
0.47589690, 0.55815920
0.20126900, -0.38760400, -0.47693300
1.00000000, -0.00006582, 0.00008632
0.47588850, 0.62777840
0.20126900, -0.30881700, -0.37853000
-0.00000001, -0.78062150, 0.62500400
0.47588840, 0.65025540
-0.20126900, -0.30881700, -0.37853000
-0.00000006, -0.78062150, 0.62500410
0.35868080, 0.65025540
0.00000000, -0.29978700, 1.10579700
0.00000002, -0.18693060, 0.98237310
0.12751400, 0.04165924
-0.40807700, -0.20725000, 1.09189700
-0.51086030, -0.10962280, 0.85264570
0.02115563, 0.01723802
-0.40807700, -0.29978800, 1.08073000
-0.50532220, -0.07910226, 0.85929760
0.02115563, 0.04165924
0.00000000, -0.20724900, 1.12448500
0.00000000, -0.19794840, 0.98021250
0.12751400, 0.01723802
0.00000000, -0.20724900, 1.12448500
-0.00000010, 0.92305780, 0.38466130
0.12751400, 0.01723802
-0.40361100, -0.19500200, 1.05968400
-0.27704360, 0.93438970, 0.22397040
0.02231977, 0.01400614
-0.40807700, -0.20725000, 1.09189700
-0.17170670, 0.92851340, 0.32921070
0.02115563, 0.01723802
0.00000000, -0.19500200, 1.09526900
-0.00000008, 0.92224220, 0.38661270
0.12751400, 0.01400614
0.00000000, -0.19500200, 1.09526900
0.00000007, 0.13326090, -0.99108100
0.12751400, 0.01400614
-0.40361100, -0.29978800, 1.05439400
0.49357600, 0.05395770, -0.86802720
0.02231977, 0.04165924
-0.40361100, -0.19500200, 1.05968400
0.53024690, 0.02573572, -0.84745260
0.02231977, 0.01400614
0.00000000, -0.29978700, 1.07946100
0.00000008, 0.14917810, -0.98881040
0.12751400, 0.04165924
0.00000000, -0.29978700, 1.07946100
0.00000009, -1.00000000, 0.00000000
0.12751400, 0.04165924
-0.40807700, -0.29978800, 1.08073000
0.00000005, -1.00000000, 0.00000071
0.02115563, 0.04165924
-0.40361100, -0.29978800, 1.05439400
0.01679695, -0.99521330, -0.09627223
0.02231977, 0.04165924
0.00000000, -0.29978700, 1.10579700
0.00000009, -1.00000000, 0.00000000
0.12751400, 0.04165924
-0.43118600, -0.20725000, 1.05140500
-0.99716990, -0.02254457, 0.07172086
0.01535431, 0.01723802
-0.43118600, -0.29978800, 1.04958300
-0.98726520, -0.02013159, 0.15780390
0.01513288, 0.04165924
-0.43118600, -0.20725000, 1.05140500
-0.40967630, 0.91210440, 0.01519339
0.01535431, 0.01723802
-0.43118600, -0.29978800, 1.04958300
0.04714816, -0.96163990, -0.27023290
0.01513288, 0.04165924
-0.41859100, -0.28856200, 1.02791900
0.00409904, -0.02406619, -0.99970200
0.02227810, 0.03869689
-0.41859100, -0.20622700, 1.02210000
0.24119230, -0.03484135, -0.96985170
0.01841537, 0.01696837
-0.41859100, -0.28856200, 1.02791900
0.07406665, -0.90238490, -0.42451810
0.02227810, 0.03869689
-0.41859100, -0.20622700, 1.02210000
-0.37049340, 0.92009280, -0.12713720
0.01841537, 0.01696837
0.40807700, -0.20724900, 1.09189700
0.51085950, -0.10962160, 0.85264630
0.23387200, 0.01723802
0.40807700, -0.29978700, 1.08073000
0.50532230, -0.07910149, 0.85929760
0.23387200, 0.04165924
0.40361100, -0.19500200, 1.05968400
0.27704270, 0.93438970, 0.22397150
0.23270810, 0.01400614
0.40807700, -0.20724900, 1.09189700
0.17170630, 0.92851310, 0.32921170
0.23387200, 0.01723802
0.40361100, -0.29978700, 1.05439400
-0.49357680, 0.05395752, -0.86802680
0.23270810, 0.04165924
0.40361100, -0.19500200, 1.05968400
-0.53024720, 0.02573583, -0.84745240
0.23270810, 0.01400614
0.40807700, -0.29978700, 1.08073000
-0.00000001, -1.00000000, -0.00000070
0.23387200, 0.04165924
0.40361100, -0.29978700, 1.05439400
-0.01679697, -0.99521320, -0.09627339
0.23270810, 0.04165924
0.43118600, -0.20725000, 1.05140500
0.99717000, -0.02254474, 0.07171933
0.23989480, 0.01723802
0.43118600, -0.29978700, 1.04958300
0.98726520, -0.02013170, 0.15780380
0.23967330, 0.04165924
0.43118600, -0.20725000, 1.05140500
0.40967390, 0.91210550, 0.01519323
0.23989480, 0.01723802
0.43118600, -0.29978700, 1.04958300
-0.04714816, -0.96163990, -0.27023290
0.23967330, 0.04165924
0.41859100, -0.28856200, 1.02791900
-0.00410050, -0.02406690, -0.99970190
0.23661240, 0.03869689
0.41859100, -0.20622700, 1.02210000
-0.24119140, -0.03484207, -0.96985190
0.23274980, 0.01696837
0.41859100, -0.28856200, 1.02791900
-0.07406654, -0.90238520, -0.42451750
0.23661240, 0.03869689
0.41859100, -0.20622700, 1.02210000
0.37049040, 0.92009400, -0.12713710
0.23274980, 0.01696837
0.00000000, -0.29917000, -1.12159600
0.00000032, -0.11840060, -0.99296590
0.87449460, 0.04006022
-0.40807700, -0.19865500, -1.12860400
-0.49398380, -0.05074513, -0.86798900
0.76813140, 0.01391214
0.00000000, -0.19865500, -1.13485800
0.00000028, -0.13080430, -0.99140820
0.87449460, 0.01391214
-0.40807700, -0.29917000, -1.12358400
-0.43050370, -0.02127703, -0.90233800
0.76813150, 0.04006022
0.00000000, -0.19865500, -1.13485800
-0.00000008, 0.89803010, -0.43993400
0.87449460, 0.01391214
-0.40361100, -0.18426500, -1.09639100
-0.28382940, 0.93276040, -0.22225900
0.76929560, 0.01016861
0.00000000, -0.18426500, -1.10564300
-0.00000008, 0.89708330, -0.44186150
0.87449460, 0.01016861
-0.40807700, -0.19865500, -1.12860400
-0.18468220, 0.90661660, -0.37939260
0.76813140, 0.01391214
0.00000000, -0.18426500, -1.10564300
-0.00000005, 0.06630305, 0.99779950
0.87449460, 0.01016861
-0.40361100, -0.29917000, -1.09800400
0.48192660, -0.00080875, 0.87621120
0.76929560, 0.04006022
0.00000000, -0.29917000, -1.09601700
-0.00000002, 0.08347727, 0.99650970
0.87449460, 0.04006022
-0.40361100, -0.18426500, -1.09639100
0.46273930, -0.01904926, 0.88628970
0.76929560, 0.01016861
0.00000000, -0.29917000, -1.09601700
0.00000016, -1.00000000, 0.00000001
0.87449460, 0.04006022
-0.40807700, -0.29917000, -1.12358400
-0.10634750, -0.99415560, 0.01856722
0.76813150, 0.04006022
0.00000000, -0.29917000, -1.12159600
0.00000016, -1.00000000, 0.00000000
0.87449460, 0.04006022
-0.40361100, -0.29917000, -1.09800400
-0.15680930, -0.98468570, 0.07619016
0.76929560, 0.04006022
-0.43118600, -0.19865500, -1.08811200
-0.99446140, -0.01825665, -0.10350480
0.76210830, 0.01391214
-0.43118600, -0.29091800, -1.09333200
-0.97796460, 0.00969745, -0.20854560
0.76233000, 0.03791350
-0.43118600, -0.19865500, -1.08811200
-0.41899950, 0.89405380, 0.15845290
0.76210830, 0.01391214
-0.43118600, -0.29091800, -1.09333200
-0.25212490, -0.94919220, 0.18832720
0.76233000, 0.03791350
-0.41859100, -0.28604800, -1.06440300
0.11684010, -0.04617027, 0.99207700
0.76539130, 0.03664654
-0.41859100, -0.20707600, -1.05880700
0.18251970, -0.06404272, 0.98111420
0.76925400, 0.01359957
-0.41859100, -0.28604800, -1.06440300
-0.23603490, -0.93621470, 0.26036420
0.76539130, 0.03664654
-0.41859100, -0.20707600, -1.05880700
-0.33153630, 0.85932550, 0.38941400
0.76925400, 0.01359957
0.40807700, -0.19865500, -1.12860400
0.49398320, -0.05074522, -0.86798930
0.98085740, 0.01391214
0.40807700, -0.29917000, -1.12358300
0.43050490, -0.02127772, -0.90233740
0.98085740, 0.04006022
0.40361100, -0.18426500, -1.09639100
0.28382980, 0.93275950, -0.22226170
0.97969350, 0.01016861
0.40807700, -0.19865500, -1.12860400
0.18468280, 0.90661520, -0.37939570
0.98085740, 0.01391214
0.40361100, -0.29917000, -1.09800400
-0.48192910, -0.00081005, 0.87620980
0.97969350, 0.04006022
0.40361100, -0.18426500, -1.09639100
-0.46274190, -0.01905072, 0.88628830
0.97969350, 0.01016861
0.40807700, -0.29917000, -1.12358300
0.10634830, -0.99415550, 0.01856882
0.98085740, 0.04006022
0.40361100, -0.29917000, -1.09800400
0.15680860, -0.98468570, 0.07619096
0.97969350, 0.04006022
0.43118600, -0.19865500, -1.08811200
0.99446180, -0.01825671, -0.10350130
0.98665870, 0.01391214
0.43118600, -0.29091800, -1.09333200
0.97796480, 0.00969790, -0.20854440
0.98688050, 0.03791350
0.43118600, -0.19865500, -1.08811200
0.41899790, 0.89405440, 0.15845340
0.98665870, 0.01391214
0.43118600, -0.29091800, -1.09333200
0.25212330, -0.94919240, 0.18832850
0.98688050, 0.03791350
0.41859100, -0.28604800, -1.06440300
-0.11684250, -0.04617049, 0.99207670
0.98323110, 0.03771633
0.41859100, -0.20707600, -1.05880700
-0.18252530, -0.06404486, 0.98111300
0.98359760, 0.01610249
0.41859100, -0.28604800, -1.06440300
0.23603300, -0.93621540, 0.26036350
0.98323110, 0.03771633
0.41859100, -0.20707600, -1.05880700
0.33153320, 0.85932650, 0.38941450
0.98359760, 0.01610249
-0.20126900, -0.38760400, -0.47693300
-1.00000000, -0.00006575, 0.00008603
0.35868080, 0.62845340
0.20129800, -0.38699800, -0.69599700
1.00000000, 0.00006537, 0.00008629
0.47589690, 0.57991840
-0.11241200, 0.09001400, 0.49233200
-0.15072810, 0.60208480, 0.78407590
0.65602080, 0.62981120
0.00000000, 0.31850100, 0.32854900
-0.00000017, 0.60104420, 0.79921570
0.69199520, 0.53903330
-0.11241200, 0.31525100, 0.32235900
-0.18922120, 0.59148560, 0.78379850
0.65510430, 0.53846410
0.00000000, 0.09001400, 0.49852200
-0.00000026, 0.59686730, 0.80234000
0.69206990, 0.63116490
-0.25097800, 0.30333400, 0.27593000
-0.53603110, 0.60683880, 0.58687080
0.60726460, 0.53286700
-0.30043900, 0.07373400, 0.44590300
-0.33758790, 0.60596630, 0.72030500
0.59382600, 0.62603810
-0.36880200, 0.06353700, 0.41193400
-0.46797220, 0.59864590, 0.65009620
0.56972740, 0.62288260
-0.27490700, 0.28835300, 0.24196100
-0.77614810, 0.55309080, 0.30279460
0.59271670, 0.52932490
0.11241200, 0.09001400, 0.49233200
0.15072780, 0.60208490, 0.78407590
0.72854940, 0.63030790
0.11241200, 0.31525100, 0.32235900
0.18922110, 0.59148570, 0.78379850
0.72846570, 0.53902910
0.25097800, 0.30333400, 0.27593000
0.53603110, 0.60683880, 0.58687080
0.77523710, 0.53301470
0.30043900, 0.07373400, 0.44590300
0.33758760, 0.60596630, 0.72030510
0.79164270, 0.62556230
0.36880200, 0.06353700, 0.41193400
0.46797170, 0.59864600, 0.65009650
0.81646770, 0.62130810
0.27490600, 0.28835300, 0.24196100
0.77614810, 0.55309090, 0.30279470
0.78872250, 0.52913090
-0.30234300, 0.00698000, 1.05510700
-0.07729602, 0.96628410, 0.24560210
0.58904000, 0.86249850
-0.37620000, 0.00307300, 1.04723500
-0.10793760, 0.03888106, 0.99339710
0.56679370, 0.88685450
-0.28656200, 0.26777900, 0.22390500
0.61145130, -0.79128210, 0.00000009
0.97427790, 0.53547720
-0.25066600, 0.29551700, -0.04482800
0.34749840, -0.93768050, 0.00000017
0.96390970, 0.47404130
-0.25066600, 0.29551700, 0.27142100
0.23565470, -0.97175690, 0.01246905
0.96390370, 0.54634090
-0.28656200, 0.26777900, -0.04482800
0.61145250, -0.79128120, 0.00000035
0.97427790, 0.47404300
-0.28656200, 0.26777900, -0.04482800
0.11669000, -0.15902220, 0.98035470
0.55862390, 0.21438180
-0.34417900, 0.06589800, -0.07071700
-0.05259719, -0.07690040, 0.99565050
0.54400940, 0.26098120
-0.25066600, 0.29551700, -0.04482800
0.02794174, -0.12065570, 0.99230110
0.56687530, 0.20810890
-0.36906800, 0.06321800, -0.07279500
-0.07310223, -0.03872759, 0.99657230
0.53982950, 0.26159570
-0.34422500, -0.07540300, -0.07092300
-0.04088452, 0.00294905, 0.99915950
0.54401220, 0.29327930
-0.39859300, -0.07808200, -0.07300000
-0.03564896, 0.00363557, 0.99935780
0.53308860, 0.29389180
-0.34422500, -0.30400500, -0.07092100
-0.00598286, 0.00776361, 0.99995200
0.54399560, 0.34553030
-0.39201800, -0.30668400, -0.07092100
-0.00050912, 0.00908093, 0.99995860
0.53307270, 0.34613910
-0.39201800, -0.30668400, -0.07092100
-0.05247289, 0.99861040, 0.00489469
0.97485170, 0.97077870
-0.29439300, -0.30400500, 0.42900200
-0.01011229, 0.99994890, 0.00018272
0.95655850, 0.89088880
-0.34422500, -0.30400500, -0.07092100
-0.02969809, 0.99955450, 0.00296040
0.96671390, 0.97213710
-0.39201800, -0.30668400, 0.37277000
-0.02743604, 0.99962350, 0.00000004
0.97343470, 0.89592920
-0.39201800, -0.30668400, 0.37277000
0.49911850, -0.00000538, -0.86653370
0.97343470, 0.89592920
-0.29439300, -0.07540300, 0.42900100
0.32248260, -0.17427290, -0.93039450
0.95855620, 0.85386340
-0.29439300, -0.30400500, 0.42900200
0.34988220, -0.00000588, -0.93679370
0.95655850, 0.89088880
-0.39201800, -0.07808200, 0.37276900
0.44898480, -0.10133120, -0.88777510
0.97663380, 0.85506680
-0.29435400, 0.06589800, 0.37957500
0.17142460, -0.23256860, -0.95735340
0.95991600, 0.82969560
-0.36249300, 0.06321800, 0.37384900
0.08411835, -0.00995778, -0.99640600
0.97107190, 0.83086940
-0.36249300, 0.06321800, 0.37384900
-0.02894899, 0.99236340, -0.11990350
0.97107190, 0.83086940
-0.30043900, 0.07373400, 0.44590300
-0.02894899, 0.99236340, -0.11990350
0.95939390, 0.81847440
-0.29435400, 0.06589800, 0.37957500
-0.02894899, 0.99236340, -0.11990350
0.95991600, 0.82969560
0.00000000, 0.30854100, -0.04482800
0.00000000, -0.99996970, 0.00778429
0.93200210, 0.47403780
-0.11166600, 0.30856900, 0.31839900
0.05783149, -0.99816670, 0.01785595
0.93199930, 0.55707000
0.00657500, 0.06584500, -0.07071700
-0.00005266, -0.10889830, 0.99405290
0.62417200, 0.26098260
0.00000000, 0.30854100, -0.04482800
0.00008989, -0.10606770, 0.99435890
0.59864720, 0.20514140
-0.32486100, 0.05035000, -0.01398100
-0.58745180, 0.56332530, 0.58100340
0.33601640, 0.23034570
0.33805500, -0.15240800, -0.01418700
0.81757560, 0.32980210, 0.47201760
0.47255580, 0.27057930
0.33801100, 0.05035000, -0.01398100
0.47239300, 0.49786860, 0.72730440
0.47573780, 0.22987540
-0.32490500, -0.15238200, -0.01418700
-0.76245220, 0.36386810, 0.53503890
0.33962000, 0.27141590
-0.32490500, -0.16745600, 0.21483500
-0.53402950, 0.59237390, 0.60324590
0.34071910, 0.31914620
0.35737500, -0.30400900, 0.21483700
0.73211870, 0.10359010, 0.67325430
0.40662540, 0.34819230
0.33805500, -0.16745600, 0.21483500
0.53625570, 0.59167350, 0.60195710
0.47212780, 0.31826620
-0.34422500, -0.30400900, 0.21483700
-0.73054210, 0.09951279, 0.67557780
0.33531240, 0.34677110
0.00657500, -0.30405800, -0.07092100
0.00000430, 1.00000000, -0.00000477
0.90772510, 0.97433240
0.00657500, -0.30405800, 0.48682300
0.00000405, 1.00000000, -0.00000515
0.90894540, 0.88521360
0.00657500, -0.07545500, 0.48682200
-0.00190487, -0.25711730, -0.96637830
0.90920390, 0.85086500
0.00657500, -0.30405800, 0.48682300
0.00000019, -0.00000617, -1.00000000
0.90894540, 0.88521360
0.00000000, 0.06584500, 0.40286700
0.00338813, -0.46223290, -0.88675210
0.90934690, 0.82546370
0.00000000, 0.31159300, 0.32483100
0.00000000, -0.99996590, 0.00825800
0.90648530, 0.55854270
0.00000000, 0.06584500, 0.40286700
-0.00613260, 0.97011330, -0.24257500
0.90934690, 0.82546370
-0.11241200, 0.09001400, 0.49233200
0.01348752, 0.96944310, -0.24494520
0.92813580, 0.81043680
0.00000000, 0.09001400, 0.49852200
0.00000008, 0.96953130, -0.24496750
0.90934560, 0.80933540
0.28656200, 0.26777900, -0.04482800
-0.12760760, -0.17003760, 0.97714050
0.68972030, 0.21438170
0.35732900, 0.06589800, -0.07071700
0.11900850, -0.06331965, 0.99087210
0.70433590, 0.26098060
0.36906800, 0.06321800, -0.07279500
0.15693760, -0.02280138, 0.98734530
0.70851590, 0.26159480
0.25066600, 0.29551700, -0.04482800
-0.02725305, -0.12182750, 0.99217710
0.68146870, 0.20810870
0.35737500, -0.07540300, -0.07092200
0.05402405, 0.00450212, 0.99852950
0.70433780, 0.29327860
0.39859300, -0.07808200, -0.07300000
0.04709238, 0.00467768, 0.99887960
0.71526130, 0.29389080
0.35737500, -0.30400500, -0.07092100
0.00604568, 0.00810035, 0.99994890
0.70434920, 0.34552970
0.40516800, -0.30668400, -0.07092100
0.00051076, 0.00911026, 0.99995840
0.71527240, 0.34613870
0.40516800, -0.30668400, -0.07092100
0.05247284, 0.99861040, 0.00489470
0.84074030, 0.96936920
0.30754300, -0.30400500, 0.42900200
0.01010435, 0.99994890, 0.00017435
0.86120020, 0.88999080
0.40516800, -0.30668400, 0.37277100
0.02743603, 0.99962350, 0.00000005
0.84419550, 0.89472780
0.35737500, -0.30400500, -0.07092100
0.02969390, 0.99955460, 0.00296481
0.84882720, 0.97082130
0.40516800, -0.30668400, 0.37277100
-0.49911810, -0.00000548, -0.86653390
0.84419550, 0.89472780
0.30754300, -0.07540300, 0.42900100
-0.32493140, -0.18502660, -0.92746140
0.85979850, 0.85315820
0.40516800, -0.07808200, 0.37276900
-0.44972210, -0.11389650, -0.88587680
0.84168990, 0.85408590
0.30754300, -0.30400500, 0.42900200
-0.34988190, -0.00000600, -0.93679380
0.86120020, 0.88999080
0.30092800, 0.06589800, 0.37749700
-0.17092730, -0.25577660, -0.95150520
0.85876000, 0.82919470
0.36906800, 0.06321800, 0.37177200
-0.08481935, -0.02869995, -0.99598290
0.84760000, 0.83022890
0.25066500, 0.29551700, 0.27142100
-0.07310346, -0.99718150, 0.01687813
0.84906830, 0.54633550
0.25066600, 0.29551700, -0.04482800
-0.05188583, -0.99865300, -0.00000001
0.84906240, 0.47403620
0.11166600, 0.30856900, 0.31839900
-0.05783149, -0.99816670, 0.01785593
0.88097130, 0.55706670
0.30092800, 0.06589800, 0.37749700
0.03302740, 0.98764430, -0.15319240
0.85876000, 0.82919470
0.11241200, 0.09001400, 0.49233200
-0.01040300, 0.97396270, -0.22646940
0.89055240, 0.81028000
0.30043900, 0.07373400, 0.44590300
0.05792063, 0.99188070, -0.11321660
0.85928690, 0.81808910
-0.34417900, 0.06589800, -0.07071700
-0.65862700, 0.63793870, 0.39905470
0.32023220, 0.23249700
-0.34422500, -0.07540300, -0.07092300
-0.94810180, 0.01556379, 0.31758600
0.33733570, 0.25642310
-0.32486100, 0.05035000, -0.01398100
-0.68986930, 0.69208320, 0.21237030
0.33601640, 0.23034570
-0.34422500, -0.30401000, -0.01418500
-0.99654010, 0.07308443, 0.03957966
0.30626510, 0.28129720
-0.34422500, -0.30400500, -0.07092100
-1.00000000, -0.00000033, 0.00000000
0.30111290, 0.27352880
0.35737500, -0.30400500, -0.07092100
0.99223470, 0.09759988, 0.07710055
0.51101650, 0.27217900
0.35737500, -0.30401000, -0.01418500
0.99166980, 0.12877720, 0.00272568
0.50599660, 0.28001070
0.35737500, -0.07540300, -0.07092200
0.94665650, -0.00010268, 0.32224460
0.47453000, 0.25578140
0.35732900, 0.06589800, -0.07071700
0.65863030, 0.63792510, 0.39907100
0.49156170, 0.23178430
0.35732900, 0.06589800, -0.07071700
0.65863030, 0.63792510, 0.39907100
0.47804740, 0.21772660
0.00657500, 0.06584500, -0.07071700
-0.00000005, 0.96464600, 0.26354910
0.40587200, 0.21780510
-0.34422500, -0.30400900, 0.21483700
-0.73054210, 0.09951279, 0.67557780
0.31487370, 0.32465110
0.35737500, -0.30400900, 0.21483700
0.73211870, 0.10359010, 0.67325430
0.49802570, 0.32346510
-0.34417900, 0.06589800, -0.07071700
-0.65862700, 0.63793870, 0.39905470
0.33369630, 0.21788380
0.12527900, 0.10275300, 0.30700800
-0.49999980, 0.81196010, 0.30119930
0.94401840, 0.41061750
0.22084600, 0.08373300, 0.31236900
-0.10150520, -0.50538750, 0.85690150
0.95635550, 0.41245160
0.23006600, 0.10275300, 0.30700800
0.50000040, 0.81195960, 0.30119970
0.95754560, 0.41061750
0.13449800, 0.08373300, 0.31236900
0.10150440, -0.50538790, 0.85690130
0.94520850, 0.41245160
0.22084600, 0.09183000, 0.29054100
-0.10150500, 0.17571760, -0.97919360
0.95635550, 0.41236020
0.13449800, 0.09183000, 0.29054100
0.10150460, 0.17571690, -0.97919370
0.94520850, 0.41236020
0.26402000, 0.01362200, 0.28636100
-0.20300860, -0.34055300, 0.91804750
0.96192900, 0.42082700
0.28245900, 0.01767000, 0.27544700
1.00000000, 0.00000018, -0.00000100
0.96430930, 0.42078130
0.26402000, 0.02171900, 0.26453300
-0.20300950, 0.34055210, -0.91804760
0.96192900, 0.42073540
0.22084600, -0.05649000, 0.26035300
-0.10150440, -0.17571580, 0.97919400
0.95635550, 0.42920220
0.23006500, -0.06741200, 0.24388500
0.49999950, -0.81196020, -0.30119950
0.95754560, 0.43094490
0.22084600, -0.04839200, 0.23852500
-0.10150420, 0.50538860, -0.85690100
0.95635550, 0.42911060
0.13449800, -0.05649000, 0.26035300
0.10150390, -0.17571730, 0.97919370
0.94520850, 0.42920220
0.12527900, -0.06741200, 0.24388500
-0.50000020, -0.81195980, -0.30119940
0.94401840, 0.43094490
0.13449800, -0.04839200, 0.23852500
0.10150480, 0.50538870, -0.85690080
0.94520850, 0.42911060
0.09132400, 0.01362200, 0.28636100
0.20300980, -0.34055260, 0.91804740
0.93963510, 0.42082700
0.07288500, 0.01767000, 0.27544700
-1.00000000, 0.00000018, 0.00000021
0.93725480, 0.42078130
0.09132400, 0.02171900, 0.26453300
0.20301020, 0.34055260, -0.91804720
0.93963510, 0.42073540
0.16526300, -0.05861500, 0.48418600
0.00000000, -0.34308290, 0.93930510
0.94648550, 0.42223270
0.18988600, -0.05861500, 0.48418600
0.00000000, -0.34308290, 0.93930510
0.95616770, 0.42223270
0.17757400, -0.04705100, 0.48841000
0.00000000, -0.34308340, 0.93930490
0.95132660, 0.41803220
0.17757400, -0.07017900, 0.47996200
0.00000000, -0.34308240, 0.93930530
0.95132660, 0.42643360
0.16526300, 0.01862900, 0.27270600
-0.81649620, 0.19808130, -0.54230780
0.94648560, 0.41992150
0.18988600, 0.01862900, 0.27270600
0.81649660, 0.19808060, -0.54230760
0.95616770, 0.41992150
0.17757400, 0.00706500, 0.26848200
-0.00000048, -0.56886130, -0.82243350
0.95132670, 0.42412220
0.17757400, 0.03019300, 0.27693000
0.00000048, 0.96501860, -0.26218130
0.95132670, 0.41572080
0.16526300, -0.05861500, 0.48418600
-1.00000000, 0.00000038, -0.00000052
0.94648550, 0.42223270
0.17757400, -0.04705100, 0.48841000
-0.00000059, 0.93930460, 0.34308410
0.95132660, 0.41803220
0.18988600, -0.05861500, 0.48418600
1.00000000, -0.00000051, 0.00000064
0.95616770, 0.42223270
0.17757400, -0.07017900, 0.47996200
-0.00000064, -0.93930470, -0.34308400
0.95132660, 0.42643360
0.39859300, -0.07808200, 0.37069100
0.99467530, 0.10305790, 0.00000020
0.66031060, 0.13556030
0.36906800, 0.06321800, -0.07279500
0.97885860, 0.20453800, 0.00000023
0.76251510, 0.10285000
0.36906800, 0.06321800, 0.37177200
0.97885870, 0.20453770, 0.00000012
0.66006190, 0.10285000
0.39859300, -0.07808200, -0.07300000
0.99470540, 0.10276750, 0.00000026
0.76256210, 0.13556030
0.39859300, -0.30668400, -0.07299900
1.00000000, 0.00000000, 0.00000026
0.76256250, 0.18848060
0.39859300, -0.30668400, 0.37069300
1.00000000, 0.00000000, 0.00000026
0.66031100, 0.18848060
0.37021900, -0.08126400, 0.35384600
-0.99379720, -0.11120780, -0.00000011
0.86446650, 0.61975690
0.34069400, 0.04933000, -0.05594100
-0.97538220, -0.22052120, -0.00000014
0.96189660, 0.58610120
0.37021900, -0.08126400, -0.05613100
-0.99383210, -0.11089580, -0.00000020
0.96194180, 0.61975690
0.34069400, 0.04933000, 0.35484500
-0.97538230, -0.22052050, 0.00000009
0.86422920, 0.58610120
0.37021900, -0.29254400, -0.05612900
-1.00000000, -0.00000013, -0.00000021
0.96194140, 0.67420670
0.37021900, -0.29254400, 0.35384800
-1.00000000, 0.00000000, -0.00000028
0.86446630, 0.67420670
0.36906800, 0.06321800, 0.37177200
-0.43962770, 0.89818010, 0.00000004
0.86020460, 0.58252200
0.34069400, 0.04933000, -0.05594100
-0.43962770, 0.89818010, 0.00000004
0.96189660, 0.58610120
0.34069400, 0.04933000, 0.35484500
-0.43962770, 0.89818010, 0.00000004
0.86422920, 0.58610120
0.36906800, 0.06321800, -0.07279500
-0.43962870, 0.89817970, 0.00000012
0.96590370, 0.58252200
0.36906800, 0.06321800, -0.07279500
-0.47461420, -0.10458060, -0.87395890
0.96590370, 0.58252200
0.37021900, -0.08126400, -0.05613100
-0.50388650, -0.05178564, -0.86221610
0.96194180, 0.61975690
0.34069400, 0.04933000, -0.05594100
-0.46943650, -0.10485760, -0.87671790
0.96189660, 0.58610120
0.39859300, -0.07808200, -0.07300000
-0.50604540, -0.05190550, -0.86094360
0.96595260, 0.61893700
0.37021900, -0.29254400, -0.05612900
-0.51104000, -0.00000617, -0.85955700
0.96194140, 0.67420670
0.39859300, -0.30668400, -0.07299900
-0.51104000, -0.00000617, -0.85955700
0.96595220, 0.67785100
0.39859300, -0.30668400, -0.07299900
-0.44604420, -0.89501090, -0.00000025
0.96595220, 0.67785100
0.37021900, -0.29254400, 0.35384800
-0.44604420, -0.89501090, -0.00000025
0.86446630, 0.67420670
0.37021900, -0.29254400, -0.05612900
-0.44604420, -0.89501090, -0.00000025
0.96194140, 0.67420670
0.39859300, -0.30668400, 0.37069300
-0.44604400, -0.89501110, -0.00000023
0.86046120, 0.67785100
0.39859300, -0.30668400, 0.37069300
-0.51049290, 0.00000513, 0.85988200
0.86046120, 0.67785100
0.37021900, -0.08126400, 0.35384600
-0.50464830, -0.05948654, 0.86127320
0.86446650, 0.61975690
0.37021900, -0.29254400, 0.35384800
-0.51049290, 0.00000512, 0.85988190
0.86446630, 0.67420670
0.39859300, -0.07808200, 0.37069100
-0.50239490, -0.05877831, 0.86263810
0.86046150, 0.61893700
0.34069400, 0.04933000, 0.35484500
-0.47451870, -0.10696610, 0.87372210
0.86422920, 0.58610120
0.36906800, 0.06321800, 0.37177200
-0.47103930, -0.10512330, 0.87582590
0.86020460, 0.58252200
0.36906800, 0.06321800, -0.07279500
0.92740770, 0.37405200, 0.00000002
0.62178780, 0.07526183
0.28656200, 0.26777900, 0.22390500
0.92740770, 0.37405190, 0.00000008
0.55415400, 0.02471751
0.36906800, 0.06321800, 0.37177200
0.92740780, 0.37405180, 0.00000014
0.52044730, 0.07526183
0.28656200, 0.26777900, -0.04482800
0.92740770, 0.37405210, -0.00000008
0.61541270, 0.02471751
0.48832700, 0.05362100, 0.23435300
-0.11139880, 0.03461952, -0.99317260
0.89412490, 0.19411790
0.38285400, 0.10111700, 0.24783900
-0.11139880, 0.03461962, -0.99317260
0.86597150, 0.18190780
0.48084700, 0.11381000, 0.23729000
-0.11139890, 0.03461940, -0.99317260
0.89212830, 0.17864480
0.39033400, 0.04092900, 0.24490200
-0.11139870, 0.03461974, -0.99317260
0.86796800, 0.19738090
0.48832700, 0.05362100, 0.23435300
0.52458910, -0.43829290, 0.72986690
0.89412490, 0.19411790
0.40163200, 0.07180900, 0.26855200
-0.26035230, -0.07930942, 0.96225080
0.87098380, 0.18944220
0.39033400, 0.04092900, 0.24490200
-0.23243580, -0.53634640, 0.81136070
0.86796800, 0.19738090
0.47482500, 0.08129000, 0.26067300
0.46742560, 0.01495597, 0.88390590
0.89052080, 0.18700500
0.38285400, 0.10111700, 0.24783900
-0.34668550, 0.38300530, 0.85622200
0.86597150, 0.18190780
0.48084700, 0.11381000, 0.23729000
0.41033860, 0.48105910, 0.77472860
0.89212830, 0.17864480
0.36398300, 0.05228800, 0.25935200
-0.95130350, -0.30825560, 0.00000000
0.34054410, -0.21151050
0.36185300, 0.05886200, 0.25080000
-0.95130350, -0.30825560, 0.00000000
0.33861930, -0.21311430
0.36398300, 0.05228800, 0.25080000
-0.95130350, -0.30825560, 0.00000000
0.33861930, -0.21151050
0.36185300, 0.05886200, 0.25935200
-0.95130350, -0.30825560, 0.00000000
0.34054410, -0.21311430
0.43516200, 0.07535300, 0.25935200
0.95130460, 0.30825240, 0.00000000
0.86750670, 0.20916750
0.43303200, 0.08192600, 0.25080000
0.95130460, 0.30825240, 0.00000000
0.86825820, 0.20693400
0.43303200, 0.08192600, 0.25935200
0.95130460, 0.30825240, 0.00000000
0.86825820, 0.20693400
0.43516200, 0.07535300, 0.25080000
0.95130460, 0.30825240, 0.00000000
0.86750670, 0.20916750
0.36398300, 0.05228800, 0.25935200
0.21797010, -0.67267320, 0.70710670
0.89261750, 0.21700430
0.43303200, 0.08192600, 0.25935200
-0.21797110, 0.67267390, 0.70710570
0.86825820, 0.20693400
0.36185300, 0.05886200, 0.25935200
-0.21797060, 0.67267260, 0.70710710
0.89336900, 0.21477070
0.43516200, 0.07535300, 0.25935200
0.21796980, -0.67267220, 0.70710770
0.86750670, 0.20916750
0.43303200, 0.08192600, 0.25080000
-0.21797110, 0.67267400, -0.70710560
0.86825820, 0.20693400
0.36185300, 0.05886200, 0.25080000
-0.21797060, 0.67267250, -0.70710720
0.89336900, 0.21477070
0.43516200, 0.07535300, 0.25080000
0.21796980, -0.67267220, -0.70710770
0.86750670, 0.20916750
0.36398300, 0.05228800, 0.25080000
0.21797010, -0.67267320, -0.70710660
0.89261750, 0.21700430
-0.36906800, 0.06321800, -0.07279500
-0.93040710, 0.36647770, 0.00605580
0.37229740, 0.07687140
-0.28656200, 0.26777900, 0.22390500
-0.93216840, 0.36189480, 0.00970525
0.44014480, 0.02648610
-0.28656200, 0.26777900, -0.04482800
-0.92740760, 0.37405220, -0.00000054
0.37869270, 0.02648610
-0.36249300, 0.06321800, 0.37384900
-0.93407980, 0.35679940, 0.01374981
0.47395790, 0.07687140
-0.48846000, 0.05362100, 0.23435300
0.11139900, 0.03461955, -0.99317260
0.10279670, 0.21074160
-0.38298700, 0.10111700, 0.24783900
0.11139900, 0.03461964, -0.99317260
0.13054550, 0.19835350
-0.39046600, 0.04092900, 0.24490200
0.11139890, 0.03461975, -0.99317260
0.12857770, 0.21405220
-0.48098000, 0.11381000, 0.23729000
0.11139910, 0.03461944, -0.99317260
0.10476450, 0.19504280
-0.48846000, 0.05362100, 0.23435300
-0.52458940, -0.43829340, 0.72986640
0.10279670, 0.21074160
-0.40176500, 0.07180900, 0.26855200
0.26035220, -0.07930974, 0.96225080
0.12560520, 0.20599770
-0.47495700, 0.08129000, 0.26067300
-0.46742610, 0.01495601, 0.88390560
0.10634910, 0.20352500
-0.39046600, 0.04092900, 0.24490200
0.23243650, -0.53634730, 0.81135980
0.12857770, 0.21405220
-0.38298700, 0.10111700, 0.24783900
0.34668560, 0.38300560, 0.85622190
0.13054550, 0.19835350
-0.48098000, 0.11381000, 0.23729000
-0.41033890, 0.48105900, 0.77472840
0.10476450, 0.19504280
-0.36411500, 0.05228800, 0.25935200
0.95130350, -0.30825560, 0.00000000
0.33910170, -0.19495870
-0.36198500, 0.05886200, 0.25080000
0.95130350, -0.30825560, 0.00000000
0.33717090, -0.19655750
-0.36198500, 0.05886200, 0.25935200
0.95130350, -0.30825560, 0.00000000
0.33910170, -0.19655750
-0.36411500, 0.05228800, 0.25080000
0.95130350, -0.30825560, 0.00000000
0.33717090, -0.19495870
-0.43529500, 0.07535300, 0.25935200
-0.95130460, 0.30825240, 0.00000000
0.12754450, 0.22248790
-0.43316500, 0.08192600, 0.25080000
-0.95130460, 0.30825240, 0.00000000
0.12680400, 0.22022170
-0.43529500, 0.07535300, 0.25080000
-0.95130460, 0.30825240, 0.00000000
0.12754450, 0.22248790
-0.43316500, 0.08192600, 0.25935200
-0.95130460, 0.30825240, 0.00000000
0.12680400, 0.22022170
-0.36411500, 0.05228800, 0.25935200
-0.21797010, -0.67267290, 0.70710690
0.10279430, 0.23043900
-0.43316500, 0.08192600, 0.25935200
0.21797110, 0.67267420, 0.70710540
0.12680400, 0.22022170
-0.43529500, 0.07535300, 0.25935200
-0.21796980, -0.67267220, 0.70710770
0.12754450, 0.22248790
-0.36198500, 0.05886200, 0.25935200
0.21797060, 0.67267260, 0.70710710
0.10205360, 0.22817280
-0.43316500, 0.08192600, 0.25080000
0.21797110, 0.67267400, -0.70710560
0.12680400, 0.22022170
-0.36198500, 0.05886200, 0.25080000
0.21797070, 0.67267270, -0.70710690
0.10205360, 0.22817280
-0.43529500, 0.07535300, 0.25080000
-0.21796970, -0.67267190, -0.70710800
0.12754450, 0.22248790
-0.36411500, 0.05228800, 0.25080000
-0.21797010, -0.67267320, -0.70710660
0.10279430, 0.23043900
-0.39201800, -0.07808200, 0.37276900
-0.99506170, 0.09880154, 0.00951124
0.34013860, 0.13549170
-0.36906800, 0.06321800, -0.07279500
-0.97876450, 0.20447950, 0.01443041
0.23792970, 0.10277990
-0.39859300, -0.07808200, -0.07300000
-0.99594640, 0.08874088, 0.01468952
0.23788240, 0.13549170
-0.36249300, 0.06321800, 0.37385000
-0.97877930, 0.20441020, 0.01440770
0.34038770, 0.10277990
-0.39201800, -0.30668400, -0.07092100
-0.99974690, -0.01999954, 0.01030409
0.23788280, 0.18841420
-0.39201800, -0.30668400, 0.37277000
-1.00000000, 0.00000000, -0.00000026
0.34013880, 0.18841420
-0.37021900, -0.08126400, 0.35384600
0.99379720, -0.11120780, 0.00000020
0.96163100, 0.73328750
-0.34069400, 0.04933000, -0.05594100
0.97538210, -0.22052140, 0.00000015
0.86389330, 0.69973770
-0.34069400, 0.04933000, 0.35484500
0.97538230, -0.22052050, 0.00000045
0.96186910, 0.69973770
-0.37021900, -0.08126400, -0.05613100
0.99383210, -0.11089590, 0.00000008
0.86384800, 0.73328750
-0.37021900, -0.29254400, -0.05612900
1.00000000, -0.00000013, 0.00000006
0.86384840, 0.78756590
-0.37021900, -0.29254400, 0.35384800
1.00000000, 0.00000000, 0.00000000
0.96163120, 0.78756590
-0.36249300, 0.06321800, 0.37385000
0.44273960, 0.89662650, -0.00651716
0.96590630, 0.69616980
-0.34069400, 0.04933000, -0.05594100
0.44273960, 0.89662650, -0.00651716
0.86389330, 0.69973770
-0.36906800, 0.06321800, -0.07279500
0.44273960, 0.89662650, -0.00651716
0.85987360, 0.69616980
-0.34069400, 0.04933000, -0.05594100
0.53731370, 0.84338250, 0.00000025
0.86389330, 0.69973770
-0.36249300, 0.06321800, 0.37385000
0.53731370, 0.84338250, 0.00000025
0.96590630, 0.69616980
-0.34069400, 0.04933000, 0.35484500
0.53731370, 0.84338250, 0.00000025
0.96186910, 0.69973770
-0.36906800, 0.06321800, -0.07279500
0.47461450, -0.10458070, -0.87395880
0.85987360, 0.69616980
-0.37021900, -0.08126400, -0.05613100
0.50388680, -0.05178567, -0.86221600
0.86384800, 0.73328750
-0.39859300, -0.07808200, -0.07300000
0.50800320, -0.05206804, -0.85978000
0.85982450, 0.73247020
-0.34069400, 0.04933000, -0.05594100
0.46943690, -0.10485760, -0.87671770
0.86389330, 0.69973770
-0.37021900, -0.29254400, -0.05612900
0.55429450, 0.00786200, -0.83228350
0.86384840, 0.78756590
-0.39201800, -0.30668400, -0.07092100
0.55768730, 0.00848990, -0.83000770
0.85982500, 0.79119870
-0.39201800, -0.30668400, -0.07092100
0.54420710, -0.83895090, 0.00000014
0.85982500, 0.79119870
-0.37021900, -0.29254400, 0.35384800
0.54420710, -0.83895090, 0.00000014
0.96163120, 0.78756590
-0.39201800, -0.30668400, 0.37277000
0.54420710, -0.83895090, 0.00000014
0.96564890, 0.79119870
-0.37021900, -0.29254400, 0.35384800
0.54421070, -0.83894860, -0.00000012
0.96163120, 0.78756590
-0.39201800, -0.30668400, -0.07092100
0.54421070, -0.83894860, -0.00000012
0.85982500, 0.79119870
-0.37021900, -0.29254400, -0.05612900
0.54421070, -0.83894860, -0.00000012
0.86384840, 0.78756590
-0.39201800, -0.30668400, 0.37277000
0.65552680, 0.00000450, 0.75517200
0.96564890, 0.79119870
-0.37021900, -0.08126400, 0.35384600
0.64758920, -0.07369128, 0.75841800
0.96163100, 0.73328750
-0.39201800, -0.07808200, 0.37276900
0.64470220, -0.07535844, 0.76071030
0.96564870, 0.73247020
-0.37021900, -0.29254400, 0.35384800
0.65552680, 0.00000450, 0.75517190
0.96163120, 0.78756590
-0.34069400, 0.04933000, 0.35484500
0.60619930, -0.13390330, 0.78395940
0.96186910, 0.69973770
-0.36249300, 0.06321800, 0.37385000
0.60233650, -0.13188120, 0.78727260
0.96590630, 0.69616980
-0.27615200, -0.01221100, 1.04936900
-0.04704725, 0.99445970, 0.09400229
0.81832300, 0.45972560
0.00000000, 0.04816900, 0.54881300
0.00057262, 0.99556820, 0.09404026
0.86061870, 0.37976770
-0.27615200, 0.03441100, 0.54881300
-0.04954467, 0.99446760, 0.09262542
0.81832300, 0.37976770
0.00000000, -0.00133700, 1.06917600
0.00053780, 0.99556790, 0.09404417
0.86061870, 0.46288960
0.27615200, 0.03441100, 0.54881300
0.04838307, 0.99439680, 0.09398989
0.90291450, 0.37976770
0.27615200, -0.01221100, 1.04936900
0.04581099, 0.99464510, 0.09264196
0.90291450, 0.45972560
-0.27615200, -0.01221100, 1.04936900
0.07610950, 0.39188360, -0.91686130
0.81832300, 0.45972560
0.00000000, 0.02297500, 1.08733200
-0.00867977, 0.59299950, -0.80515600
0.86061870, 0.46578970
0.00000000, -0.00133700, 1.06917600
-0.00993247, 0.59348320, -0.80478510
0.86061870, 0.46288960
-0.30234300, 0.00698000, 1.05510700
0.07796272, 0.38176630, -0.92096490
0.81431140, 0.46064220
0.30221800, 0.00698700, 1.05512000
-0.05347094, 0.38681260, -0.92060680
0.90690680, 0.46064420
0.27615200, -0.01221100, 1.04936900
-0.05315906, 0.35212330, -0.93444280
0.90291450, 0.45972560
0.27615200, -0.01221100, 1.04936900
-0.66693720, 0.72742780, 0.16137980
0.90291450, 0.45972560
0.30221800, 0.00698700, 1.05512000
-0.60932790, 0.76622010, 0.20402530
0.90690680, 0.46064420
0.30119500, 0.02587500, 0.98112800
-0.76286180, 0.64180930, 0.07824708
0.90675020, 0.44882490
0.30158100, 0.06838800, 0.53374800
-0.78669850, 0.61467400, 0.05728377
0.90680920, 0.37736110
0.27615200, 0.03441100, 0.54881300
-0.78695270, 0.61435430, 0.05722124
0.90291450, 0.37976770
0.27615200, 0.03441100, 0.54881300
0.02016682, 0.39229890, 0.91961670
0.90291450, 0.37976770
0.00000000, 0.08385300, 0.53377800
-0.00029024, 0.38848680, 0.92145430
0.86061870, 0.37736610
0.00000000, 0.04816900, 0.54881300
-0.00031338, 0.38847810, 0.92145790
0.86061870, 0.37976770
0.30158100, 0.06838800, 0.53374800
0.02022421, 0.39258220, 0.91949450
0.90680920, 0.37736110
-0.30158100, 0.06838800, 0.53374700
-0.01963231, 0.39239260, 0.91958830
0.81442820, 0.37736110
-0.27615200, 0.03441100, 0.54881300
-0.01957921, 0.39299410, 0.91933250
0.81832300, 0.37976770
-0.27615200, 0.03441100, 0.54881300
0.78667360, 0.61466620, 0.05770700
0.81832300, 0.37976770
-0.30119500, 0.02587500, 0.98112800
0.76319630, 0.64143840, 0.07802724
0.81448730, 0.44882490
-0.27615200, -0.01221100, 1.04936900
0.66563250, 0.72842450, 0.16226860
0.81832300, 0.45972560
-0.30158100, 0.06838800, 0.53374700
0.78682140, 0.61447660, 0.05771182
0.81442820, 0.37736110
-0.30234300, 0.00698000, 1.05510700
0.60732500, 0.76743220, 0.20543690
0.81431140, 0.46064220
0.00000000, 0.08385300, 0.53377800
-0.00000002, 0.99542670, 0.09552817
0.69108480, 0.68207350
-0.30119500, 0.02587500, 0.98112800
-0.06006959, 0.98483900, 0.16273860
0.58947970, 0.83671440
0.00000000, 0.04025300, 0.98115800
-0.00000003, 0.99167660, 0.12875400
0.69110390, 0.83679260
-0.30158100, 0.06838800, 0.53374700
-0.05099240, 0.99421620, 0.09451935
0.58934960, 0.68204120
0.00000000, 0.02297500, 1.08733200
-0.00000005, 0.98462550, 0.17467860
0.69108360, 0.87343240
-0.30234300, 0.00698000, 1.05510700
-0.07729637, 0.96628400, 0.24560210
0.58904000, 0.86249850
0.30119500, 0.02587500, 0.98112800
0.06006045, 0.98484670, 0.16269520
0.79268690, 0.83671440
0.30158100, 0.06838800, 0.53374700
0.05099237, 0.99421620, 0.09451934
0.79281720, 0.68204120
0.30221800, 0.00698700, 1.05512000
0.07729624, 0.96628410, 0.24560210
0.79298970, 0.86236740
0.00000000, 0.07336600, 0.53258500
0.00000001, -0.99542670, -0.09552826
0.69108490, 0.68201030
-0.30119500, 0.01538900, 0.97993500
0.06006951, -0.98483900, -0.16273870
0.58928660, 0.83683330
-0.30158100, 0.05790100, 0.53255500
0.05099227, -0.99421620, -0.09451944
0.58917460, 0.68197830
0.00000000, 0.02976700, 0.97996500
0.00000003, -0.99167660, -0.12875400
0.69110320, 0.83691220
0.00000000, 0.01248800, 1.08613900
0.00000004, -0.98462550, -0.17467860
0.69108560, 0.87373420
-0.30234300, -0.00350600, 1.05391400
0.07729638, -0.96628400, -0.24560230
0.58882430, 0.86279670
0.30119500, 0.01538900, 0.97993500
-0.06006045, -0.98484670, -0.16269550
0.79288180, 0.83683180
0.30158100, 0.05790100, 0.53255500
-0.05099225, -0.99421620, -0.09451944
0.79299190, 0.68197750
0.30221800, -0.00350000, 1.05392700
-0.07729643, -0.96628390, -0.24560280
0.79319950, 0.86266800
-0.30234300, 0.00698000, 1.05510700
-0.09942745, -0.11244120, 0.98867140
0.58904000, 0.86249850
0.00000000, 0.01248800, 1.08613900
-0.09942745, -0.11244120, 0.98867140
0.69108560, 0.87373420
0.00000000, 0.02297500, 1.08733200
-0.09942745, -0.11244120, 0.98867140
0.69108360, 0.87343240
0.00000000, 0.01248800, 1.08613900
-0.09942701, -0.11245570, 0.98866980
0.69108560, 0.87373420
-0.30234300, 0.00698000, 1.05510700
-0.09942701, -0.11245570, 0.98866980
0.58904000, 0.86249850
-0.30234300, -0.00350600, 1.05391400
-0.09942701, -0.11245570, 0.98866980
0.58882430, 0.86279670
0.00000000, 0.02297500, 1.08733200
0.09942658, -0.11245530, 0.98866990
0.69108360, 0.87343240
0.30221800, -0.00350000, 1.05392700
0.09942658, -0.11245530, 0.98866990
0.79319950, 0.86266800
0.30221800, 0.00698700, 1.05512000
0.09942658, -0.11245530, 0.98866990
0.79298970, 0.86236740
0.30221800, -0.00350000, 1.05392700
0.09942800, -0.11244090, 0.98867140
0.79319950, 0.86266800
0.00000000, 0.02297500, 1.08733200
0.09942800, -0.11244090, 0.98867140
0.69108360, 0.87343240
0.00000000, 0.01248800, 1.08613900
0.09942800, -0.11244090, 0.98867140
0.69108560, 0.87373420
0.30221800, 0.00698700, 1.05512000
0.99990860, 0.00152837, -0.01343776
0.79298970, 0.86236740
0.30119500, 0.01538900, 0.97993500
0.99990860, 0.00152837, -0.01343776
0.79288180, 0.83683180
0.30119500, 0.02587500, 0.98112800
0.99990860, 0.00152837, -0.01343776
0.79268690, 0.83671440
0.30221800, -0.00350000, 1.05392700
0.99990860, 0.00152846, -0.01343775
0.79319950, 0.86266800
0.30119500, 0.02587500, 0.98112800
0.99999960, -0.00009710, 0.00085376
0.79268690, 0.83671440
0.30158100, 0.05790100, 0.53255500
0.99999960, -0.00009710, 0.00085376
0.79299190, 0.68197750
0.30158100, 0.06838800, 0.53374700
0.99999960, -0.00009710, 0.00085376
0.79281720, 0.68204120
0.30119500, 0.01538900, 0.97993500
0.99999960, -0.00009710, 0.00085376
0.79288180, 0.83683180
0.30158100, 0.06838800, 0.53374700
0.00569419, 0.11300310, -0.99357830
0.79281720, 0.68204120
0.00000000, 0.07336600, 0.53258500
0.00569419, 0.11300310, -0.99357830
0.69108490, 0.68201030
0.00000000, 0.08385300, 0.53377800
0.00569419, 0.11300310, -0.99357830
0.69108480, 0.68207350
0.30158100, 0.05790100, 0.53255500
0.00569420, 0.11300360, -0.99357830
0.79299190, 0.68197750
0.00000000, 0.08385300, 0.53377800
-0.00569427, 0.11300710, -0.99357780
0.69108480, 0.68207350
-0.30158100, 0.05790100, 0.53255500
-0.00569427, 0.11300710, -0.99357780
0.58917460, 0.68197830
-0.30158100, 0.06838800, 0.53374700
-0.00569427, 0.11300710, -0.99357780
0.58934960, 0.68204120
-0.30158100, 0.05790100, 0.53255500
-0.00569393, 0.11300310, -0.99357830
0.58917460, 0.68197830
0.00000000, 0.08385300, 0.53377800
-0.00569393, 0.11300310, -0.99357830
0.69108480, 0.68207350
0.00000000, 0.07336600, 0.53258500
-0.00569393, 0.11300310, -0.99357830
0.69108490, 0.68201030
-0.30158100, 0.06838800, 0.53374700
-0.99999960, -0.00009707, 0.00085347
0.58934960, 0.68204120
-0.30119500, 0.01538900, 0.97993500
-0.99999960, -0.00009707, 0.00085347
0.58928660, 0.83683330
-0.30119500, 0.02587500, 0.98112800
-0.99999960, -0.00009707, 0.00085347
0.58947970, 0.83671440
-0.30158100, 0.05790100, 0.53255500
-0.99999960, -0.00009707, 0.00085347
0.58917460, 0.68197830
-0.30119500, 0.02587500, 0.98112800
-0.99988480, 0.00171498, -0.01507746
0.58947970, 0.83671440
-0.30234300, -0.00350600, 1.05391400
-0.99988480, 0.00171498, -0.01507746
0.58882430, 0.86279670
-0.30234300, 0.00698000, 1.05510700
-0.99988480, 0.00171498, -0.01507746
0.58904000, 0.86249850
-0.30119500, 0.01538900, 0.97993500
-0.99988480, 0.00171487, -0.01507751
0.58928660, 0.83683330
# Number of Faces:
653
# Face Data:
0, 1, 2
0, 3, 4
3, 0, 2
5, 6, 7
6, 5, 8
9, 10, 11
10, 9, 12
4, 13, 14
13, 4, 3
7, 15, 16
15, 7, 6
17, 18, 19
17, 20, 18
17, 21, 20
22, 23, 24
23, 22, 25
26, 27, 28
27, 29, 28
29, 27, 30
30, 31, 29
31, 30, 32
33, 34, 35
34, 33, 36
12, 37, 38
29, 39, 40
39, 29, 31
35, 41, 42
41, 35, 34
40, 39, 43
44, 42, 41
42, 45, 46
44, 45, 42
47, 48, 49
48, 50, 49
21, 51, 52
51, 21, 17
44, 53, 54
53, 44, 41
55, 36, 56
36, 55, 34
24, 57, 58
57, 24, 23
59, 34, 60
34, 59, 41
61, 34, 55
34, 61, 60
41, 59, 62
62, 53, 41
63, 64, 65
65, 64, 66
66, 64, 67
68, 69, 70
69, 68, 71
71, 72, 69
72, 73, 69
73, 72, 74
74, 75, 73
75, 76, 73
76, 75, 77
9, 78, 79
80, 81, 82
81, 80, 83
81, 84, 82
84, 81, 85
86, 87, 88
87, 86, 89
90, 91, 92
91, 90, 93
82, 94, 95
94, 82, 84
88, 96, 97
96, 88, 87
92, 98, 99
98, 92, 91
100, 101, 102
100, 103, 101
104, 105, 106
105, 104, 95
95, 107, 105
107, 95, 94
99, 108, 109
108, 99, 98
110, 95, 111
95, 110, 82
112, 95, 104
95, 112, 111
82, 110, 113
113, 80, 82
114, 115, 116
116, 115, 117
117, 115, 118
119, 120, 121
120, 119, 122
122, 123, 120
123, 124, 120
124, 123, 125
125, 126, 124
126, 100, 124
100, 126, 103
127, 128, 129
128, 127, 130
131, 132, 133
132, 131, 134
135, 136, 137
136, 135, 138
97, 139, 140
139, 97, 96
138, 141, 136
141, 138, 142
142, 143, 141
143, 142, 144
6, 145, 146
145, 6, 8
33, 147, 148
147, 33, 149
149, 150, 147
150, 149, 151
151, 152, 150
152, 151, 85
85, 153, 152
153, 85, 81
81, 154, 153
154, 81, 83
155, 56, 156
56, 157, 156
157, 56, 36
36, 148, 157
148, 36, 33
154, 155, 156
155, 154, 158
154, 83, 158
159, 160, 161
160, 159, 162
163, 9, 164
9, 163, 12
165, 2, 1
165, 166, 2
166, 165, 167
5, 168, 8
168, 5, 169
170, 164, 171
164, 170, 163
167, 172, 166
172, 167, 173
169, 174, 168
174, 169, 175
176, 177, 178
177, 176, 179
180, 23, 25
23, 180, 181
26, 28, 182
182, 183, 184
183, 182, 28
184, 185, 186
185, 184, 183
187, 188, 189
188, 187, 190
163, 191, 192
163, 37, 12
37, 163, 192
183, 193, 185
193, 183, 194
190, 195, 188
195, 190, 196
197, 198, 199
198, 197, 200
201, 202, 194
194, 202, 193
196, 203, 195
203, 196, 204
205, 206, 207
207, 206, 50
207, 50, 48
208, 21, 52
208, 179, 21
208, 177, 179
203, 209, 195
209, 203, 210
189, 211, 212
211, 189, 188
181, 57, 23
57, 181, 213
214, 188, 195
188, 214, 215
216, 211, 188
188, 215, 216
195, 217, 214
217, 195, 209
218, 219, 220
219, 221, 220
221, 222, 220
223, 221, 224
221, 223, 222
224, 221, 225
225, 219, 226
219, 225, 221
226, 219, 227
227, 218, 228
218, 227, 219
9, 229, 164
229, 9, 79
164, 229, 230
231, 232, 233
232, 231, 234
231, 235, 236
235, 231, 233
237, 238, 239
238, 237, 240
241, 91, 93
91, 241, 242
243, 244, 245
244, 243, 246
233, 247, 235
247, 233, 248
240, 249, 238
249, 240, 250
242, 98, 91
98, 242, 251
100, 102, 252
252, 102, 253
252, 253, 254
255, 256, 248
256, 255, 257
248, 258, 247
258, 248, 256
251, 108, 98
108, 251, 259
260, 248, 233
248, 260, 261
262, 255, 248
248, 261, 262
233, 263, 260
263, 233, 232
264, 265, 266
265, 267, 266
267, 268, 266
269, 270, 271
270, 269, 272
271, 270, 273
273, 274, 275
274, 273, 270
275, 274, 276
276, 252, 254
252, 276, 274
127, 277, 278
277, 127, 129
131, 279, 280
279, 131, 133
281, 282, 283
282, 281, 284
250, 285, 249
285, 250, 286
283, 287, 288
287, 283, 282
288, 289, 290
289, 288, 287
168, 145, 8
145, 168, 291
187, 292, 293
292, 187, 294
293, 295, 296
295, 293, 292
296, 297, 236
297, 296, 295
236, 298, 231
298, 236, 297
231, 299, 234
299, 231, 298
300, 301, 212
212, 302, 189
302, 212, 301
189, 294, 187
294, 189, 302
299, 300, 303
300, 299, 301
299, 303, 234
304, 305, 306
305, 304, 307
308, 309, 310
311, 312, 313
312, 311, 314
312, 315, 313
315, 312, 316
316, 317, 315
317, 316, 318
318, 319, 317
319, 318, 307
320, 197, 199
197, 320, 321
218, 220, 322
220, 323, 322
323, 220, 222
324, 198, 200
198, 324, 325
67, 326, 327
326, 67, 64
328, 76, 329
115, 114, 330
331, 244, 246
244, 331, 332
268, 333, 266
334, 243, 245
243, 334, 335
336, 337, 338
337, 336, 339
340, 341, 342
341, 340, 343
344, 345, 346
345, 344, 347
348, 349, 350
349, 348, 351
338, 352, 353
352, 338, 337
354, 342, 341
355, 350, 349
346, 356, 357
356, 346, 345
358, 350, 355
353, 357, 356
357, 353, 352
359, 354, 341
336, 360, 339
360, 336, 361
340, 362, 343
362, 340, 363
344, 364, 347
364, 344, 365
348, 366, 351
366, 348, 367
361, 368, 360
368, 361, 369
370, 362, 363
371, 366, 367
365, 372, 364
372, 365, 373
374, 371, 367
369, 373, 368
373, 369, 372
375, 362, 370
376, 377, 378
377, 376, 379
380, 381, 382
381, 380, 383
384, 385, 386
385, 384, 387
388, 389, 390
389, 388, 391
379, 392, 377
392, 379, 393
383, 394, 381
391, 395, 389
387, 396, 385
396, 387, 397
391, 398, 395
393, 397, 392
397, 393, 396
394, 399, 381
376, 400, 401
400, 376, 378
380, 402, 403
402, 380, 382
384, 404, 405
404, 384, 386
388, 406, 407
406, 388, 390
401, 408, 409
408, 401, 400
403, 402, 410
407, 406, 411
405, 412, 413
412, 405, 404
407, 411, 414
409, 413, 412
413, 409, 408
410, 402, 415
416, 118, 115
115, 330, 416
417, 264, 266
266, 333, 417
418, 419, 420
419, 418, 421
418, 422, 423
422, 418, 420
424, 422, 425
422, 424, 423
426, 419, 421
419, 426, 427
426, 428, 427
428, 426, 429
428, 430, 431
430, 428, 429
176, 21, 179
21, 176, 20
40, 43, 432
18, 433, 19
434, 435, 436
435, 434, 437
438, 439, 440
439, 438, 441
441, 442, 439
442, 441, 443
443, 444, 442
444, 443, 445
446, 447, 448
447, 446, 449
450, 451, 452
451, 450, 453
453, 454, 451
454, 453, 455
456, 457, 458
436, 459, 460
459, 436, 435
440, 461, 462
461, 440, 439
463, 464, 465
464, 463, 466
467, 468, 469
468, 467, 470
471, 447, 472
447, 471, 448
452, 473, 474
473, 452, 451
451, 475, 473
475, 451, 454
460, 459, 476
477, 478, 479
480, 481, 482
481, 480, 483
482, 484, 485
484, 482, 481
485, 486, 487
486, 485, 484
488, 489, 490
489, 488, 491
492, 493, 494
493, 492, 495
494, 496, 497
496, 494, 493
498, 459, 499
459, 498, 500
483, 461, 481
461, 483, 462
491, 472, 489
472, 491, 471
495, 473, 493
473, 495, 474
493, 475, 496
475, 493, 473
501, 502, 503
502, 501, 477
500, 476, 459
477, 479, 502
466, 504, 505
466, 506, 504
466, 463, 506
505, 507, 466
507, 505, 508
509, 464, 510
464, 509, 511
511, 465, 464
465, 511, 512
465, 513, 514
514, 463, 465
463, 514, 506
464, 467, 469
467, 464, 466
466, 515, 467
515, 466, 507
510, 469, 516
469, 510, 464
514, 517, 506
518, 519, 520
519, 518, 521
521, 522, 519
522, 521, 523
523, 520, 522
520, 523, 518
520, 524, 525
524, 520, 519
519, 526, 524
526, 519, 522
522, 525, 526
525, 522, 520
525, 527, 528
527, 525, 524
524, 529, 527
529, 524, 526
526, 528, 529
528, 526, 525
528, 530, 531
530, 528, 527
527, 532, 530
532, 527, 529
529, 531, 532
531, 529, 528
531, 533, 534
533, 531, 530
530, 535, 533
535, 530, 532
532, 534, 535
534, 532, 531
534, 521, 518
521, 534, 533
533, 523, 521
523, 533, 535
535, 518, 523
518, 535, 534
536, 537, 538
537, 536, 539
540, 541, 542
541, 540, 543
544, 543, 540
543, 544, 545
545, 541, 543
541, 545, 546
546, 542, 541
542, 546, 547
547, 540, 542
540, 547, 544
548, 549, 550
549, 548, 551
548, 552, 551
552, 548, 553
554, 555, 556
555, 554, 557
554, 558, 559
558, 554, 556
560, 561, 562
561, 560, 563
564, 565, 566
565, 564, 567
567, 568, 565
568, 567, 569
570, 571, 572
571, 570, 573
574, 575, 576
575, 574, 577
577, 578, 575
578, 577, 579
580, 581, 582
581, 580, 583
584, 585, 586
585, 584, 587
588, 589, 590
589, 588, 591
590, 589, 592
592, 591, 593
591, 592, 589
593, 591, 588
594, 595, 596
595, 594, 597
598, 599, 600
599, 598, 601
602, 603, 604
603, 602, 605
604, 606, 607
606, 604, 603
607, 608, 609
608, 607, 606
609, 605, 602
605, 609, 608
610, 611, 612
611, 610, 613
614, 615, 616
615, 614, 617
618, 619, 620
619, 618, 621
621, 622, 619
622, 620, 619
620, 622, 623
623, 618, 620
624, 625, 626
625, 624, 627
628, 629, 630
629, 628, 631
632, 633, 634
633, 632, 635
635, 636, 633
636, 635, 637
637, 638, 636
638, 637, 639
639, 634, 638
634, 639, 632
640, 641, 642
641, 640, 643
640, 644, 645
644, 640, 642
646, 647, 648
647, 646, 649
646, 650, 649
650, 646, 651
652, 653, 654
655, 656, 657
658, 659, 660
659, 658, 661
660, 662, 663
662, 660, 659
664, 665, 666
667, 668, 669
670, 671, 672
671, 670, 673
672, 674, 675
674, 672, 671
676, 677, 678
677, 676, 679
679, 680, 677
680, 679, 681
682, 683, 684
683, 682, 685
684, 686, 687
686, 684, 683
688, 689, 690
688, 691, 692
691, 688, 690
693, 694, 695
694, 693, 696
695, 697, 698
697, 695, 694
699, 700, 701
700, 699, 702
701, 700, 703
704, 705, 706
705, 704, 707
708, 705, 709
705, 708, 706
704, 710, 711
710, 704, 706
710, 708, 712
708, 710, 706
713, 714, 715
714, 713, 716
717, 714, 716
714, 717, 718
713, 719, 716
719, 713, 720
719, 717, 716
717, 719, 721
722, 723, 724
725, 726, 727
728, 729, 730
731, 732, 733
734, 735, 736
735, 734, 737
738, 739, 740
739, 738, 741
742, 743, 744
743, 742, 745
746, 747, 748
749, 750, 751
752, 753, 754
753, 752, 755
756, 757, 758
757, 756, 759
